89.875000 0.000000 0.247000 0.065000
106.875000 0.202952 0.247000 0.165000
121.625000 0.202952 0.247000 0.265000
127.375000 0.417153 0.247000 0.375000
134.625000 0.417153 0.247000 0.475000
139.375000 0.638756 0.245000 0.565000
144.500000 0.638756 0.245000 0.670000
147.500000 0.848909 0.245000 0.775000
153.500000 1.051647 0.245000 0.875000
157.500000 1.051647 0.245000 0.960000
162.750000 1.261004 0.245000 1.075000
168.125000 1.466639 0.245000 1.170000
173.625000 1.466639 0.245000 1.265000
179.000000 1.668911 0.245000 1.365000
183.375000 1.872490 0.245000 1.470000
187.875000 2.076797 0.274000 1.575000
191.750000 2.076797 0.274000 1.680000
193.875000 2.296631 0.274000 1.765000
197.125000 2.532289 0.274000 1.880000
200.375000 2.532289 0.274000 1.965000
202.500000 2.733145 0.274000 2.070000
205.875000 2.937609 0.274000 2.175000
208.125000 3.144647 0.274000 2.275000
210.500000 3.348115 0.274000 2.370000
212.500000 3.554709 0.274000 2.470000
216.000000 3.763160 0.276000 2.560000
218.500000 3.972509 0.276000 2.665000
222.750000 4.181914 0.276000 2.775000
226.250000 4.410808 0.276000 2.880000
229.750000 4.619656 0.276000 2.965000
233.750000 4.828959 0.276000 3.075000
237.875000 5.038664 0.276000 3.170000
241.875000 5.248633 0.276000 3.265000
246.500000 5.448745 0.276000 3.375000
250.750000 5.657869 0.276000 3.480000
255.375000 5.860641 0.276000 3.575000
260.375000 5.860641 0.312000 3.680000
263.875000 6.094027 0.312000 3.765000
265.625000 6.295520 0.312000 3.875000
268.375000 6.541668 0.312000 3.980000
271.625000 6.541668 0.312000 4.065000
275.500000 6.749308 0.312000 4.176000
277.125000 6.951271 0.312000 4.265000
279.125000 7.166116 0.312000 4.380000
280.625000 7.166116 0.312000 4.480000
281.750000 7.395068 0.312000 4.570000
284.125000 7.608389 0.297000 4.675000
285.750000 7.608389 0.297000 4.770000
287.625000 7.814065 0.297000 4.865000
289.500000 8.018215 0.297000 4.965000
291.250000 8.221964 0.297000 5.075000
293.375000 8.448023 0.297000 5.170000
294.250000 8.654470 0.297000 5.265000
295.375000 8.857098 0.297000 5.375000
296.625000 8.857098 0.297000 5.475000
297.000000 9.065993 0.297000 5.576000
298.125000 9.065993 0.303000 5.680000
298.875000 9.065993 0.303000 5.765000
299.375000 9.266013 0.303000 5.875000
299.500000 9.266013 0.303000 5.980000
299.750000 9.266013 0.303000 6.075000
300.250000 9.266013 0.303000 6.180000
300.750000 9.266013 0.303000 6.265000
301.000000 9.266013 0.303000 6.375000
301.375000 9.266013 0.303000 6.460000
301.375000 9.266013 0.226000 6.575000
301.375000 9.266013 0.226000 6.675000
301.625000 9.266013 0.226000 6.780000
301.750000 9.266013 0.226000 6.865000
301.875000 9.266013 0.226000 6.970000
302.000000 9.266013 0.226000 7.075000
302.000000 9.266013 0.226000 7.175000
302.000000 9.266013 0.226000 7.270000
302.125000 9.266013 0.226000 7.380000
302.125000 9.266013 0.226000 7.465000
302.125000 9.266013 0.211000 7.565000
302.125000 9.266013 0.211000 7.670000
302.250000 9.266013 0.211000 7.775000
302.250000 9.266013 0.211000 7.875000
302.250000 9.266013 0.211000 7.970000
302.500000 9.266013 0.211000 8.070000
302.750000 9.266013 0.211000 8.180000
302.875000 9.266013 0.211000 8.275000
303.000000 9.266013 0.211000 8.375000
303.250000 9.266013 0.211000 8.465000
303.375000 9.266013 0.232000 8.570000
303.875000 9.266013 0.232000 8.670000
303.875000 9.266013 0.232000 8.775000
304.125000 9.266013 0.232000 8.875000
304.250000 9.266013 0.232000 8.960000
304.375000 9.266013 0.232000 9.075000
304.625000 9.266013 0.232000 9.175000
304.875000 9.266013 0.232000 9.265000
305.125000 9.266013 0.232000 9.376000
305.250000 9.266013 0.232000 9.475000
305.375000 9.266013 0.207000 9.565000
305.625000 9.266013 0.207000 9.675000
305.750000 9.266013 0.207000 9.775000
305.875000 9.266013 0.207000 9.875000
305.875000 9.266013 0.207000 9.975000
306.125000 9.266013 0.207000 10.070000
306.125000 9.266013 0.207000 10.175000
306.125000 9.266013 0.207000 10.280000
306.250000 9.266013 0.207000 10.365000
306.375000 9.266013 0.207000 10.480000
306.375000 9.266013 0.200000 10.575000
306.500000 9.266013 0.200000 10.665000
306.625000 9.266013 0.200000 10.770000
306.875000 9.266013 0.200000 10.876000
307.125000 9.266013 0.200000 10.975000
307.625000 9.266013 0.200000 11.075000
307.750000 9.266013 0.200000 11.165000
307.875000 9.266013 0.200000 11.270000
308.125000 9.266013 0.200000 11.370000
308.250000 9.266013 0.200000 11.470000
308.375000 9.266013 0.196000 11.575000
309.000000 9.266013 0.196000 11.660000
309.000000 9.266013 0.196000 11.775000
309.375000 9.266013 0.196000 11.875000
309.500000 9.266013 0.196000 11.970000
309.500000 9.266013 0.196000 12.080000
309.875000 9.266013 0.196000 12.165000
310.125000 9.266013 0.196000 12.275000
310.125000 9.266013 0.196000 12.380000
310.625000 9.266013 0.196000 12.475000
311.000000 9.266013 0.196000 12.565000
312.750000 9.476343 0.196000 12.675000
