81.000000 0.000000 0.251000 0.000000
103.625000 0.000000 0.251000 0.105000
119.125000 0.220849 0.251000 0.210000
126.000000 0.220849 0.251000 0.305000
132.500000 0.426600 0.251000 0.410000
137.625000 0.631711 0.251000 0.510000
144.500000 0.631711 0.251000 0.600000
149.500000 0.841245 0.251000 0.705000
152.250000 0.841245 0.251000 0.800000
154.250000 1.044089 0.251000 0.905000
156.625000 1.044089 0.255000 1.000000
159.375000 1.044089 0.255000 1.110000
160.375000 1.044089 0.255000 1.200000
163.125000 1.044089 0.255000 1.300000
165.000000 1.244186 0.255000 1.415000
166.875000 1.244186 0.255000 1.515000
167.500000 1.244186 0.255000 1.600000
169.500000 1.244186 0.255000 1.705000
171.125000 1.244186 0.255000 1.805000
172.125000 1.244186 0.277000 1.900000
173.125000 1.244186 0.277000 2.005000
174.750000 1.244186 0.277000 2.090000
175.625000 1.244186 0.277000 2.195000
176.000000 1.244186 0.277000 2.305000
176.625000 1.244186 0.277000 2.390000
178.125000 1.244186 0.277000 2.505000
178.500000 1.244186 0.277000 2.595000
179.125000 1.244186 0.277000 2.700000
180.625000 1.244186 0.277000 2.800000
181.250000 1.244186 0.269000 2.905000
181.750000 1.244186 0.269000 3.005000
183.125000 1.244186 0.269000 3.100000
183.750000 1.244186 0.269000 3.205000
184.875000 1.244186 0.269000 3.295000
185.500000 1.244186 0.269000 3.400000
186.375000 1.244186 0.269000 3.505000
187.125000 1.244186 0.269000 3.605000
187.125000 1.244186 0.269000 3.700000
187.875000 1.244186 0.269000 3.790000
188.500000 1.244186 0.248000 3.900000
189.000000 1.244186 0.248000 4.000000
189.375000 1.244186 0.248000 4.105000
190.750000 1.244186 0.248000 4.205000
192.000000 1.244186 0.248000 4.295000
193.000000 1.244186 0.248000 4.400000
193.625000 1.244186 0.248000 4.505000
193.875000 1.244186 0.248000 4.590000
194.500000 1.244186 0.248000 4.705000
194.875000 1.244186 0.248000 4.800000
195.750000 1.244186 0.265000 4.905000
196.000000 1.244186 0.265000 4.995000
196.500000 1.244186 0.265000 5.100000
197.000000 1.244186 0.265000 5.205000
197.500000 1.244186 0.265000 5.295000
197.500000 1.244186 0.265000 5.395000
198.250000 1.244186 0.265000 5.505000
199.375000 1.244186 0.265000 5.595000
199.875000 1.244186 0.265000 5.705000
200.000000 1.244186 0.265000 5.795000
200.375000 1.244186 0.265000 5.905000
201.875000 1.244186 0.265000 6.005000
202.000000 1.244186 0.265000 6.095000
202.625000 1.244186 0.265000 6.195000
204.250000 1.244186 0.265000 6.310000
204.750000 1.244186 0.265000 6.390000
205.000000 1.244186 0.265000 6.505000
205.500000 1.244186 0.265000 6.590000
206.000000 1.244186 0.265000 6.700000
