91.375000 0.000000 0.256000 0.020000
112.125000 0.000000 0.256000 0.125000
124.250000 0.204322 0.256000 0.215000
133.625000 0.406851 0.256000 0.325000
138.750000 0.406851 0.256000 0.425000
143.750000 0.622923 0.256000 0.530000
148.875000 0.824885 0.256000 0.625000
154.125000 0.824885 0.271000 0.715000
157.250000 0.824885 0.271000 0.825000
161.625000 1.027476 0.271000 0.925000
163.625000 1.027476 0.271000 1.025000
165.125000 1.027476 0.271000 1.130000
166.625000 1.027476 0.271000 1.220000
167.625000 1.027476 0.271000 1.320000
169.125000 1.027476 0.271000 1.425000
170.250000 1.027476 0.271000 1.530000
171.000000 1.027476 0.271000 1.615000
171.625000 1.227776 0.265000 1.720000
173.250000 1.227776 0.265000 1.825000
173.500000 1.227776 0.265000 1.925000
174.125000 1.227776 0.265000 2.020000
175.000000 1.227776 0.265000 2.120000
176.125000 1.227776 0.265000 2.225000
176.375000 1.227776 0.265000 2.325000
176.500000 1.227776 0.265000 2.425000
177.125000 1.227776 0.265000 2.520000
177.375000 1.227776 0.265000 2.625000
177.750000 1.227776 0.250000 2.730000
178.375000 1.227776 0.250000 2.815000
179.250000 1.227776 0.250000 2.920000
179.625000 1.227776 0.250000 3.025000
180.000000 1.227776 0.250000 3.110000
181.250000 1.227776 0.250000 3.230000
181.375000 1.227776 0.250000 3.315000
181.750000 1.227776 0.250000 3.430000
182.375000 1.227776 0.250000 3.530000
183.625000 1.227776 0.250000 3.625000
183.750000 1.227776 0.250000 3.730000
184.000000 1.227776 0.250000 3.820000
184.250000 1.227776 0.250000 3.920000
185.875000 1.227776 0.250000 4.030000
186.250000 1.227776 0.250000 4.125000
186.625000 1.227776 0.250000 4.220000
187.500000 1.227776 0.250000 4.330000
188.625000 1.227776 0.250000 4.425000
188.750000 1.227776 0.250000 4.525000
189.125000 1.227776 0.250000 4.625000
189.875000 1.227776 0.266000 4.715000
190.625000 1.227776 0.266000 4.820000
190.625000 1.227776 0.266000 4.925000
191.750000 1.227776 0.266000 5.010000
192.375000 1.227776 0.266000 5.115000
192.875000 1.227776 0.266000 5.225000
193.125000 1.227776 0.266000 5.315000
193.625000 1.227776 0.266000 5.430000
193.875000 1.227776 0.266000 5.525000
194.375000 1.227776 0.266000 5.615000
194.750000 1.227776 0.241000 5.715000
195.125000 1.227776 0.241000 5.825000
195.250000 1.227776 0.241000 5.925000
195.625000 1.227776 0.241000 6.030000
195.750000 1.227776 0.241000 6.125000
196.000000 1.227776 0.241000 6.225000
196.500000 1.227776 0.241000 6.315000
196.750000 1.227776 0.241000 6.430000
196.875000 1.227776 0.241000 6.525000
