84.250000 0.000000 0.247000 0.060000
104.000000 0.000000 0.247000 0.155000
113.375000 0.222683 0.247000 0.245000
120.875000 0.451755 0.247000 0.360000
130.000000 0.451755 0.247000 0.455000
136.875000 0.665777 0.247000 0.545000
142.750000 0.869620 0.247000 0.655000
149.500000 0.869620 0.247000 0.760000
154.500000 0.869620 0.247000 0.845000
157.625000 1.076007 0.247000 0.960000
159.750000 1.076007 0.254000 1.055000
161.375000 1.076007 0.254000 1.155000
162.875000 1.076007 0.254000 1.250000
164.375000 1.076007 0.254000 1.360000
165.375000 1.076007 0.254000 1.455000
166.625000 1.076007 0.254000 1.555000
167.125000 1.076007 0.254000 1.655000
167.500000 1.076007 0.254000 1.760000
168.625000 1.076007 0.254000 1.855000
169.750000 1.076007 0.254000 1.970000
170.250000 1.076007 0.253000 2.060000
171.750000 1.076007 0.253000 2.160000
172.250000 1.076007 0.253000 2.250000
172.625000 1.076007 0.253000 2.355000
173.875000 1.076007 0.253000 2.450000
174.875000 1.076007 0.253000 2.560000
175.750000 1.076007 0.253000 2.655000
175.875000 1.076007 0.253000 2.745000
176.625000 1.076007 0.253000 2.855000
176.875000 1.076007 0.253000 2.950000
177.375000 1.076007 0.248000 3.055000
178.375000 1.076007 0.248000 3.145000
178.875000 1.076007 0.248000 3.250000
179.625000 1.076007 0.248000 3.355000
180.500000 1.076007 0.248000 3.460000
181.250000 1.076007 0.248000 3.560000
181.625000 1.076007 0.248000 3.645000
182.250000 1.076007 0.248000 3.750000
182.500000 1.076007 0.248000 3.855000
183.750000 1.076007 0.248000 3.955000
184.250000 1.076007 0.270000 4.060000
184.625000 1.076007 0.270000 4.145000
186.000000 1.076007 0.270000 4.255000
186.375000 1.076007 0.270000 4.360000
186.750000 1.076007 0.270000 4.450000
187.125000 1.076007 0.270000 4.550000
188.500000 1.076007 0.270000 4.655000
188.750000 1.076007 0.270000 4.755000
188.875000 1.076007 0.270000 4.860000
189.500000 1.076007 0.270000 4.955000
190.000000 1.076007 0.265000 5.055000
190.250000 1.076007 0.265000 5.160000
190.500000 1.076007 0.265000 5.245000
191.375000 1.076007 0.265000 5.350000
191.875000 1.076007 0.265000 5.460000
192.125000 1.076007 0.265000 5.555000
192.875000 1.076007 0.265000 5.660000
193.625000 1.076007 0.265000 5.750000
194.000000 1.076007 0.265000 5.855000
194.250000 1.076007 0.265000 5.960000
194.375000 1.076007 0.265000 6.050000
194.750000 1.076007 0.265000 6.155000
195.125000 1.076007 0.265000 6.255000
195.375000 1.076007 0.265000 6.345000
