87.625000 0.000000 0.269000 0.070000
109.250000 0.206274 0.269000 0.175000
117.125000 0.206274 0.269000 0.270000
124.750000 0.407746 0.269000 0.380000
132.000000 0.635392 0.269000 0.475000
135.875000 0.635392 0.269000 0.575000
140.125000 0.839587 0.269000 0.675000
143.875000 0.839587 0.269000 0.770000
148.375000 1.048128 0.269000 0.870000
152.000000 1.048128 0.272000 0.965000
155.000000 1.048128 0.272000 1.065000
157.375000 1.048128 0.272000 1.175000
159.375000 1.252601 0.272000 1.280000
160.500000 1.252601 0.272000 1.375000
161.625000 1.252601 0.272000 1.475000
162.250000 1.252601 0.272000 1.570000
164.125000 1.252601 0.272000 1.670000
165.625000 1.252601 0.272000 1.770000
167.375000 1.252601 0.272000 1.870000
183.500000 1.252601 0.241000 1.975000
184.375000 1.252601 0.241000 2.070000
185.125000 1.252601 0.241000 2.170000
185.625000 1.252601 0.241000 2.280000
185.750000 1.252601 0.241000 2.375000
186.000000 1.252601 0.241000 2.480000
186.250000 1.252601 0.241000 2.575000
186.500000 1.252601 0.241000 2.665000
186.875000 1.252601 0.241000 2.775000
188.250000 1.252601 0.241000 2.875000
188.625000 1.252601 0.241000 2.970000
188.875000 1.252601 0.309000 3.075000
189.750000 1.252601 0.309000 3.175000
190.500000 1.252601 0.309000 3.275000
190.625000 1.252601 0.309000 3.370000
190.875000 1.252601 0.309000 3.475000
192.250000 1.252601 0.309000 3.565000
193.250000 1.252601 0.309000 3.670000
193.375000 1.252601 0.309000 3.775000
194.750000 1.252601 0.309000 3.865000
195.375000 1.252601 0.276000 3.980000
196.000000 1.252601 0.276000 4.080000
196.250000 1.252601 0.276000 4.165000
196.500000 1.252601 0.276000 4.275000
196.750000 1.252601 0.276000 4.365000
196.875000 1.252601 0.276000 4.475000
197.625000 1.252601 0.276000 4.575000
197.875000 1.252601 0.276000 4.670000
198.375000 1.252601 0.276000 4.775000
199.625000 1.252601 0.276000 4.865000
200.125000 1.252601 0.281000 4.975000
200.375000 1.252601 0.281000 5.070000
200.750000 1.252601 0.281000 5.175000
201.375000 1.252601 0.281000 5.265000
202.125000 1.252601 0.281000 5.370000
202.500000 1.252601 0.281000 5.470000
203.000000 1.252601 0.281000 5.570000
203.625000 1.252601 0.281000 5.665000
204.375000 1.252601 0.281000 5.765000
204.375000 1.252601 0.281000 5.875000
205.750000 1.252601 0.267000 5.970000
206.750000 1.252601 0.267000 6.070000
207.000000 1.252601 0.267000 6.175000
208.000000 1.252601 0.267000 6.260000
208.250000 1.252601 0.267000 6.380000
208.375000 1.252601 0.267000 6.475000
208.625000 1.252601 0.267000 6.580000
209.000000 1.252601 0.267000 6.665000
209.625000 1.252601 0.267000 6.780000
209.875000 1.252601 0.267000 6.875000
210.375000 1.252601 0.284000 6.975000
210.875000 1.252601 0.284000 7.070000
210.875000 1.252601 0.284000 7.170000
211.000000 1.252601 0.284000 7.265000
211.250000 1.252601 0.284000 7.365000
211.375000 1.252601 0.284000 7.475000
211.500000 1.252601 0.284000 7.570000
211.750000 1.252601 0.284000 7.670000
211.750000 1.252601 0.284000 7.765000
211.750000 1.252601 0.284000 7.865000
211.750000 1.252601 0.262000 7.970000
212.250000 1.252601 0.262000 8.060000
212.500000 1.252601 0.262000 8.165000
213.000000 1.252601 0.262000 8.275000
213.125000 1.252601 0.262000 8.380000
213.125000 1.252601 0.262000 8.465000
213.125000 1.252601 0.262000 8.565000
213.250000 1.252601 0.262000 8.665000
213.750000 1.252601 0.262000 8.780000
213.875000 1.252601 0.262000 8.865000
214.000000 1.252601 0.276000 8.975000
214.375000 1.252601 0.276000 9.070000
214.625000 1.252601 0.276000 9.175000
214.875000 1.252601 0.276000 9.275000
214.875000 1.252601 0.276000 9.375000
215.250000 1.252601 0.276000 9.470000
215.500000 1.252601 0.276000 9.570000
215.625000 1.252601 0.276000 9.665000
215.875000 1.252601 0.276000 9.775000
215.875000 1.252601 0.276000 9.870000
216.000000 1.252601 0.256000 9.975000
216.125000 1.252601 0.256000 10.080000
216.250000 1.252601 0.256000 10.165000
216.250000 1.252601 0.256000 10.270000
216.375000 1.252601 0.256000 10.375000
216.500000 1.252601 0.256000 10.465000
216.500000 1.252601 0.256000 10.570000
216.500000 1.252601 0.256000 10.675000
216.500000 1.252601 0.256000 10.770000
216.500000 1.252601 0.256000 10.875000
216.500000 1.252601 0.266000 10.970000
216.500000 1.252601 0.266000 11.080000
216.500000 1.252601 0.266000 11.175000
216.625000 1.252601 0.266000 11.270000
217.250000 1.252601 0.266000 11.380000
217.250000 1.252601 0.266000 11.475000
217.250000 1.252601 0.266000 11.575000
218.000000 1.252601 0.266000 11.665000
218.250000 1.252601 0.266000 11.765000
218.250000 1.252601 0.266000 11.870000
218.250000 1.252601 0.266000 11.975000
218.500000 1.252601 0.266000 12.075000
218.625000 1.252601 0.266000 12.180000
218.625000 1.252601 0.266000 12.265000
218.625000 1.252601 0.266000 12.370000
218.625000 1.252601 0.266000 12.480000
218.750000 1.252601 0.266000 12.580000
218.750000 1.252601 0.266000 12.675000
218.750000 1.252601 0.266000 12.780000
218.750000 1.252601 0.266000 12.875000
218.750000 1.252601 0.272000 12.975000
218.875000 1.252601 0.272000 13.070000
219.000000 1.252601 0.272000 13.160000
219.250000 1.252601 0.272000 13.265000
219.250000 1.252601 0.272000 13.365000
219.250000 1.252601 0.272000 13.470000
219.625000 1.252601 0.272000 13.565000
219.750000 1.252601 0.272000 13.675000
219.750000 1.252601 0.272000 13.770000
219.875000 1.252601 0.272000 13.875000
220.000000 1.252601 0.272000 13.970000
220.000000 1.252601 0.272000 14.075000
220.125000 1.252601 0.272000 14.175000
220.375000 1.252601 0.272000 14.265000
220.375000 1.252601 0.272000 14.365000
220.375000 1.252601 0.272000 14.475000
