-12.811695 4.091368 1.000000 0.007137 0.318848 0.476844 0.000000
-12.622412 4.183653 1.000000 -0.035560 0.250083 0.410456 0.155000
-12.440271 4.275162 1.000000 -0.052518 0.144747 0.415812 0.275000
-12.259441 4.369321 1.021930 0.012459 0.084089 0.359673 0.385000
-12.070299 4.465051 1.022169 0.013330 0.053694 0.365343 0.495000
-11.867353 4.564946 1.022380 0.090735 0.036806 0.334092 0.610000
-11.676929 4.648368 1.024327 0.092109 0.032672 0.275709 0.715000
-11.491138 4.717326 1.059420 0.139770 0.032097 0.185849 0.815000
-11.291908 4.775789 1.068342 0.131748 0.034775 0.101944 0.920000
-11.089574 4.822639 1.066295 0.040343 0.032409 0.118800 1.025000
-10.885273 4.864658 1.064565 0.092191 0.028989 0.080869 1.130000
-10.649760 4.901926 1.062909 0.050060 0.028588 0.037470 1.250000
-10.442433 4.927816 1.061681 0.025690 0.026291 0.048442 1.355000
-10.234313 4.950920 1.060635 0.023148 0.022838 0.057275 1.460000
-10.025823 4.971668 1.059748 0.019318 0.002319 0.064342 1.565000
-9.819592 4.990325 1.058994 0.013164 -0.057973 0.070026 1.670000
-9.611578 5.007957 1.058326 0.005505 0.018203 0.074761 1.780000
-9.404565 5.025025 1.057766 -0.000697 0.061182 0.078503 1.890000
-9.193007 5.042697 1.057293 -0.004489 0.050498 0.081474 2.000000
-8.987738 5.060479 1.056911 -0.005769 0.037102 0.083740 2.105000
-8.780630 5.079184 1.056584 -0.005225 0.029549 0.085570 2.210000
-8.572555 5.098670 1.056308 -0.003305 0.024539 0.087032 2.315000
-8.364011 5.118686 1.056076 -0.000495 0.022246 0.088192 2.420000
-8.155279 5.139050 1.055879 -0.042215 0.019727 0.120431 2.525000
-7.947445 5.163432 1.055712 0.016283 0.014942 0.132526 2.630000
-7.740105 5.186755 1.055570 0.033300 0.023570 0.068069 2.735000
-7.522271 5.207874 1.055444 -0.057259 0.023009 0.122977 2.845000
-7.314453 5.231813 1.055339 0.051932 0.020321 0.097373 2.950000
-7.106308 5.253073 1.055251 -0.032870 0.020951 0.121092 3.055000
-6.898233 5.275107 1.055176 -0.042202 0.018950 0.152108 3.160000
-6.680636 5.300469 1.055110 0.043231 0.021842 0.108641 3.270000
-6.432724 5.324622 1.063415 -0.002912 0.022277 0.066284 3.395000
-6.224189 5.344300 1.090566 -0.024811 0.021113 0.073886 3.500000
-6.015737 5.366605 1.089936 -0.019973 0.020449 0.079946 3.605000
-5.807427 5.391129 1.089350 -0.009852 0.020572 0.084842 3.710000
-5.599177 5.416753 1.088851 0.001132 0.020395 0.088774 3.815000
-5.390869 5.442331 1.088431 0.010175 0.021113 0.091901 3.920000
-5.182401 5.466994 1.088070 0.014022 0.020448 0.094448 4.025000
-4.943947 5.493582 1.087728 0.013719 0.019979 0.096705 4.145000
-4.735159 5.515490 1.117738 0.010136 0.020492 0.098285 4.250000
-4.536210 5.535519 1.126506 0.005925 0.020411 0.099493 4.350000
-4.327541 5.556102 1.134127 -0.000559 -0.059778 0.142056 4.455000
-4.120415 5.576341 1.134127 -0.033058 -0.279302 0.257247 4.565000
-3.920209 5.594207 1.134127 -0.068562 -0.298264 0.393383 4.695000
-3.708962 5.607100 1.134127 -0.088105 -0.176835 0.602823 4.895000
-3.508096 5.608290 1.134127 -0.066953 -0.051102 0.979813 5.255000
-3.696414 5.687302 1.134127 -0.016169 0.146313 3.093102 7.130000
-3.895491 5.737635 1.134127 -0.045533 0.077985 3.124713 7.280000
-4.095423 5.774469 1.134127 -0.085152 0.048749 -3.112018 7.420000
-4.301855 5.792568 1.134127 -0.124120 0.034325 -3.021914 7.560000
-4.509031 5.789135 1.134127 -0.066032 0.189092 -3.012815 7.695000
-4.715103 5.772327 1.134127 -0.055126 0.142654 -3.015273 7.815000
-4.918232 5.748103 1.134127 -0.038069 0.083279 -3.017011 7.925000
-5.118872 5.719789 1.134127 0.007742 0.051482 -3.034591 8.030000
-5.323057 5.692263 1.134127 0.026519 0.037664 -3.084001 8.135000
-5.539218 5.666779 1.134127 0.028360 0.030032 -3.083723 8.245000
-5.776645 5.642717 1.134127 0.038543 0.025854 -3.083482 8.365000
-5.985294 5.625875 1.134127 0.038816 0.022206 -3.083316 8.470000
-6.224329 5.611409 1.134127 0.027330 0.021745 -3.083166 8.590000
-6.433747 5.601743 1.134127 0.007958 -0.028253 -3.109265 8.695000
-6.635515 5.593177 1.134127 0.018814 -0.238253 3.063966 8.800000
-6.838158 5.583040 1.134127 0.058223 -0.310180 2.933069 8.925000
-7.040241 5.567864 1.134127 0.083927 -0.201937 2.749812 9.100000
-7.238950 5.544394 1.134127 0.076435 -0.081188 2.440893 9.395000
-7.433832 5.498971 1.134127 0.051684 0.053298 0.839334 10.900000
-7.259642 5.597747 1.127257 -0.065749 0.267036 0.435264 11.300000
-7.083900 5.714725 1.127041 0.047005 0.106235 0.467807 11.465000
-6.911205 5.818111 1.126897 0.045398 0.037129 0.616284 11.605000
-6.736088 5.914933 1.126785 0.014862 0.004253 0.760615 11.740000
-6.559413 6.009402 1.126695 -0.045970 0.014444 0.881212 11.875000
-6.382719 6.114670 1.126619 -0.081714 0.043419 0.994272 12.015000
-6.217348 6.235817 1.126558 -0.124163 0.061284 1.053233 12.155000
-6.068141 6.377677 1.126509 -0.144371 0.056608 1.116504 12.295000
-5.931672 6.552411 1.126467 -0.137950 0.045084 1.190541 12.445000
-5.817859 6.745085 1.126433 -0.068147 0.029649 1.187380 12.595000
-5.726409 6.927136 1.126409 -0.048989 0.018426 1.176040 12.730000
-5.642773 7.114130 1.126390 -0.062308 0.013642 1.219846 12.865000
-5.568783 7.307117 1.126374 -0.082766 0.151756 1.303689 13.000000
-5.509611 7.498375 1.126362 -0.061821 0.153063 1.386384 13.120000
-5.457362 7.700740 1.126352 -0.045596 0.098013 1.463593 13.235000
-5.409887 7.914230 1.126344 -0.057922 0.062398 1.545078 13.350000
-5.372875 8.114475 1.126339 -0.080465 0.049463 1.617778 13.455000
-5.342498 8.337152 1.126333 -0.050357 0.044853 1.654443 13.570000
-5.316450 8.611821 1.126328 -0.063866 0.035567 1.637812 13.710000
-5.305405 8.819107 1.141262 -0.144814 -0.055039 1.712129 13.815000
-5.308753 9.025197 1.176074 -0.193683 -0.110421 1.891062 13.925000
-5.333322 9.226913 1.209142 -0.191923 -0.036538 2.050526 14.045000
-5.384693 9.423893 1.242175 -0.175251 0.014466 2.202435 14.175000
-5.463936 9.610618 1.275154 -0.119441 0.036425 2.305725 14.310000
-5.571637 9.798083 1.309657 -0.065477 0.033330 2.340601 14.455000
-5.694027 9.978598 1.344701 -0.046682 0.023782 2.319538 14.600000
-5.821354 10.148548 1.378371 -0.040783 0.015908 2.304528 14.740000
-5.946458 10.301897 1.409431 -0.106735 0.012484 2.389569 14.870000
-6.088348 10.449310 1.441820 -0.104681 0.018379 2.555012 15.005000
-6.242103 10.582212 1.473357 -0.089786 0.021826 2.706785 15.140000
-6.423773 10.713268 1.508948 -0.090906 0.028907 2.868638 15.290000
-6.595958 10.814879 1.540854 -0.103157 0.038478 3.003777 15.425000
-6.789351 10.906845 1.574015 -0.078887 0.042051 3.040685 15.570000
-6.976733 10.978169 1.605223 -0.096055 0.041009 3.088594 15.705000
-7.185096 11.035466 1.614425 -0.105863 0.037888 -3.132216 15.850000
-7.383961 11.069165 1.613824 -0.099749 0.033665 -3.073191 15.985000
-7.600567 11.085301 1.613304 -0.086199 0.028710 -3.007444 16.129999
-7.803555 11.085655 1.612919 -0.028338 0.021144 -3.012337 16.264999
-8.007535 11.079748 1.612603 -0.024443 0.017037 -3.026229 16.400000
-8.210380 11.069237 1.615333 -0.017330 0.174344 -3.036358 16.530001
-8.418297 11.054518 1.628522 -0.014005 0.130449 -3.043579 16.650000
-8.622765 11.037777 1.628267 -0.006849 0.079432 -3.048711 16.760000
-8.824750 11.020266 1.628061 0.001483 0.051891 -3.052659 16.865000
-9.079551 10.998221 1.627848 0.008502 0.034534 -3.056488 16.995001
-9.297216 10.980239 1.659028 0.011168 0.026753 -3.059005 17.105000
-9.505847 10.964048 1.662261 0.010707 0.023629 -3.060928 17.209999
-9.704965 10.949490 1.692868 0.008121 0.022490 -3.062395 17.309999
-9.914308 10.935195 1.693078 0.065653 0.018811 -3.112840 17.415001
-10.113741 10.926454 1.711747 0.022280 0.021093 3.139771 17.514999
-10.323193 10.919649 1.725818 -0.054121 0.019972 -3.088980 17.620001
-10.532442 10.909109 1.722718 -0.001912 0.020874 -3.065044 17.725000
-10.741700 10.897644 1.720065 0.006369 0.020769 -3.065771 17.830000
-10.951052 10.886548 1.717817 -0.001959 0.021524 -3.066355 17.934999
-11.170464 10.874467 1.715833 -0.009670 0.021400 -3.066838 18.045000
-11.399858 10.860446 1.714078 -0.012405 0.019921 -3.067243 18.160000
-11.639082 10.843971 1.712557 -0.010219 0.020490 -3.067571 18.280001
-11.868264 10.826675 1.711339 -0.005609 0.020875 -3.067817 18.395000
-12.097444 10.808578 1.710320 0.039974 0.019017 -3.095097 18.510000
-12.305993 10.796316 1.709533 0.090170 -0.020092 3.078632 18.615000
-12.509142 10.793213 1.708872 0.087871 -0.009607 2.999475 18.719999
-12.718218 10.796479 1.708280 0.003120 0.051845 3.068710 18.830000
-12.940385 10.800826 1.707765 0.002475 0.047057 3.079632 18.945000
-13.166078 10.805859 1.707332 0.001256 0.036047 3.088292 19.059999
-13.403785 10.811543 1.706954 -0.000433 0.028232 3.095386 19.180000
-13.642624 10.817351 1.706640 -0.001866 0.023441 3.100919 19.299999
-13.852027 10.822333 1.706410 -0.002675 0.022648 3.104720 19.405001
-14.061661 10.827120 1.706214 -0.002806 0.021633 3.107787 19.510000
-14.271234 10.831685 1.706048 -0.002088 -0.002944 3.110233 19.615000
-14.477637 10.836253 1.705907 0.047792 -0.048521 3.065014 19.719999
-14.678065 10.844770 1.705787 -0.032981 -0.097953 -3.109499 19.825001
-14.892590 10.849553 1.705672 -0.165310 -0.087007 -2.851470 19.945000
-15.094631 10.834588 1.705572 -0.193069 -0.012690 -2.619267 20.070000
-15.293091 10.791243 1.736789 -0.150572 0.043523 -2.483893 20.205000
-15.485009 10.718488 1.761766 -0.146850 0.057995 -2.355552 20.344999
-15.680890 10.606030 1.784132 -0.136337 0.057162 -2.203510 20.500000
-15.851161 10.469075 1.784696 -0.135086 0.055410 -2.050832 20.650000
-15.993331 10.321411 1.784763 -0.101958 -0.191034 -1.899728 20.795000
-16.128893 10.172531 1.784763 -0.103401 -0.176085 -1.705990 20.980000
-16.269726 10.029901 1.784763 -0.077920 -0.058864 -1.365640 21.305000
-16.060415 10.019170 1.784763 0.002545 0.282169 0.291636 23.469999
-15.855076 10.078753 1.784763 0.002892 0.168690 0.288502 23.600000
-15.661355 10.135097 1.784763 0.004215 0.095436 0.286444 23.709999
-15.467873 10.191295 1.798673 0.005471 0.059666 0.284873 23.815001
-15.269909 10.248034 1.816283 0.052070 0.037768 0.240068 23.920000
-15.069052 10.302068 1.816249 0.061061 0.026851 0.200900 24.025000
-14.866242 10.350947 1.816218 0.028139 0.024861 0.155605 24.129999
-14.633021 10.402738 1.816190 0.021027 0.024672 0.159321 24.250000
-14.398649 10.451895 1.816166 0.029671 0.022518 0.162244 24.370001
-14.163236 10.497401 1.816146 0.030232 0.021528 0.164506 24.490000
-13.946664 10.535814 1.816130 0.025109 0.017995 0.166150 24.600000
-13.740364 10.570234 1.829518 -0.032199 -0.022904 0.207275 24.705000
-13.542026 10.605130 1.831192 -0.003325 -0.224365 0.107592 24.809999
-13.341728 10.643390 1.831192 0.042707 -0.314028 -0.023311 24.934999
-13.142167 10.687178 1.831192 0.074879 -0.214060 -0.206577 25.110001
-12.947083 10.740438 1.831192 0.073119 -0.082908 -0.520746 25.410000
-13.054646 10.552827 1.831192 -0.050006 0.261616 -2.457757 27.764999
-13.219176 10.407093 1.831192 -0.021150 0.144720 -2.516395 27.895000
-13.378235 10.264227 1.831192 -0.032410 0.081214 -2.507122 28.010000
-13.527889 10.126483 1.831192 0.000920 0.050561 -2.500278 28.115000
-13.681026 9.986697 1.831192 0.033147 0.036465 -2.494765 28.219999
-13.838222 9.848440 1.831192 0.049571 0.025812 -2.490401 28.325001
-13.991785 9.719927 1.831192 0.049393 0.020998 -2.487012 28.424999
-14.148630 9.594705 1.831192 0.038056 0.018030 -2.484293 28.525000
-14.307845 9.472074 1.831192 0.023866 0.016470 -2.482062 28.625000
-14.468345 9.350997 1.831192 0.006307 -0.018612 -2.469951 28.725000
-14.631908 9.228387 1.831192 -0.023741 -0.228612 -2.359997 28.830000
-14.798322 9.105003 1.831192 -0.065099 -0.313504 -2.229097 28.955000
-14.964025 8.987524 1.831192 -0.088464 -0.211016 -2.051068 29.125000
-15.133516 8.877872 1.831192 -0.080621 -0.087238 -1.752607 29.410000
-15.311678 8.786914 1.831192 -0.008236 0.005063 -0.600654 30.510000
-15.145364 8.898030 1.831192 0.023912 0.319168 0.584484 32.080002
-14.971407 9.007594 1.831192 -0.011372 0.261697 0.604520 32.230999
-14.798026 9.117112 1.831192 0.027662 0.141931 0.595573 32.349998
-14.607262 9.234570 1.863221 0.017628 0.077319 0.588474 32.470001
-14.399344 9.360553 1.887353 0.003871 0.044074 0.582747 32.595001
-14.221597 9.468319 1.892901 -0.005043 0.030586 0.578953 32.700001
-14.042896 9.577614 1.891855 0.042040 0.021106 0.537116 32.805000
-13.861776 9.683850 1.890969 0.054133 0.018509 0.445346 32.910000
-13.678352 9.786090 1.890211 -0.002978 0.019026 0.452425 33.014999
-13.502935 9.882600 1.889601 0.016676 0.020166 0.430890 33.115002
-13.326488 9.977720 1.889077 0.022482 0.019152 0.433679 33.215000
-13.148902 10.071091 1.888628 0.032255 0.019246 0.435947 33.314999
-12.969905 10.161950 1.888242 0.035473 0.017654 0.437802 33.415001
-12.789515 10.250072 1.887912 0.030528 0.017242 0.439290 33.514999
-12.608130 10.335847 1.887629 0.022027 -0.001167 0.440502 33.615002
-12.419476 10.423123 1.887378 0.009823 -0.059052 0.441521 33.720001
-12.228477 10.510637 1.887153 0.031420 -0.023377 0.411577 33.830002
-12.027420 10.598553 1.886949 0.066913 -0.102330 0.283647 33.950001
-11.838482 10.673202 1.886778 0.079770 -0.055406 0.196024 34.070000
-11.641800 10.739577 1.886625 0.087170 -0.014016 0.115102 34.200001
-11.447742 10.791238 1.886501 0.087469 0.009247 0.044449 34.330002
-11.238575 10.831086 1.886392 0.044954 0.016459 0.009527 34.470001
-11.035913 10.860174 1.886307 0.029580 0.015981 0.026981 34.605000
-10.818295 10.885438 1.886265 0.019360 -0.115441 0.103309 34.750000
-10.616609 10.904591 1.886265 -0.023503 -0.246798 0.265629 34.904999
-10.412053 10.917191 1.886265 -0.056580 -0.137802 0.516965 35.145000
-10.211501 10.914759 1.886265 -0.036462 -0.018901 1.108649 35.709999
-10.411517 10.890883 1.886265 -0.022095 0.202024 -3.058132 38.025002
-10.637275 10.866629 1.886265 -0.033397 0.078823 -3.024665 38.195000
-10.838904 10.839600 1.886265 -0.024749 0.037530 -3.044034 38.334999
-11.038083 10.809018 1.886265 -0.028090 0.021736 -3.028671 38.470001
-11.238683 10.773622 1.886265 0.024022 0.016729 -3.058004 38.605000
-11.470655 10.735023 1.886265 -0.000530 0.104746 -3.071079 38.759998
-11.680431 10.702493 1.886265 0.016801 0.161759 -3.066547 38.889999
-11.885753 10.674436 1.886265 0.031985 0.107381 -3.063422 39.005001
-12.093367 10.650408 1.886265 0.035740 0.065168 -3.061079 39.115002
-12.297064 10.630721 1.886265 0.029217 0.044088 -3.059290 39.220001
-12.503605 10.613769 1.886265 0.019606 0.032270 -3.057841 39.325001
-12.711634 10.598528 1.886265 0.024748 0.025711 -3.067750 39.430000
-12.920387 10.587202 1.886265 0.087449 0.022219 3.106167 39.535000
-13.149067 10.582736 1.886265 0.008658 0.003269 3.102321 39.650002
-13.375348 10.580052 1.886265 0.006449 0.014081 3.107200 39.764999
-13.578667 10.577076 1.886265 -0.046454 -0.114202 -3.058009 39.869999
-13.785968 10.567588 1.886265 -0.119002 -0.100722 -2.855713 39.985001
-13.990641 10.544288 1.886265 -0.141851 -0.033412 -2.680611 40.110001
-14.201118 10.497142 1.886265 -0.148619 0.023245 -2.521904 40.250000
-14.389565 10.427538 1.886265 -0.144629 0.045571 -2.383614 40.384998
-14.576783 10.326253 1.886265 -0.133389 0.052293 -2.244570 40.529999
-14.741752 10.204602 1.886265 -0.126827 0.052277 -2.112439 40.669998
-14.889703 10.062524 1.870388 -0.128573 0.051920 -1.981415 40.810001
-15.014075 9.908728 1.838732 -0.125334 0.051685 -1.853506 40.945000
-15.118819 9.741080 1.807627 -0.122642 0.051638 -1.730042 41.080002
-15.204597 9.555346 1.790757 -0.135221 0.055543 -1.586656 41.220001
-15.265182 9.360361 1.791079 -0.094680 0.053920 -1.510162 41.360001
-15.305708 9.158315 1.771669 -0.081986 0.045400 -1.472484 41.500000
-15.328104 8.958810 1.772608 -0.066332 0.036026 -1.456773 41.634998
-15.337424 8.741357 1.773443 -0.085339 0.026462 -1.452398 41.779999
-15.330225 8.538053 1.774073 -0.096716 0.023188 -1.378027 41.915001
-15.307784 8.327765 1.774596 -0.019464 0.016722 -1.396227 42.055000
-15.281537 8.124767 1.775005 -0.004059 0.014018 -1.409510 42.189999
-15.252755 7.910813 1.775348 0.007326 0.165690 -1.419800 42.331001
-15.224751 7.699443 1.775596 0.009635 0.136368 -1.426742 42.455002
-15.194899 7.460187 1.775810 0.078976 0.077988 -1.498178 42.584999
-15.176872 7.239274 1.775967 0.092210 0.051678 -1.606312 42.700001
-15.170853 7.034146 1.776086 0.086501 0.040398 -1.695964 42.805000
-15.174007 6.827802 1.776187 0.023808 0.035407 -1.721194 42.910000
-15.181122 6.620335 1.776273 0.018599 0.031974 -1.711857 43.014999
-15.191201 6.411994 1.776347 0.085503 0.027876 -1.739603 43.119999
-15.209418 6.204117 1.776409 0.064402 0.028623 -1.760891 43.224998
-15.235367 5.996806 1.776462 0.054897 0.025778 -1.757652 43.330002
-15.272584 5.760497 1.776512 0.043696 0.022532 -1.754778 43.450001
-15.316426 5.535305 1.776553 0.109715 0.021251 -1.850391 43.564999
-15.367717 5.333106 1.776585 0.037340 -0.016835 -1.895419 43.669998
-15.424880 5.136361 1.776611 0.070415 0.022582 -1.979183 43.775002
-15.494038 4.913486 1.776636 -0.105638 0.031253 -1.834719 43.895000
-15.545250 4.714488 1.802449 -0.074595 0.035688 -1.751683 44.000000
-15.589119 4.512252 1.802161 -0.023203 0.032807 -1.752419 44.105000
-15.630827 4.308130 1.801870 -0.016815 0.027906 -1.753203 44.209999
-15.673071 4.093042 1.801611 -0.015772 0.023190 -1.753855 44.320000
-15.712113 3.887036 1.801404 -0.012722 0.021343 -1.754350 44.424999
-15.750193 3.680630 1.801226 -0.008459 0.015346 -1.754754 44.529999
-15.790992 3.456049 1.801064 -0.003227 -0.052518 -1.755102 44.645000
-15.828404 3.249548 1.800933 0.000025 -0.107665 -1.755364 44.755001
-15.865066 3.045423 1.800818 -0.065610 0.055872 -1.701655 44.869999
-15.895801 2.828026 1.800718 -0.081706 0.084120 -1.592399 44.990002
-15.914113 2.620575 1.800640 -0.077917 0.065280 -1.501897 45.099998
-15.922265 2.418015 1.800578 -0.088073 0.052775 -1.417472 45.205002
-15.920065 2.213371 1.800525 -0.053134 0.044053 -1.364658 45.310001
-15.910919 2.007339 1.800479 -0.024405 0.038794 -1.381344 45.415001
-15.898111 1.799919 1.800441 -0.034900 0.033629 -1.394905 45.520000
-15.880929 1.591796 1.800409 -0.041476 0.026406 -1.405730 45.625000
-15.859032 1.384156 1.800381 -0.037335 0.007336 -1.414523 45.730000
-15.829165 1.148472 1.800355 -0.022191 0.026223 -1.422371 45.849998
-15.800107 0.942015 1.800336 0.003278 0.026072 -1.433002 45.955002
-15.772200 0.734843 1.800319 0.015049 0.023174 -1.474417 46.060001
-15.746631 0.527083 1.800306 0.071772 0.022208 -1.528888 46.165001
-15.727564 0.318845 1.800293 0.028779 0.022899 -1.573189 46.270000
-15.712123 0.110285 1.800283 -0.003459 0.023529 -1.560551 46.375000
-15.697348 -0.128442 1.800274 0.085607 0.025131 -1.652774 46.494999
-15.692099 -0.346564 1.800266 0.020792 -0.022481 -1.658455 46.605000
-15.689835 -0.549675 1.800260 0.016966 -0.012123 -1.647546 46.709999
-15.689096 -0.749694 1.800255 -0.038106 0.048768 -1.592739 46.814999
-15.687974 -0.952646 1.800250 0.028353 0.047422 -1.592261 46.919998
-15.686675 -1.168184 1.800247 -0.035390 0.034488 -1.487644 47.029999
-15.682514 -1.395241 1.800245 0.016213 0.028866 -1.494544 47.145000
-15.679525 -1.633544 1.800242 0.000233 0.026260 -1.500395 47.264999
-15.676786 -1.842778 1.800239 -0.015451 0.024748 -1.504438 47.369999
-15.671941 -2.062330 1.800237 -0.023839 0.022792 -1.507820 47.480000
-15.663338 -2.301461 1.800234 -0.024028 -0.016864 -1.510715 47.599998
-15.653252 -2.506012 1.800233 -0.016745 -0.079187 -1.512725 47.705002
-15.640994 -2.712690 1.800233 -0.060270 -0.031567 -1.453408 47.814999
-15.621418 -2.919562 1.805017 -0.127976 -0.097930 -1.244577 47.930000
-15.588066 -3.116179 1.840988 -0.148700 -0.035389 -1.075330 48.049999
-15.534709 -3.311699 1.886138 -0.147446 0.011282 -0.949617 48.180000
-15.461065 -3.492765 1.949965 -0.154581 0.036327 -0.800403 48.310001
-15.353333 -3.677667 2.000762 -0.099516 0.044469 -0.697892 48.455002
-15.234247 -3.838167 2.023848 -0.070858 0.039058 -0.658209 48.590000
-15.087376 -4.008361 2.026321 -0.069504 0.028646 -0.666882 48.740002
-14.944567 -4.154264 2.048224 -0.097996 0.021406 -0.617332 48.875000
-14.789125 -4.285926 2.082221 -0.103855 0.024028 -0.485888 49.009998
-14.622362 -4.402044 2.132437 -0.076544 0.020539 -0.409744 49.145000
-14.449058 -4.508672 2.151165 -0.078401 0.021724 -0.353936 49.279999
-14.270252 -4.606572 2.172928 -0.027835 0.020384 -0.354563 49.415001
-14.087800 -4.699735 2.225746 -0.075260 0.014606 -0.324934 49.549999
-13.900400 -4.784874 2.229005 -0.037610 -0.221872 -0.374504 49.689999
-13.711317 -4.863098 2.229005 0.020456 -0.212755 -0.562988 49.869999
-13.522317 -4.931336 2.229005 0.048658 -0.094740 -0.882364 50.174999
-13.652816 -5.095737 2.205558 0.009666 0.136367 -2.953480 52.244999
-13.858136 -5.166963 2.182159 0.069858 0.069925 3.139060 52.404999
-14.051255 -5.217697 2.164546 0.091791 0.055959 3.026586 52.544998
-14.265356 -5.250867 2.130549 0.129422 0.058312 2.859697 52.695000
-14.488761 -5.252329 2.102563 0.146661 0.065877 2.699701 52.849998
-14.688061 -5.221609 2.094354 0.109013 0.062504 2.592835 52.990002
-14.882105 -5.162929 2.080858 0.149980 0.061060 2.437401 53.130001
-15.064910 -5.075944 2.080799 0.108044 -0.039243 2.401165 53.270000
-15.238570 -4.972098 2.080799 0.029696 -0.238669 2.563471 53.424999
-15.405433 -4.861823 2.080799 -0.026885 -0.157798 2.788604 53.650002
-15.572366 -4.750220 2.080799 0.012389 -0.048672 2.265037 54.150002
-15.452031 -4.571419 2.080799 0.004967 0.319113 0.579057 56.154999
-15.283575 -4.459542 2.080799 0.017813 0.238043 0.567731 56.294998
-15.115678 -4.351462 2.058568 0.025864 0.138262 0.560651 56.410000
-14.940644 -4.242373 2.059578 0.027812 0.076977 0.555305 56.520000
-14.766135 -4.136842 2.060407 0.024495 0.045924 0.551256 56.625000
-14.587542 -4.031425 2.061109 0.017044 0.031429 0.548021 56.730000
-14.406709 -3.926334 2.061707 0.009554 0.023866 0.545415 56.834999
-14.224798 -3.821326 2.062217 0.003315 0.019751 0.543315 56.939999
-14.051213 -3.721084 2.062634 -0.001392 0.018603 0.541674 57.040001
-13.860305 -3.610194 2.063029 -0.003837 0.017062 0.540202 57.150002
-13.686996 -3.508680 2.061661 -0.004074 0.017506 0.539116 57.250000
-13.505295 -3.401370 2.027020 -0.002541 0.016365 0.538211 57.355000
-13.332490 -3.298649 1.994382 -0.000350 0.016233 0.537506 57.455002
-13.159962 -3.195710 1.962665 0.002171 -0.008014 0.536946 57.555000
-12.956405 -3.074128 1.950640 0.004093 -0.079085 0.536404 57.674999
-12.771203 -2.966148 1.947417 0.113451 -0.121014 0.349258 57.790001
-12.589131 -2.873403 1.950135 0.137581 -0.058380 0.186570 57.910000
-12.398407 -2.797616 1.952579 0.170410 0.001470 0.002717 58.040001
-12.172462 -2.744419 1.954896 0.161509 0.043448 -0.170431 58.195000
-11.945914 -2.731104 1.956728 0.146846 0.054275 -0.336227 58.349998
-11.742864 -2.750968 1.958052 0.133874 0.053851 -0.476213 58.490002
-11.544219 -2.797995 1.959104 0.122058 0.051548 -0.616197 58.630001
-11.353222 -2.870041 1.959957 0.122224 0.052752 -0.759863 58.770000
-11.170781 -2.963786 1.960643 0.078875 0.047111 -0.797604 58.910000
-10.988647 -3.078367 1.961210 0.057275 0.036119 -0.827293 59.055000
-10.824183 -3.196984 1.961639 0.069905 0.028133 -0.825320 59.189999
-10.658980 -3.329772 1.961998 0.037276 0.018466 -0.807711 59.330002
-10.502809 -3.463230 1.962276 0.023277 0.011867 -0.753794 59.465000
-10.337497 -3.610170 1.962517 0.019782 0.009829 -0.746456 59.610001
-10.168856 -3.765359 1.962715 -0.047017 0.068209 -0.701162 59.759998
-10.009195 -3.902091 1.962854 -0.073927 0.163044 -0.595523 59.889999
-9.846646 -4.027281 1.962955 -0.061092 0.081424 -0.524086 60.005001
-9.675392 -4.149303 1.963040 -0.031508 -0.088075 -0.438939 60.119999
-9.505043 -4.266857 1.957369 -0.014111 -0.070455 -0.460709 60.240002
-9.335758 -4.379026 1.953462 -0.121592 -0.023150 -0.310346 60.365002
-9.159898 -4.478848 1.946114 -0.084899 0.006260 -0.264314 60.494999
-8.960779 -4.577155 1.945885 -0.037608 -0.229211 -0.399442 60.645000
-8.775190 -4.660717 1.945885 0.018728 -0.213138 -0.587943 60.825001
-8.587360 -4.735074 1.945885 0.047931 -0.094434 -0.912585 61.134998
-8.502230 -4.904532 2.010768 0.025682 0.285856 -2.256684 62.455002
-8.630632 -5.065318 2.026441 0.007880 0.127418 -2.458464 62.634998
-8.771759 -5.231784 2.022967 -0.041361 0.061364 -2.500674 62.794998
-8.915850 -5.406144 1.988365 -0.006214 0.037615 -2.452002 62.950001
-9.045231 -5.562439 1.985532 -0.002525 0.019056 -2.295972 63.084999
-9.175806 -5.720310 1.987248 0.001123 0.007082 -2.173618 63.220001
-9.306141 -5.878118 1.988645 -0.021602 0.008238 -2.061951 63.355000
-9.432341 -6.038235 1.989782 -0.021936 0.016093 -2.000953 63.490002
-9.552500 -6.202716 1.990723 -0.044368 0.023084 -1.970367 63.625000
-9.664027 -6.371881 1.991461 -0.102643 0.182500 -1.953954 63.755001
-9.777031 -6.587139 1.992104 -0.142418 0.131713 -1.856365 63.895000
-9.856478 -6.786131 1.992539 -0.053972 0.082909 -1.824853 64.010002
-9.924006 -6.977104 1.992876 -0.035084 0.056294 -1.830739 64.114998
-9.989015 -7.173004 1.993162 -0.038873 0.038259 -1.835466 64.220001
-10.050891 -7.371987 1.993402 -0.036833 0.027574 -1.839179 64.324997
-10.109653 -7.572897 1.993608 -0.028060 0.023583 -1.842201 64.430000
-10.174060 -7.803943 1.993806 -0.013896 0.020637 -1.844907 64.550003
-10.239310 -8.034725 1.993969 0.075482 -0.009201 -1.946134 64.669998
-10.303332 -8.231043 1.994089 0.093383 0.013954 -2.043799 64.775002
-10.382402 -8.451696 2.002467 -0.066780 0.033107 -1.906751 64.894997
-10.448151 -8.654632 2.038671 -0.099939 -0.122399 -1.706631 65.004997
-10.500094 -8.844959 2.072646 -0.111348 -0.100466 -1.549727 65.114998
-10.544569 -9.069197 2.110301 -0.168847 -0.012978 -1.385416 65.254997
-10.558235 -9.267297 2.142383 -0.171268 0.031516 -1.233859 65.385002
-10.540889 -9.473298 2.143104 -0.160880 0.051713 -1.082432 65.525002
-10.491900 -9.671627 2.141637 -0.136713 0.055263 -0.946632 65.665001
-10.418221 -9.863413 2.152759 -0.079147 0.041986 -0.914173 65.805000
-10.326127 -10.048649 2.152454 -0.128588 0.039725 -0.760807 65.945000
-10.203463 -10.243261 2.159530 -0.062330 0.036768 -0.770176 66.099998
-10.068293 -10.422107 2.175527 -0.091951 -0.079449 -0.710764 66.250000
-9.932430 -10.574780 2.175527 -0.013190 -0.246729 -0.873084 66.404999
-9.786641 -10.725053 2.175527 0.038992 -0.147023 -1.124420 66.644997
-9.645089 -10.867650 2.175527 -0.006463 -0.044532 -0.600805 67.184998
-9.611239 -10.667650 2.175527 -0.025011 0.319718 1.671507 69.805000
-9.630173 -10.468062 2.175527 -0.009431 0.224541 1.745392 69.940002
-9.650124 -10.267930 2.175527 0.072667 0.119771 1.735044 70.055000
-9.668162 -10.034010 2.166078 -0.047188 0.070676 1.817133 70.180000
-9.694973 -9.793864 2.126380 -0.093210 0.052207 1.913683 70.305000
-9.728319 -9.591469 2.092680 -0.041980 0.045641 1.918268 70.410004
-9.768205 -9.388329 2.059906 -0.051284 0.038260 1.906837 70.514999
-9.812346 -9.194906 2.027745 -0.062912 0.032239 1.898097 70.614998
-9.863118 -9.002329 1.995819 -0.060562 0.026569 1.890884 70.714996
-9.917690 -8.810361 1.964182 -0.002558 0.019331 1.807031 70.815002
-9.971752 -8.612401 1.931758 0.091514 -0.136243 1.616703 70.919998
-10.023071 -8.395128 1.896357 0.077961 -0.086180 1.558561 71.044998
-10.060835 -8.193312 1.880643 0.112061 -0.027942 1.503501 71.169998
-10.083494 -7.991249 1.883077 0.070311 0.001748 1.491309 71.300003
-10.094760 -7.753925 1.885401 0.052888 0.009920 1.508644 71.455002
-10.094469 -7.548242 1.887010 0.036067 0.011611 1.519715 71.589996
-10.087119 -7.335356 1.888371 0.054845 0.012020 1.486958 71.730003
-10.073072 -7.130553 1.889419 0.000372 0.012005 1.481678 71.864998
-10.057802 -6.918531 1.890274 -0.012553 0.171334 1.487832 72.000000
-10.045312 -6.717957 1.890874 -0.049767 0.125201 1.531722 72.114998
-10.036698 -6.503259 1.891378 -0.059826 0.078320 1.578565 72.230003
-10.032462 -6.271114 1.891811 0.010600 0.047100 1.586672 72.349998
-10.029436 -6.034988 1.911556 -0.001663 0.033006 1.620830 72.470001
-10.027380 -5.796977 1.944423 -0.030989 0.026515 1.636378 72.589996
-10.029937 -5.558452 1.952032 -0.075990 0.025867 1.723593 72.709999
-10.039864 -5.353356 1.955271 -0.039417 -0.164111 1.638009 72.815002
-10.054049 -5.153788 1.955271 0.015571 -0.320817 1.517577 72.930000
-10.073295 -4.951530 1.955271 0.058527 -0.248830 1.355257 73.084999
-10.100509 -4.751463 1.955271 0.073745 -0.122964 1.098685 73.330002
-10.143524 -4.555623 1.955271 0.033328 -0.008461 0.449403 73.949997
