-12.800639 4.064475 1.000000 0.003297 0.320279 0.351948 0.000000
-12.609237 4.131592 1.000000 0.002575 0.263779 0.347418 0.150000
-12.400640 4.205181 1.000000 0.003074 0.144364 0.344492 0.280000
-12.207500 4.273421 1.015254 0.004450 0.085969 0.342552 0.390000
-12.015954 4.341003 1.031042 0.005814 0.052127 0.341083 0.495000
-11.820827 4.409611 1.050955 0.006652 0.034107 0.339917 0.600000
-11.623873 4.478556 1.050349 0.006561 0.026293 0.338964 0.705000
-11.425928 4.547509 1.049833 0.040140 0.020465 0.316295 0.810000
-11.188227 4.623550 1.049323 0.103793 0.020505 0.184763 0.935000
-10.986421 4.678269 1.048963 0.025200 0.023897 0.179729 1.040000
-10.783557 4.730069 1.048658 0.024126 0.023523 0.184802 1.145000
-10.579750 4.779581 1.048399 0.030462 0.022757 0.188871 1.250000
-10.355479 4.830530 1.048159 0.030859 0.021083 0.192427 1.365000
-10.149914 4.874043 1.047974 0.025131 0.019674 0.195012 1.470000
-9.934039 4.917181 1.047810 0.042457 0.018214 0.181177 1.580000
-9.737330 4.953402 1.047684 0.010944 0.019384 0.169998 1.680000
-9.531248 4.992689 1.047572 -0.047857 0.018769 0.251704 1.785000
-9.325997 5.034920 1.047475 0.060466 0.021027 0.152545 1.890000
-9.119791 5.071556 1.047393 0.060021 0.021646 0.061731 1.995000
-8.913014 5.103752 1.047324 -0.011896 0.020972 0.071523 2.100000
-8.676545 5.141375 1.047257 0.047944 0.021694 0.049559 2.220000
-8.469250 5.170208 1.047207 0.042282 0.024786 0.020435 2.325000
-8.261367 5.194029 1.047165 0.042642 0.024631 0.026720 2.430000
-8.053004 5.214913 1.047130 0.027457 0.022030 0.076100 2.535000
-7.844872 5.235233 1.047100 -0.038110 -0.019268 0.173385 2.640000
-7.641889 5.258845 1.047074 -0.059199 -0.075799 0.272165 2.745000
-7.422858 5.291220 1.047050 -0.106829 -0.039553 0.386511 2.865000
-7.226901 5.332528 1.047030 -0.159598 -0.060967 0.560986 2.980000
-7.035021 5.393003 1.047013 -0.174690 -0.001602 0.715862 3.105000
-6.849798 5.480767 1.046998 -0.169887 0.038428 0.863233 3.240000
-6.679192 5.597534 1.046984 -0.154799 0.052354 1.003665 3.380000
-6.518960 5.748373 1.046973 -0.094411 0.048737 1.089282 3.530000
-6.379456 5.911976 1.046965 -0.084977 0.038604 1.136730 3.675000
-6.247109 6.093881 1.046958 -0.065398 0.027057 1.142809 3.825000
-6.130187 6.278918 1.046952 -0.084652 0.023992 1.211155 3.970000
-6.032900 6.458533 1.046949 -0.028035 0.017531 1.202326 4.105000
-5.940243 6.641487 1.046946 -0.021888 0.014423 1.186070 4.240000
-5.852295 6.827231 1.046943 -0.041935 0.012972 1.216889 4.375000
-5.759367 7.038555 1.046939 0.003321 0.156169 1.208980 4.525000
-5.678505 7.224733 1.046938 0.005020 0.144750 1.197970 4.645000
-5.597710 7.410026 1.046938 0.001611 0.091453 1.190101 4.755000
-5.509183 7.612396 1.064199 -0.001202 0.055438 1.183598 4.870000
-5.426423 7.801293 1.136753 -0.003039 0.036707 1.178879 4.975000
-5.342766 7.992198 1.207618 0.022651 0.025973 1.158443 5.080000
-5.261216 8.174224 1.273315 -0.004052 0.021914 1.144250 5.180000
-5.179307 8.356633 1.338569 -0.036524 0.018676 1.159170 5.280000
-5.101537 8.540799 1.390677 -0.113171 0.016525 1.272948 5.380000
-5.032022 8.727655 1.420252 -0.039565 0.023075 1.280881 5.480000
-4.966182 8.916071 1.469046 -0.027838 0.022760 1.278003 5.580000
-4.902506 9.105578 1.500031 0.021452 0.018081 1.240223 5.680000
-4.836115 9.293958 1.531190 0.095779 0.015822 1.100441 5.780000
-4.759787 9.486063 1.533929 0.046618 -0.146218 1.028260 5.885000
-4.681864 9.674012 1.533929 0.068448 -0.318689 0.907832 6.000000
-4.602181 9.872101 1.533929 0.093597 -0.241713 0.740281 6.160000
-4.533507 10.061443 1.533929 0.090934 -0.116558 0.488955 6.400000
-4.479255 10.254142 1.533929 0.038053 -0.006911 -0.123656 6.985000
-4.443207 10.056718 1.496366 0.027715 0.189564 -1.625495 8.485000
-4.433212 9.856886 1.463947 0.038296 0.091578 -1.795654 8.640000
-4.436378 9.653880 1.431730 0.042031 0.056847 -1.923717 8.785000
-4.456402 9.423690 1.416829 0.019395 0.044338 -1.975762 8.945000
-4.482798 9.225867 1.391127 0.092223 0.041828 -1.994330 9.080000
-4.526356 9.021763 1.375268 0.102335 0.038118 -2.053697 9.220000
-4.586185 8.828531 1.369801 0.047710 0.027199 -2.043369 9.355000
-4.660022 8.639136 1.349456 0.087012 0.025590 -2.137090 9.490000
-4.752489 8.449203 1.336798 0.065424 0.021193 -2.200163 9.630000
-4.852597 8.271643 1.322698 0.036348 -0.071772 -2.268703 9.765000
-4.956230 8.096958 1.322698 0.063776 -0.244426 -2.425780 9.915000
-5.056288 7.920387 1.322698 0.079324 -0.146637 -2.656160 10.135000
-5.144083 7.739962 1.322698 0.050181 -0.027033 3.140086 10.600000
-5.235704 7.924802 1.322698 0.010900 0.319593 1.758675 12.355000
-5.274230 8.125997 1.322698 0.020333 0.218644 1.747562 12.490000
-5.309623 8.326633 1.322698 0.026034 0.121566 1.740342 12.605000
-5.342840 8.531669 1.343029 0.026147 0.070405 1.734896 12.715000
-5.376551 8.742720 1.380059 -0.076878 -0.010445 1.855980 12.825000
-5.419269 8.955097 1.416837 -0.134013 -0.114706 2.061704 12.940000
-5.481017 9.176351 1.454285 -0.140272 -0.042868 2.223497 13.075000
-5.564817 9.388083 1.476473 -0.124660 0.012931 2.284538 13.220000
-5.661253 9.569477 1.474013 -0.121993 0.027471 2.342534 13.355000
-5.775588 9.738025 1.472029 -0.068007 0.024897 2.366375 13.490000
-5.920850 9.922379 1.470206 -0.040118 0.017639 2.345477 13.645000
-6.054468 10.078491 1.492567 -0.027350 0.012520 2.331958 13.780000
-6.200626 10.233643 1.528985 -0.103798 0.015008 2.503666 13.920000
-6.353345 10.369350 1.563377 -0.088354 0.017826 2.664400 14.055000
-6.515105 10.491663 1.596577 -0.083691 0.022680 2.809403 14.190000
-6.684316 10.600458 1.628478 -0.095362 0.031602 2.942447 14.325000
-6.860940 10.693117 1.660102 -0.109228 0.041928 3.071220 14.460000
-7.051790 10.771354 1.658415 -0.083900 0.046000 3.104722 14.600000
-7.242794 10.831134 1.657058 -0.102521 0.043920 -3.131340 14.735000
-7.454205 10.876058 1.655879 -0.084951 0.035242 -3.110797 14.880000
-7.662558 10.903923 1.654968 -0.052895 0.025748 -3.123135 15.020000
-7.865863 10.920725 1.654259 -0.040363 0.017334 -3.139921 15.155000
-8.070289 10.930536 1.653683 -0.023361 0.014662 3.130614 15.290000
-8.275232 10.936304 1.653217 -0.007450 0.012525 3.121085 15.425000
-8.477414 10.940021 1.670004 -0.061999 0.168040 -3.119905 15.555000
-8.683793 10.938769 1.671996 0.017621 0.134432 -3.117195 15.675000
-8.887565 10.938693 1.671191 0.019008 0.084641 -3.120333 15.785000
-9.089411 10.938340 1.700359 -0.068861 0.056306 -3.037386 15.890000
-9.294423 10.930426 1.700304 -0.085289 0.041891 -2.947115 15.995000
-9.520306 10.913918 1.698668 -0.002972 0.033101 -2.961589 16.110001
-9.757522 10.894775 1.697257 -0.013789 0.028496 -2.973302 16.230000
-10.005473 10.872079 1.696035 -0.025828 0.025212 -2.982809 16.355000
-10.253525 10.845011 1.695026 -0.026503 0.022843 -2.990164 16.480000
-10.461686 10.818869 1.694321 -0.019811 0.020969 -2.994976 16.584999
-10.669103 10.790482 1.693717 -0.009913 -0.015479 -2.998893 16.690001
-10.881370 10.760307 1.693186 0.052290 -0.010824 -3.039848 16.799999
-11.081212 10.736985 1.692752 0.074338 0.045217 -3.131429 16.905001
-11.283777 10.720066 1.692388 0.006323 0.045731 -3.122514 17.010000
-11.499001 10.703361 1.692063 0.003734 0.036322 -3.114872 17.120001
-11.745952 10.684923 1.691756 0.011147 0.028244 -3.108072 17.245001
-11.954473 10.670586 1.691539 0.014277 0.023944 -3.103574 17.350000
-12.163482 10.657834 1.691356 0.062275 0.022378 -3.134858 17.455000
-12.392687 10.649263 1.691187 0.046674 0.022551 3.115892 17.570000
-12.611878 10.647724 1.691051 0.086942 0.013270 3.020035 17.680000
-12.818734 10.655520 1.690941 0.085372 0.012713 2.937196 17.785000
-13.023464 10.669982 1.690848 0.001363 0.034440 2.978481 17.889999
-13.229425 10.682955 1.692537 -0.085398 0.026069 3.107680 17.995001
-13.466252 10.689097 1.709637 -0.045923 0.028411 -3.124151 18.115000
-13.704243 10.689233 1.742977 -0.014915 0.026603 -3.120787 18.235001
-13.903256 10.687469 1.763225 -0.016639 0.024468 -3.118541 18.334999
-14.122612 10.683574 1.763144 -0.018035 0.022918 -3.116569 18.445000
-14.372114 10.679186 1.786570 0.025573 0.020627 3.091762 18.570000
-14.591095 10.680197 1.784970 0.074444 -0.012762 3.006351 18.680000
-14.795317 10.687132 1.802012 0.060079 -0.066262 2.969152 18.785000
-15.003293 10.699241 1.802008 0.027170 -0.281713 3.080609 18.900000
-15.205565 10.715909 1.802008 -0.024951 -0.282741 -3.055971 19.040001
-15.407289 10.740021 1.802008 -0.060697 -0.166045 -2.836062 19.250000
-15.606448 10.777072 1.802008 -0.050650 -0.040549 -2.385774 19.680000
-15.406323 10.748445 1.802008 0.049414 0.313703 -0.200132 22.290001
-15.206251 10.699042 1.802008 0.032399 0.193751 -0.207558 22.420000
-15.005314 10.645617 1.802008 0.006083 0.105011 -0.212565 22.535000
-14.811464 10.595737 1.802008 -0.088185 0.065262 -0.131119 22.639999
-14.611490 10.552255 1.802008 -0.020012 0.044682 -0.121002 22.745001
-14.408416 10.511089 1.802008 -0.015701 0.033087 -0.128772 22.850000
-14.203527 10.471972 1.802008 -0.053401 0.027755 -0.099481 22.955000
-13.977501 10.435435 1.802008 -0.072742 0.024175 -0.053795 23.070000
-13.760214 10.408804 1.802008 -0.111234 0.025777 -0.003919 23.180000
-13.552133 10.394579 1.802008 -0.068959 0.027770 0.045679 23.285000
-13.343592 10.388570 1.802008 -0.083241 0.027001 0.072730 23.389999
-13.134895 10.390493 1.802008 -0.040552 0.027270 0.095974 23.495001
-12.926012 10.397939 1.802008 -0.082109 0.025354 0.136583 23.600000
-12.718375 10.413444 1.802008 -0.044840 -0.022542 0.186562 23.705000
-12.516415 10.433558 1.802008 0.001148 -0.030809 0.169139 23.809999
-12.299343 10.454560 1.822293 0.085363 0.044996 0.086966 23.924999
-12.059233 10.466391 1.867149 0.109010 0.045846 -0.058361 24.049999
-11.835177 10.464553 1.872758 0.020248 0.041255 -0.076241 24.165001
-11.608663 10.458779 1.871424 0.017364 0.033241 -0.074108 24.280001
-11.400488 10.451211 1.870391 0.023619 0.027721 -0.072549 24.385000
-11.191685 10.440908 1.869522 0.024663 0.024195 -0.071314 24.490000
-10.972682 10.427158 1.868743 0.020114 0.021686 -0.070267 24.600000
-10.764057 10.411817 1.868123 0.009499 -0.017930 -0.069483 24.705000
-10.559984 10.395610 1.867590 0.038928 -0.096932 -0.110713 24.809999
-10.351358 10.373738 1.867101 0.113558 -0.107676 -0.304731 24.924999
-10.146379 10.338270 1.866658 0.145493 -0.037607 -0.487578 25.049999
-9.951241 10.284161 1.866277 0.103139 0.007719 -0.577253 25.180000
-9.746057 10.205290 1.865937 0.098192 0.025777 -0.642513 25.325001
-9.564104 10.114716 1.865681 0.081886 0.027512 -0.693317 25.459999
-9.384095 10.004926 1.865467 0.092362 0.025854 -0.766762 25.600000
-9.220009 9.884639 1.865300 0.083288 0.023682 -0.835827 25.735001
-9.064857 9.752464 1.865164 0.032462 0.018803 -0.853763 25.870001
-8.897260 9.598412 1.865043 0.025338 0.014378 -0.838402 26.020000
-8.747353 9.455577 1.864956 0.016498 0.143417 -0.786460 26.155001
-8.603878 9.315499 1.856168 0.015630 0.152407 -0.780837 26.275000
-8.461520 9.173747 1.822485 0.003751 0.097211 -0.776783 26.385000
-8.305406 9.017837 1.792596 0.025987 0.056894 -0.793995 26.500000
-8.141096 8.848392 1.794167 0.048423 0.034468 -0.875934 26.620001
-7.978080 8.674291 1.783110 -0.033837 0.022901 -0.824309 26.740000
-7.832823 8.523729 1.782735 -0.005340 -0.077628 -0.768918 26.844999
-7.688941 8.375613 1.782735 -0.028033 -0.294699 -0.653727 26.955000
-7.547858 8.227215 1.782735 -0.064217 -0.297395 -0.512355 27.090000
-7.412772 8.076399 1.782735 -0.085256 -0.175445 -0.308152 27.285000
-7.287411 7.919757 1.782735 -0.065333 -0.050008 0.074076 27.650000
-7.112659 7.809678 1.782735 -0.018041 0.315878 0.169209 30.180000
-6.908159 7.864446 1.782735 -0.054099 0.309975 0.317509 30.379999
-6.718301 7.929300 1.782735 -0.024609 0.203292 0.415261 30.510000
-6.527558 8.001269 1.782735 -0.049372 0.072153 0.533621 30.625000
-6.327441 8.085305 1.813245 -0.077205 -0.079343 0.680977 30.745001
-6.136778 8.176047 1.848141 -0.147274 -0.043374 0.824340 30.870001
-5.959487 8.278942 1.852687 -0.088084 -0.073724 0.800765 31.000000
-5.790600 8.390618 1.852687 -0.038348 -0.255615 0.648922 31.145000
-5.625515 8.509637 1.852687 0.021326 -0.176889 0.429011 31.355000
-5.470829 8.636704 1.852687 0.040965 -0.054371 -0.005576 31.770000
-5.433578 8.439660 1.852687 0.016476 0.312711 -1.770392 33.900002
-5.476134 8.219798 1.852687 0.011780 0.197020 -1.858312 34.044998
-5.520558 8.009610 1.852687 -0.060028 0.102426 -1.877469 34.165001
-5.561303 7.795261 1.852687 -0.042001 0.061047 -1.864625 34.279999
-5.596399 7.593669 1.852687 0.000866 0.044467 -1.855304 34.384998
-5.632975 7.389595 1.852687 0.030095 0.034966 -1.847734 34.490002
-5.673713 7.184907 1.852687 0.045395 0.028319 -1.841773 34.595001
-5.724494 6.961241 1.852687 0.077500 0.023072 -1.857309 34.709999
-5.785115 6.739974 1.842163 0.011709 0.020790 -1.870415 34.825001
-5.840131 6.548419 1.808378 -0.081173 -0.050578 -1.728822 34.924999
-5.888597 6.354328 1.775007 -0.104552 -0.127870 -1.575554 35.029999
-5.928128 6.158400 1.741865 -0.110775 -0.068917 -1.502619 35.145000
-5.955336 5.958604 1.709516 -0.117209 -0.015696 -1.434997 35.270000
-5.966732 5.757732 1.677273 -0.067674 0.008840 -1.439310 35.400002
-5.965686 5.536315 1.642093 -0.055488 0.012573 -1.454958 35.544998
-5.954962 5.338790 1.610377 -0.038948 0.012596 -1.465516 35.674999
-5.937766 5.141833 1.579751 -0.019723 0.011297 -1.473559 35.805000
-5.917938 4.930090 1.597979 0.051231 0.010930 -1.586376 35.945000
-5.909373 4.726471 1.634779 0.099609 0.017149 -1.761298 36.080002
-5.919892 4.510334 1.672343 0.102517 0.028771 -1.935906 36.224998
-5.949336 4.312900 1.705470 0.106015 0.036838 -2.080301 36.360001
-5.997552 4.120166 1.737623 0.103063 0.042785 -2.181705 36.494999
-6.064909 3.933561 1.769991 0.091992 0.046847 -2.276498 36.630001
-6.153988 3.746980 1.802545 0.092737 0.042898 -2.327047 36.770000
-6.269793 3.556158 1.829051 0.103229 0.037964 -2.393186 36.919998
-6.391692 3.395060 1.831497 0.097768 0.032146 -2.455825 37.055000
-6.528202 3.244967 1.829599 0.085820 0.027091 -2.518694 37.189999
-6.676151 3.104964 1.828079 0.040848 0.020388 -2.539696 37.325001
-6.842941 2.961798 1.826752 0.052125 0.016510 -2.570986 37.470001
-7.013209 2.830740 1.825711 0.029936 0.161961 -2.621256 37.610001
-7.180004 2.716339 1.824983 0.080099 0.148055 -2.680294 37.730000
-7.367644 2.601376 1.824375 0.066288 0.091501 -2.732236 37.849998
-7.568919 2.490265 1.830746 0.057483 0.058955 -2.808981 37.970001
-7.751945 2.397074 1.854381 -0.032962 0.039137 -2.759400 38.075001
-7.937112 2.302274 1.854150 0.006687 0.029341 -2.728812 38.180000
-8.123178 2.206291 1.853931 -0.031623 0.020468 -2.618971 38.285000
-8.309027 2.108846 1.853745 0.046400 0.016958 -2.621320 38.389999
-8.487935 2.019198 1.853593 0.039790 0.016757 -2.627399 38.490002
-8.668534 1.932468 1.853463 0.066184 0.015192 -2.671899 38.590000
-8.869795 1.843026 1.831652 0.073338 -0.006116 -2.781756 38.700001
-9.061460 1.765919 1.795429 0.058607 -0.059780 -2.876939 38.805000
-9.248810 1.696129 1.780232 -0.039686 -0.097518 -2.795504 38.910000
-9.448148 1.616582 1.780582 -0.108178 -0.096691 -2.578825 39.029999
-9.633379 1.527706 1.780884 -0.122784 -0.033975 -2.396401 39.154999
-9.806405 1.424538 1.781141 -0.128287 0.010200 -2.241463 39.285000
-9.973956 1.297806 1.781365 -0.117888 0.034328 -2.124369 39.424999
-10.118986 1.159874 1.781540 -0.119464 0.044062 -2.011152 39.560001
-10.252409 1.001172 1.781687 -0.106494 0.042480 -1.954384 39.700001
-10.364165 0.834826 1.781801 -0.136338 0.042092 -1.831424 39.834999
-10.459673 0.642975 1.781899 -0.143337 0.045787 -1.672000 39.980000
-10.525252 0.447813 1.781976 -0.102768 0.046170 -1.555795 40.119999
-10.570590 0.231464 1.803230 -0.116668 0.044600 -1.423187 40.270000
-10.591998 -0.003910 1.808699 -0.072221 0.039755 -1.364507 40.430000
-10.593692 -0.212393 1.808125 -0.074980 0.033867 -1.315264 40.570000
-10.578103 -0.436246 1.807634 -0.081836 0.030882 -1.253327 40.720001
-10.548274 -0.636508 1.807278 -0.019842 0.023731 -1.254046 40.855000
-10.509078 -0.851905 1.806971 -0.011831 0.017268 -1.332731 41.000000
-10.468444 -1.052601 1.806743 -0.038893 0.013885 -1.333183 41.134998
-10.421000 -1.252125 1.806556 -0.026495 0.012579 -1.333459 41.270000
-10.368677 -1.450451 1.806410 -0.015101 0.173582 -1.333659 41.400002
-10.315503 -1.644734 1.806303 0.002978 0.123680 -1.333796 41.514999
-10.259121 -1.852688 1.806213 0.016208 0.075582 -1.333903 41.630001
-10.197722 -2.087475 1.806133 0.022166 0.045379 -1.333994 41.755001
-10.141706 -2.305536 1.806071 -0.087582 -0.109157 -1.157035 41.869999
-10.083968 -2.497981 1.806022 -0.158125 -0.103016 -0.960990 41.980000
-10.004068 -2.697159 1.805974 -0.184781 -0.021876 -0.778022 42.110001
-9.906342 -2.871782 1.805934 -0.132271 0.025396 -0.720387 42.240002
-9.782022 -3.042403 1.805900 -0.117083 0.032660 -0.665582 42.380001
-9.634670 -3.203200 1.805870 -0.099121 0.028762 -0.602302 42.525002
-9.484838 -3.341317 1.805848 -0.035528 0.019448 -0.610348 42.660000
-9.329062 -3.474533 1.805830 -0.052274 0.015805 -0.597157 42.794998
-9.167835 -3.601878 1.825376 -0.100194 0.013403 -0.506489 42.930000
-9.005212 -3.712967 1.860314 -0.103111 0.016548 -0.370467 43.060001
-8.822823 -3.818935 1.892890 -0.065354 0.020226 -0.298342 43.200001
-8.641155 -3.908201 1.891240 -0.083129 0.026994 -0.164235 43.334999
-8.453831 -3.982787 1.889862 -0.078269 0.031422 -0.107441 43.470001
-8.261490 -4.045873 1.888753 -0.042035 0.027209 -0.123429 43.605000
-8.058004 -4.103365 1.887820 -0.028529 0.019361 -0.158094 43.744999
-7.859664 -4.154480 1.887090 -0.023344 0.012645 -0.251124 43.880001
-7.637855 -4.206901 1.886443 -0.036289 0.009786 -0.248062 44.029999
-7.437273 -4.249709 1.885975 0.023479 0.010878 -0.309365 44.165001
-7.237681 -4.295758 1.888157 0.027209 0.034542 -0.348915 44.299999
-7.021349 -4.350354 1.938819 -0.000579 0.167518 -0.335934 44.439999
-6.789849 -4.415945 1.979518 0.102825 0.110267 -0.429592 44.575001
-6.602829 -4.481510 2.009098 0.029125 0.072114 -0.439705 44.680000
-6.412114 -4.553395 2.040157 -0.029160 0.046662 -0.396737 44.785000
-6.218413 -4.626602 2.071969 0.024733 0.033404 -0.386785 44.889999
-6.033416 -4.699324 2.116278 0.034520 0.025762 -0.387798 44.990002
-5.849671 -4.777024 2.165407 0.040910 0.022500 -0.426222 45.090000
-5.667340 -4.859107 2.196361 0.019084 0.020511 -0.426457 45.189999
-5.485590 -4.943339 2.248745 0.007671 0.018760 -0.426648 45.290001
-5.303510 -5.026856 2.234058 -0.031683 0.016742 -0.360931 45.389999
-5.119549 -5.104479 2.193355 -0.072892 0.019370 -0.264110 45.490002
-4.933496 -5.175568 2.154767 -0.030738 0.024718 -0.272780 45.590000
-4.746309 -5.243762 2.118993 -0.033370 -0.007671 -0.279730 45.689999
-4.542474 -5.314549 2.084456 -0.034926 0.012107 -0.285892 45.799999
-4.320132 -5.387995 2.066997 0.036400 0.034266 -0.348003 45.919998
-4.124755 -5.454795 2.049380 0.051994 -0.036199 -0.437628 46.025002
-3.938021 -5.523853 2.028322 0.007835 -0.132392 -0.460355 46.130001
-3.749767 -5.592946 2.029758 -0.084259 -0.085905 -0.239916 46.244999
-3.556329 -5.654389 2.039878 -0.058446 -0.032208 -0.126995 46.369999
-3.361015 -5.707389 2.042226 -0.091320 -0.002643 0.002623 46.500000
-3.160392 -5.748690 2.044210 -0.081861 0.019786 0.094071 46.634998
-2.959671 -5.775933 2.045827 -0.037087 0.026285 0.115396 46.770000
-2.757340 -5.794535 2.047133 -0.046373 0.025484 0.094916 46.904999
-2.553408 -5.804482 2.048197 -0.053306 0.019798 0.079379 47.040001
-2.341177 -5.804788 2.049083 -0.042324 0.015648 0.067381 47.180000
-2.136774 -5.794531 2.049778 -0.065441 0.014281 0.160697 47.314999
-1.903189 -5.770654 2.050410 -0.003452 0.013996 0.144729 47.470001
-1.702349 -5.748625 2.050835 0.009133 0.169449 0.134759 47.599998
-1.478827 -5.724620 2.051126 0.001262 0.095084 0.154557 47.730000
-1.263810 -5.700919 2.051126 -0.035830 -0.144916 0.280221 47.849998
-1.058982 -5.677360 2.051126 -0.069786 -0.292596 0.416357 47.980000
-0.850666 -5.657499 2.051126 -0.090462 -0.196823 0.610088 48.165001
-0.650226 -5.647980 2.051126 -0.074973 -0.067755 0.939954 48.480000
-0.867393 -5.595319 2.042799 -0.029352 0.258032 3.050291 51.025002
-1.069803 -5.572002 2.025633 -0.023698 0.145932 3.122958 51.145000
-1.291178 -5.551776 2.019403 0.012231 0.076674 -3.094869 51.264999
-1.501782 -5.534587 2.019471 -0.033471 0.052898 -3.035059 51.375000
-1.725954 -5.520126 2.019532 -0.025127 0.043817 -3.042989 51.490002
-1.933022 -5.510771 2.042315 -0.063871 0.038227 -3.048979 51.595001
-2.141347 -5.508677 2.041378 -0.072116 0.011886 -3.042924 51.700001
-2.344700 -5.513161 2.041378 -0.049656 -0.198114 -2.932970 51.805000
-2.545688 -5.519027 2.041378 -0.076938 -0.311043 -2.807308 51.924999
-2.747686 -5.521255 2.041378 -0.095787 -0.218488 -2.634523 52.090000
-2.951973 -5.514502 2.041378 -0.085009 -0.088268 -2.341312 52.369999
-3.151046 -5.487291 2.041378 -0.011334 0.005425 -1.304558 53.360001
-2.930241 -5.482065 2.041378 -0.020284 0.216567 0.041376 54.924999
-2.728397 -5.485372 2.041378 -0.016404 0.097310 -0.001192 55.080002
-2.527486 -5.480358 2.041378 -0.071308 0.040633 0.005352 55.220001
-2.305670 -5.461212 2.041378 -0.041117 0.022220 0.020784 55.369999
-2.080317 -5.433216 2.041378 -0.015454 0.143227 0.032018 55.520000
-1.874779 -5.406949 2.041378 0.013316 0.156319 0.039101 55.645000
-1.657570 -5.382784 2.041378 0.032805 0.098678 0.044353 55.764999
-1.438403 -5.363299 2.041378 0.036678 0.060177 0.048294 55.880001
-1.233441 -5.351632 2.041378 0.136479 0.040132 -0.067008 55.985001
-1.027159 -5.354068 2.041378 0.138236 0.036990 -0.192614 56.090000
-0.820994 -5.368450 2.041378 0.015957 0.033320 -0.179836 56.195000
-0.613900 -5.385838 2.041378 0.008768 0.029053 -0.169182 56.299999
-0.376329 -5.407753 2.060743 0.020239 0.025990 -0.159650 56.419998
-0.138264 -5.430616 2.062701 0.002888 0.021322 -0.089378 56.540001
0.070154 -5.450616 2.064147 0.022561 0.014301 -0.089584 56.645000
0.276893 -5.472764 2.065368 0.010832 -0.000463 -0.089751 56.750000
0.520829 -5.500518 2.066587 -0.003488 0.031723 -0.089903 56.875000
0.726953 -5.523765 2.067448 -0.012941 0.029962 -0.090005 56.980000
0.934281 -5.545695 2.068173 -0.069081 0.024761 -0.052453 57.084999
1.142403 -5.560704 2.068786 -0.109250 0.024943 0.052086 57.189999
1.350478 -5.564014 2.069310 -0.111193 0.029007 0.148390 57.294998
1.587269 -5.552601 2.069814 -0.115862 0.035277 0.249432 57.415001
1.822578 -5.525966 2.070234 -0.107451 0.036250 0.308099 57.535000
2.026755 -5.491528 2.070543 -0.062856 0.004870 0.320023 57.639999
2.235621 -5.448255 2.070748 -0.051716 -0.106137 0.346234 57.750000
2.457464 -5.397272 2.070748 -0.063648 -0.311582 0.482374 57.880001
2.666872 -5.351499 2.070748 -0.088732 -0.232818 0.655167 58.044998
2.864350 -5.315923 2.070748 -0.086411 -0.108845 0.916975 58.294998
3.066458 -5.296060 2.070748 -0.028827 -0.001232 1.634327 58.980000
2.844963 -5.331560 2.070748 -0.012313 0.189522 -2.992530 60.845001
2.640667 -5.357256 2.060313 -0.036397 0.087344 -2.966372 61.000000
2.441217 -5.390643 2.060804 -0.044070 0.041907 -2.949206 61.139999
2.236622 -5.430649 2.072285 0.009110 0.023972 -3.024723 61.279999
2.036987 -5.470646 2.071995 -0.037735 0.076169 -3.019086 61.415001
1.840945 -5.514093 2.071777 -0.018264 0.168560 -3.010269 61.540001
1.641293 -5.559038 2.071610 0.015037 0.114282 -3.003939 61.654999
1.438028 -5.599617 2.089202 0.115941 0.074299 -3.091497 61.764999
1.217761 -5.630721 2.096980 0.037338 0.050372 -3.098188 61.880001
1.012846 -5.654389 2.133737 0.024646 0.037507 -3.088892 61.985001
0.815780 -5.674601 2.168197 0.021646 0.029682 -3.081787 62.084999
0.607722 -5.691876 2.204022 0.038915 0.026111 -3.126165 62.189999
0.408919 -5.704095 2.236823 0.024964 0.024074 -3.123164 62.290001
0.189758 -5.714695 2.235625 0.022991 0.022620 -3.120487 62.400002
-0.059672 -5.723584 2.234487 0.017529 0.021167 -3.118134 62.525002
-0.299272 -5.729687 2.233579 0.009018 0.006140 -3.116372 62.645000
-0.554220 -5.734899 2.219680 -0.000789 -0.171591 -3.084285 62.775002
-0.761103 -5.738108 2.219680 -0.032530 -0.320416 -2.958629 62.895000
-0.966064 -5.737344 2.219680 -0.067591 -0.239313 -2.791088 63.055000
-1.178832 -5.727562 2.219680 -0.075426 -0.105128 -2.503126 63.330002
-1.378146 -5.700027 2.219680 -0.020886 0.001038 -1.670654 64.125000
-1.181103 -5.662190 2.225818 -0.002453 0.225433 0.133598 66.080002
-0.975521 -5.640401 2.256142 -0.004633 0.098639 0.132351 66.239998
-0.761809 -5.612597 2.269118 -0.032876 0.045005 0.142367 66.389999
-0.563340 -5.581696 2.292606 -0.025920 0.023664 0.104761 66.525002
-0.362930 -5.546642 2.291017 -0.015493 0.016505 0.112860 66.660004
-0.165705 -5.509841 2.289769 0.069318 0.172449 0.070870 66.790001
0.054014 -5.475136 2.288759 0.009479 0.133671 0.078009 66.919998
0.283942 -5.442215 2.270967 0.020207 0.081675 0.083620 67.044998
0.514210 -5.415664 2.264244 0.138194 0.050036 -0.045153 67.165001
0.738484 -5.406610 2.264631 0.056879 0.043074 -0.100039 67.279999
0.945113 -5.406576 2.264930 0.032317 0.037419 -0.092635 67.385002
1.153170 -5.410602 2.254537 0.036809 0.029932 -0.086743 67.489998
1.351987 -5.418341 2.219610 0.036923 0.025796 -0.082203 67.589996
1.551043 -5.429600 2.185528 -0.021602 0.018137 -0.039502 67.690002
1.759952 -5.439281 2.168641 -0.093627 0.018905 0.084586 67.794998
1.966574 -5.438816 2.170439 -0.159517 -0.099723 0.303797 67.901001
2.200132 -5.419726 2.172284 -0.182571 -0.074697 0.503584 68.029999
2.399197 -5.381764 2.173736 -0.209085 0.002099 0.637000 68.154999
2.591233 -5.312068 2.175029 -0.200998 0.046985 0.783409 68.290001
2.770926 -5.214329 2.175029 -0.057400 -0.222109 0.631575 68.434998
2.942540 -5.108694 2.175029 0.010464 -0.194495 0.432619 68.625000
3.112511 -4.999893 2.175029 -0.010148 -0.092342 0.746760 68.964996
3.260944 -4.851126 2.175029 -0.037132 0.319123 1.303315 69.820000
3.306349 -4.649596 2.175029 -0.026565 0.170949 1.417370 70.019997
3.344688 -4.436030 2.175029 0.012642 0.069845 1.491350 70.180000
3.382315 -4.235966 2.175029 0.041286 0.031167 1.507586 70.320000
3.432719 -4.002477 2.175029 0.004014 0.021585 1.489600 70.480003
3.475693 -3.803367 2.175029 -0.048521 -0.039508 1.500479 70.614998
3.512171 -3.605152 2.175029 -0.010277 -0.250048 1.432415 70.760002
3.546882 -3.406011 2.175029 -0.073622 -0.002683 1.545099 70.959999
3.561976 -3.204456 2.175029 -0.009749 0.305361 1.556282 71.160004
3.563066 -3.001206 2.175029 -0.059606 0.240164 1.635427 71.300003
3.553635 -2.783467 2.175029 -0.002593 0.125093 1.691168 71.425003
3.543842 -2.577429 2.175029 0.050392 0.069490 1.695692 71.535004
3.538080 -2.364547 2.175029 0.028082 0.045208 1.685220 71.644997
3.534359 -2.118537 2.175029 -0.008649 0.034337 1.675848 71.769997
3.529666 -1.900310 2.175029 -0.031612 0.028620 1.669395 71.879997
3.521474 -1.691414 2.175029 -0.039391 0.025204 1.664469 71.985001
3.508907 -1.482393 2.175029 -0.035106 0.022645 1.660528 72.089996
3.492505 -1.273422 2.175029 -0.023906 0.021578 1.657354 72.195000
3.473549 -1.064497 2.175029 -0.008383 0.021063 1.654813 72.300003
3.453602 -0.855553 2.175029 0.004257 0.020554 1.652783 72.404999
3.431262 -0.616686 2.175029 0.013829 0.020505 1.650945 72.525002
3.412252 -0.397674 2.175029 0.016157 -0.001754 1.649615 72.635002
3.395906 -0.191339 2.175029 0.013696 -0.062554 1.648591 72.739998
3.381279 0.010175 2.175029 0.011001 0.037078 1.647773 72.845001
3.367542 0.213213 2.175029 0.006105 0.044959 1.647112 72.949997
3.352771 0.438591 2.175029 0.000565 0.035416 1.646550 73.065002
3.337731 0.665984 2.175029 -0.003158 0.028157 1.646110 73.180000
3.323432 0.874507 2.175029 -0.004427 0.023857 1.645782 73.285004
3.308488 1.083422 2.175029 -0.003934 0.022309 1.645522 73.389999
3.292971 1.292526 2.175029 -0.002602 0.020683 1.645311 73.495003
3.277051 1.501664 2.175029 -0.000299 0.015250 1.645149 73.599998
3.261055 1.709514 2.175029 0.001695 -0.039944 1.645011 73.705002
3.244904 1.941270 2.175029 0.029999 0.030128 1.593083 73.824997
3.234314 2.183368 2.175029 0.046589 0.043154 1.529127 73.949997
3.230255 2.408986 2.175029 0.004336 0.035701 1.536132 74.065002
3.227488 2.616760 2.175029 0.006906 0.029174 1.541222 74.169998
3.225555 2.835462 2.175029 0.012377 0.025391 1.545494 74.279999
3.225129 3.044760 2.175029 0.013974 0.023130 1.548749 74.385002
3.226402 3.274319 2.175029 0.011488 0.022160 1.551580 74.500000
3.229304 3.513940 2.175029 0.006136 -0.002762 1.553877 74.620003
3.233042 3.749878 2.175029 0.000457 -0.008219 1.555686 74.739998
3.233609 3.986943 2.191254 -0.118317 -0.119505 1.794824 74.864998
3.221818 4.194490 2.190536 -0.126050 -0.067232 1.913927 74.985001
3.194714 4.393065 2.189870 -0.131895 -0.010124 2.015476 75.110001
3.141012 4.608475 2.186553 -0.144876 0.022377 2.136477 75.254997
3.065895 4.795337 2.172320 -0.153940 0.038819 2.311394 75.389999
2.962067 4.973395 2.160030 -0.130993 0.046527 2.459311 75.529999
2.841135 5.130821 2.132344 -0.101806 0.043872 2.558750 75.665001
2.693061 5.285026 2.096157 -0.107627 0.043853 2.699926 75.809998
2.540025 5.412844 2.063381 -0.117517 0.044738 2.802892 75.945000
2.374121 5.523822 2.047143 -0.080062 0.040646 2.872575 76.080002
2.198230 5.619330 2.017428 -0.098878 0.040674 2.973173 76.214996
1.992766 5.705350 2.004940 -0.103608 0.040115 3.039521 76.364998
1.800276 5.763954 2.007105 -0.103832 0.035750 3.102172 76.500000
1.587739 5.806756 2.028681 -0.058197 0.029105 3.134003 76.644997
1.386394 5.833753 2.028288 -0.053619 0.022775 -3.134831 76.779999
1.160425 5.853354 2.027940 -0.025161 0.016481 3.130465 76.930000
0.956045 5.866064 2.017471 -0.015054 0.013780 3.118358 77.065002
0.756107 5.875935 2.017712 -0.004349 0.162192 3.109557 77.195000
0.553073 5.885033 2.017897 0.002568 0.147203 3.103278 77.315002
0.351054 5.893690 2.029445 -0.059273 0.090869 -3.131424 77.425003
0.130709 5.896104 2.034524 -0.068408 0.056901 -3.037572 77.540001
-0.074091 5.889751 2.034509 -0.087839 0.041809 -2.936683 77.644997
-0.279826 5.876853 2.034502 -0.026466 -0.037215 -2.909929 77.750000
-0.494370 5.860977 2.034502 -0.074117 -0.267037 -2.789509 77.864998
-0.698919 5.845891 2.034502 -0.101429 -0.277949 -2.648146 78.000000
-0.901934 5.835896 2.034502 -0.105241 -0.163476 -2.443954 78.195000
-1.103307 5.836653 2.034502 -0.071296 -0.043204 -2.061750 78.559998
-0.900698 5.865689 2.034502 0.015383 0.149672 0.163363 80.754997
-0.698304 5.875166 2.034502 -0.047327 0.064227 0.084150 80.900002
-0.492856 5.893508 2.041494 -0.002693 0.017941 -0.052292 81.040001
-0.293160 5.916960 2.053908 -0.018907 0.010350 -0.108217 81.175003
-0.093241 5.942797 2.053194 0.034190 0.021206 -0.168562 81.309998
0.129592 5.962340 2.052561 0.066636 0.034913 -0.230139 81.459999
0.331411 5.966012 2.052104 0.066531 0.034378 -0.210707 81.595001
0.534274 5.956824 2.051826 0.056562 -0.042720 -0.199594 81.730003
0.739817 5.937805 2.051826 0.010223 -0.251832 -0.052996 81.879997
0.939502 5.912261 2.051826 -0.038007 -0.172724 0.166903 82.089996
1.137678 5.873995 2.051826 -0.044644 -0.046395 0.617170 82.519997
1.028525 6.062729 2.051826 0.018724 0.157567 2.193913 84.480003
0.885231 6.245546 2.051826 -0.081592 0.000714 2.012421 84.644997
0.749001 6.393448 2.039032 -0.118295 -0.089029 2.010860 84.785004
0.594011 6.529351 2.041676 -0.056735 -0.067450 2.256813 84.934998
0.431472 6.654291 2.043909 0.023652 -0.069798 2.418177 85.095001
0.264938 6.787893 2.045879 0.019707 -0.066356 2.508205 85.279999
0.110615 6.923789 2.047465 0.012436 -0.040978 2.495688 85.480003
-0.037609 7.062773 2.037297 -0.000131 -0.009619 2.447723 85.695000
-0.184824 7.200165 2.037796 0.010899 -0.151480 2.248978 85.934998
-0.342026 7.330509 2.037796 0.031921 -0.037654 1.714939 86.445000
-0.241559 7.524670 2.037796 -0.013749 0.319422 0.697317 87.910004
-0.088446 7.657427 2.037796 -0.010311 0.251253 0.703091 88.055000
0.066633 7.793565 2.037796 -0.005103 0.142171 0.706739 88.175003
0.220908 7.929628 2.037796 -0.001442 0.082271 0.709372 88.285004
0.373757 8.064577 2.037796 0.001240 0.048855 0.711351 88.389999
0.529477 8.201917 2.037796 0.002703 0.032240 0.712957 88.495003
0.686777 8.340347 2.037796 0.003239 0.023356 0.714237 88.599998
0.837410 8.472580 2.037796 0.003120 0.019131 0.715242 88.699997
0.988514 8.604939 2.037796 0.002455 0.017269 0.716042 88.800003
1.139496 8.737722 2.037796 -0.066208 0.013828 0.776522 88.900002
1.287364 8.873694 2.037796 -0.016768 0.016101 0.792116 89.000000
1.433793 9.011246 2.037796 -0.022226 0.016024 0.797167 89.099998
1.577963 9.151120 2.037796 -0.034199 0.017179 0.828867 89.199997
1.719563 9.293680 2.037796 -0.029927 0.016659 0.828239 89.300003
1.859115 9.438423 2.037796 -0.029490 0.016385 0.827736 89.400002
1.996302 9.585547 2.037796 -0.090109 0.014972 0.881653 89.500000
2.139949 9.753362 2.037796 -0.098691 0.017860 0.980175 89.610001
2.262277 9.911674 2.037796 -0.089812 -0.004213 1.064350 89.709999
2.386482 10.087252 2.037796 -0.068678 -0.154799 1.167080 89.820000
2.498994 10.252937 2.037796 -0.083890 -0.311409 1.287500 89.934998
2.615699 10.420017 2.037796 -0.102317 -0.237211 1.449806 90.089996
2.738175 10.581504 2.037796 -0.094873 -0.109219 1.706354 90.334999
2.871432 10.730663 2.037796 -0.035566 -0.003170 2.345106 90.945000
2.662302 10.815443 2.037796 -0.013974 0.319274 2.963202 91.970001
2.435662 10.853857 2.037796 -0.014381 0.210046 3.052834 92.125000
2.226121 10.884795 2.037796 -0.014788 0.114188 3.134779 92.245003
1.992822 10.914572 2.037796 -0.039342 0.066392 -3.061387 92.370003
1.781590 10.934938 2.037796 -0.079140 0.052968 -2.985053 92.480003
1.577228 10.946580 2.037796 -0.041037 0.048960 -2.989982 92.584999
1.370597 10.952103 2.037796 -0.069839 0.043753 -3.000869 92.690002
1.162591 10.949442 2.037796 -0.087365 0.035420 -3.009738 92.794998
0.954222 10.937160 2.053933 -0.080496 0.027581 -3.016732 92.900002
0.716424 10.912577 2.053860 -0.052640 0.022346 -3.023063 93.019997
0.508758 10.884760 2.053796 -0.019434 0.021995 -3.027486 93.125000
0.301153 10.854663 2.053743 0.008651 0.020688 -3.030994 93.230003
0.093344 10.825299 2.053699 0.027794 0.021150 -3.033839 93.334999
-0.114861 10.798656 2.053661 0.035656 0.019897 -3.036130 93.440002
-0.333395 10.774625 2.053627 0.072032 0.018908 -3.063157 93.550003
-0.571789 10.758124 2.053596 0.101715 -0.014728 3.100216 93.669998
-0.785304 10.755111 2.053571 0.058893 -0.026124 3.023693 93.779999
-0.989936 10.756215 2.053550 -0.142423 -0.127697 -2.885642 93.889999
-1.214797 10.739269 2.061517 -0.202450 -0.028828 -2.557027 94.025002
-1.412313 10.693631 2.059990 -0.165196 0.054759 -2.410445 94.160004
-1.598006 10.613620 2.058709 -0.199872 0.079258 -2.266134 94.300003
-1.762526 10.498405 2.057682 -0.170404 0.073832 -2.133680 94.440002
-1.904606 10.354291 2.069127 -0.169165 0.061334 -1.947351 94.580002
-2.020430 10.188430 2.069120 -0.146549 0.057974 -1.747051 94.720001
-2.112833 10.001330 2.051396 -0.108995 0.057743 -1.588479 94.864998
-2.184523 9.789619 2.014061 -0.124311 0.062435 -1.444547 95.019997
-2.222650 9.590997 1.999781 -0.137758 0.064637 -1.315517 95.160004
-2.232164 9.388968 1.968887 -0.138707 0.065829 -1.189445 95.301003
-2.212059 9.187429 1.948387 -0.138625 0.063801 -1.054948 95.440002
-2.162959 8.990321 1.949049 -0.126963 0.058421 -0.928523 95.580002
-2.087470 8.800860 1.949579 -0.123637 0.055246 -0.798101 95.720001
-1.983785 8.616291 1.950016 -0.121394 0.051892 -0.652589 95.864998
-1.847311 8.435709 1.950388 -0.128050 0.053590 -0.503474 96.019997
-1.703096 8.290951 1.950656 -0.126723 0.054757 -0.373557 96.160004
-1.541122 8.166387 1.950871 -0.131958 0.056642 -0.242433 96.300003
-1.364136 8.063800 1.951043 -0.093149 0.052588 -0.168622 96.440002
-1.175780 7.978727 1.951183 -0.093169 0.044026 -0.124181 96.580002
-0.985901 7.912436 1.951292 -0.059788 0.034679 -0.108308 96.714996
-0.761246 7.849933 1.951392 -0.055646 0.024201 -0.126022 96.870003
-0.539212 7.803586 1.951468 -0.066368 0.019474 -0.074601 97.019997
-0.336872 7.773723 1.966069 -0.018086 0.015088 -0.092864 97.154999
-0.133417 7.748626 1.966317 -0.022519 0.013641 -0.057458 97.290001
0.066708 7.728985 1.966511 0.000196 0.163867 -0.040052 97.419998
0.270485 7.713161 1.966661 0.008430 0.136817 -0.011394 97.540001
0.500605 7.697917 1.966792 -0.024555 0.086292 0.025244 97.665001
0.721537 7.685988 1.966872 -0.008241 0.008588 0.009400 97.779999
0.947016 7.675231 1.966872 -0.001298 -0.231412 -0.116256 97.900002
1.151646 7.667979 1.966872 0.044167 -0.300676 -0.252383 98.029999
1.365066 7.666079 1.966872 0.074083 -0.189514 -0.456575 98.224998
1.572222 7.675441 1.966872 0.064795 -0.060665 -0.828307 98.580002
1.409175 7.554177 1.922355 0.005038 0.117101 -2.774894 100.525002
1.218211 7.463181 1.908731 0.062085 -0.002766 -2.718042 100.680000
1.030488 7.384987 1.909437 0.095837 -0.000195 -2.695670 100.830002
0.836058 7.325636 1.917247 0.152896 0.056760 -2.893724 100.980003
0.610125 7.290092 1.920775 0.078191 0.042762 -3.091554 101.139999
0.404528 7.274983 1.920612 0.062381 0.028470 3.010973 101.279999
0.204467 7.272250 1.920485 0.057610 0.023432 2.864780 101.415001
-0.002120 7.282036 1.920380 0.083667 0.031897 2.719002 101.555000
-0.205454 7.309359 1.920311 0.102528 -0.017943 2.642700 101.695000
-0.401580 7.352149 1.920311 0.052128 -0.236212 2.799770 101.845001
-0.605734 7.406914 1.920311 -0.014662 -0.163951 3.040611 102.074997
-0.795425 7.472163 1.920311 -0.034885 -0.042273 -2.745185 102.550003
-0.766620 7.271888 1.920311 -0.020574 0.197539 -1.047639 104.180000
-0.668923 7.069896 1.920311 -0.071026 0.018440 -1.006080 104.349998
-0.566585 6.896060 1.920311 -0.068590 -0.063854 -0.979654 104.500000
-0.446553 6.724566 1.920311 -0.038644 -0.102296 -0.958219 104.669998
-0.317681 6.568922 1.920311 -0.068136 0.136698 -0.847537 104.855003
-0.172894 6.423267 1.927839 -0.050964 0.120689 -0.730470 105.019997
-0.004795 6.270895 1.904606 -0.007898 0.045966 -0.604944 105.180000
0.151819 6.135884 1.899907 -0.044373 0.024554 -0.447521 105.320000
0.317310 6.004082 1.899907 -0.037558 -0.238729 -0.604591 105.470001
0.485950 5.879263 1.899907 0.019625 -0.189029 -0.819253 105.675003
0.657713 5.766789 1.899907 0.043076 -0.063690 -1.227636 106.065002
0.477457 5.678286 1.899907 0.010917 0.169573 -3.076030 108.114998
0.274789 5.659201 1.899907 0.038930 0.076243 -3.100482 108.264999
0.056651 5.647730 1.899907 0.047697 0.036478 -3.118268 108.415001
-0.144984 5.645991 1.899907 0.039367 0.021901 -3.130227 108.550003
-0.348836 5.651138 1.899907 0.033353 0.086602 -3.139274 108.684998
-0.550284 5.660798 1.899907 0.017410 0.168783 3.137560 108.809998
-0.773681 5.673027 1.899907 -0.003668 0.107823 3.132717 108.934998
-1.020589 5.685290 1.899907 -0.016084 0.062175 3.128815 109.065002
-1.245233 5.694119 1.899907 -0.019250 0.040285 3.126156 109.180000
-1.452787 5.700141 1.899907 -0.015498 0.030827 3.124237 109.285004
-1.661531 5.704592 1.899907 -0.010138 0.025853 3.122690 109.389999
-1.870898 5.708083 1.899907 -0.003225 0.023389 3.121462 109.495003
-2.080567 5.711289 1.899907 0.001964 0.021781 3.120461 109.599998
-2.290373 5.714764 1.899907 0.005380 0.020994 3.119671 109.705002
-2.500211 5.718858 1.899907 0.006446 0.020273 3.119024 109.809998
-2.730004 5.724176 1.899907 0.005304 0.020836 3.118464 109.925003
-2.939842 5.729683 1.899907 0.003356 0.020729 3.118042 110.029999
-3.149643 5.734725 1.899907 -0.073081 0.017704 -3.094581 110.135002
-3.378653 5.731671 1.899907 -0.098678 0.022987 -2.982791 110.250000
-3.615842 5.714489 1.899907 -0.107049 0.030716 -2.878198 110.370003
-3.831045 5.684942 1.899907 -0.112005 0.035666 -2.791419 110.480003
-4.033787 5.643686 1.899907 -0.120223 0.040142 -2.713941 110.584999
-4.233016 5.588839 1.899907 -0.127113 0.035275 -2.639104 110.690002
-4.426909 5.520068 1.884213 -0.160357 -0.048707 -2.516956 110.794998
-4.612843 5.436543 1.848032 -0.197682 -0.093180 -2.340348 110.904999
-4.813098 5.317173 1.808235 -0.201554 -0.012785 -2.164722 111.044998
-4.972570 5.184287 1.774007 -0.185225 0.034743 -2.022962 111.180000
-5.106008 5.033323 1.740924 -0.116136 0.042482 -1.978732 111.315002
-5.229881 4.855604 1.706011 -0.098475 0.034957 -1.926498 111.459999
-5.329618 4.679114 1.673181 -0.088029 0.028859 -1.868587 111.595001
-5.415606 4.494801 1.641479 -0.073870 0.023551 -1.811288 111.730003
-5.496578 4.286321 1.626753 -0.057294 -0.156766 -1.688270 111.879997
-5.566307 4.096167 1.626753 -0.077010 -0.220109 -1.515493 112.044998
-5.645798 3.901674 1.626753 -0.077857 -0.096895 -1.222295 112.324997
-5.739048 3.724642 1.626753 -0.016942 0.003304 -0.311288 113.195000
-5.572830 3.862175 1.626753 0.014843 0.212342 0.783873 114.565002
-5.423603 3.997257 1.626753 0.054725 0.078823 0.863002 114.720001
-5.254979 4.139751 1.657348 0.016046 0.034852 0.962785 114.875000
-5.092882 4.277917 1.676902 -0.022336 0.031836 1.023806 115.019997
-4.944202 4.413410 1.682836 -0.091530 0.036143 1.062478 115.154999
-4.803538 4.559132 1.695374 -0.067367 0.033008 1.043822 115.290001
-4.671574 4.714843 1.686964 -0.039749 0.021168 0.992196 115.425003
-4.544670 4.876307 1.717817 -0.005177 0.007015 0.848115 115.559998
-4.415649 5.033765 1.719451 0.088485 -0.001546 0.539902 115.695000
-4.274300 5.180543 1.719530 0.093601 -0.120690 0.513036 115.834999
-4.126297 5.316530 1.719530 0.032146 -0.229558 0.685813 116.000000
-3.964928 5.451299 1.719530 -0.027070 -0.123497 0.979010 116.279999
-3.798442 5.564780 1.719530 -0.015905 -0.003770 1.910960 117.169998
-4.008107 5.532399 1.719530 -0.014967 0.219291 -2.891120 118.824997
-4.204870 5.491806 1.719530 -0.035574 0.099434 -2.871852 118.980003
-4.399493 5.442816 1.719530 -0.042786 0.046714 -2.859162 119.120003
-4.591812 5.385960 1.719530 -0.035189 0.025637 -2.849948 119.254997
-4.784977 5.322091 1.719530 -0.021522 0.017479 -2.843022 119.389999
-4.985991 5.251984 1.719530 0.055937 0.171486 -2.887635 119.525002
-5.186718 5.187713 1.719530 -0.005699 0.119523 -2.896943 119.644997
-5.410934 5.116825 1.719530 0.039985 0.071379 -2.912938 119.769997
-5.606616 5.059793 1.719530 0.058552 0.048439 -2.981135 119.875000
-5.825750 5.003173 1.719530 0.046928 0.036554 -2.985978 119.989998
-6.057789 4.950927 1.719530 0.046502 0.030171 -3.034550 120.110001
-6.292181 4.905725 1.719530 0.034780 0.026853 -3.026576 120.230003
-6.518288 4.866784 1.719530 0.068576 0.023646 -3.039429 120.345001
-6.775373 4.832726 1.719530 0.074321 0.024251 -3.102299 120.474998
-6.983837 4.814519 1.719530 0.087040 0.025831 3.099007 120.580002
-7.192493 4.805712 1.719530 0.080787 0.021231 3.019311 120.684998
-7.399189 4.805738 1.719530 0.084045 -0.038263 2.939988 120.790001
-7.601349 4.814031 1.719530 0.002994 0.036638 2.968789 120.894997
-7.804617 4.825612 1.719530 0.021214 0.045647 2.980044 121.000000
-8.010196 4.840262 1.719530 0.033960 0.039131 2.989072 121.105003
-8.236975 4.861130 1.719530 0.035361 0.029839 2.996789 121.220001
-8.474271 4.888190 1.719530 0.024914 0.024802 3.003169 121.339996
-8.682055 4.915116 1.719530 0.011331 0.022463 3.007563 121.445000
-8.929526 4.948990 1.719530 -0.002785 0.020602 3.011693 121.570000
-9.146637 4.978690 1.719530 -0.011745 -0.032342 3.014548 121.680000
-9.348052 5.005264 1.719530 -0.014680 -0.090145 3.016722 121.785004
-9.554854 5.027598 1.719530 -0.131531 -0.106080 -3.041728 121.900002
-9.761488 5.034874 1.719530 -0.110763 -0.036203 -2.921774 122.025002
-9.979727 5.024132 1.719530 -0.102510 0.005512 -2.843520 122.165001
-10.183247 4.995803 1.719530 -0.094443 0.019272 -2.775012 122.300003
-10.389576 4.949633 1.719530 -0.043715 0.020462 -2.762866 122.440002
-10.586683 4.895564 1.719530 -0.037679 0.017282 -2.774548 122.574997
-10.811264 4.824775 1.719530 -0.028281 0.013610 -2.784363 122.730003
-11.005567 4.757926 1.719530 0.004038 0.009931 -2.834836 122.864998
-11.198093 4.687140 1.719530 -0.050702 -0.011660 -2.698449 123.000000
-11.382948 4.610160 1.719530 -0.008842 -0.215991 -2.714833 123.139999
-11.573009 4.529404 1.719530 -0.000306 -0.201500 -2.730563 123.330002
-11.758366 4.451488 1.719530 0.002471 -0.126670 -2.747414 123.680000
-11.929839 4.340161 1.719530 -0.029710 0.319367 -2.414471 124.445000
-12.075689 4.201502 1.719530 -0.024265 0.171782 -2.314284 124.614998
-12.235907 4.040443 1.725948 0.010552 0.030535 -2.239102 124.769997
-12.381575 3.897637 1.748890 0.007226 0.010679 -2.215981 124.904999
-12.539558 3.744381 1.769978 -0.006110 0.013074 -2.199221 125.050003
-12.683629 3.598408 1.769513 -0.082427 0.018631 -2.127556 125.184998
-12.826094 3.431636 1.765795 -0.071783 0.022620 -2.067896 125.330002
-12.948230 3.267712 1.762957 -0.045032 0.018261 -2.082291 125.464996
-13.064407 3.097843 1.760666 -0.038130 0.115808 -2.093081 125.599998
-13.179052 2.916940 1.758875 -0.029757 0.153088 -2.100913 125.730003
-13.291735 2.730261 1.757510 -0.016608 0.096159 -2.106497 125.849998
-13.403928 2.540865 1.756416 0.036998 0.056859 -2.137738 125.964996
-13.523490 2.349834 1.755503 0.094676 0.036626 -2.254748 126.080002
-13.642469 2.179951 1.754796 0.041710 0.032537 -2.301758 126.184998
-13.766825 2.012357 1.754201 0.019967 0.026979 -2.295062 126.290001
-13.900259 1.837670 1.753668 0.028783 0.023115 -2.289389 126.400002
-14.024532 1.680346 1.753260 0.032751 0.019242 -2.285281 126.500000
-14.151628 1.524888 1.752909 0.029149 0.017281 -2.281928 126.599998
-14.281072 1.371175 1.752609 0.018967 0.001091 -2.279219 126.699997
-14.417055 1.212849 1.752340 0.007411 -0.062313 -2.276917 126.805000
-14.550102 1.058892 1.752112 -0.060419 0.026909 -2.229975 126.910004
-14.696624 0.877398 1.751892 -0.104661 0.040640 -2.108853 127.029999
-14.816453 0.710060 1.751730 -0.053891 0.038973 -2.058373 127.135002
-14.940868 0.519942 1.751581 -0.088182 0.034519 -1.999634 127.250000
-15.061612 0.314580 1.751450 -0.038923 0.028814 -1.978753 127.370003
-15.167820 0.122643 1.751350 -0.026525 0.025015 -1.992085 127.480003
-15.262391 -0.053712 1.751273 -0.026380 0.021542 -2.001826 127.580002
-15.359395 -0.239844 1.751204 -0.024137 -0.025765 -2.010113 127.684998
-15.452282 -0.422424 1.751146 -0.017885 -0.084919 -2.016785 127.790001
-15.544070 -0.606241 1.754670 -0.067863 -0.058964 -1.953143 127.900002
-15.628874 -0.792052 1.786143 -0.109477 -0.087291 -1.773087 128.014999
-15.702839 -0.984058 1.786810 -0.096101 -0.033525 -1.699200 128.139999
-15.763138 -1.178534 1.787380 -0.098534 0.001107 -1.630889 128.270004
-15.808709 -1.379720 1.787860 -0.073118 0.016433 -1.590630 128.404999
-15.840065 -1.581911 1.788249 -0.042939 0.018816 -1.572815 128.539993
-15.861835 -1.792928 1.788576 -0.025039 0.015588 -1.566681 128.679993
-15.877523 -1.997213 1.788831 -0.031468 0.014759 -1.569583 128.815002
-15.888139 -2.232317 1.789063 -0.060693 0.064712 -1.482539 128.970001
-15.885096 -2.440285 1.789221 -0.056469 0.169946 -1.410782 129.100006
-15.870950 -2.643100 1.789337 -0.051348 0.119393 -1.339417 129.214996
-15.846630 -2.857122 1.789433 -0.060490 0.075154 -1.260359 129.330002
-15.815172 -3.056682 1.789507 -0.080217 0.057239 -1.188078 129.434998
-15.773178 -3.256686 1.789569 -0.102627 0.050396 -1.115265 129.539993
-15.718676 -3.454641 1.789623 -0.128640 0.050744 -1.041676 129.645004
-15.634744 -3.684646 1.789675 -0.147025 0.051724 -0.954032 129.770004
-15.543579 -3.876868 1.789714 -0.187548 -0.095594 -0.794478 129.880005
-15.434440 -4.060337 1.789750 -0.192716 -0.069396 -0.669236 130.000000
-15.311099 -4.221488 1.789781 -0.178904 -0.006081 -0.538788 130.125000
-15.163499 -4.366081 1.789809 -0.182615 0.031044 -0.378357 130.259995
-15.000612 -4.484101 1.789830 -0.104736 0.041808 -0.339375 130.395004
-14.827168 -4.588247 1.801558 -0.046912 0.027614 -0.367150 130.529999
-14.626545 -4.693777 1.800126 -0.082225 0.021398 -0.292792 130.679993
-14.439437 -4.775420 1.821436 -0.037384 -0.031089 -0.304246 130.815002
-14.238903 -4.855083 1.821436 0.003179 -0.253493 -0.466551 130.970001
-14.047433 -4.924827 1.821436 0.045865 -0.173191 -0.686450 131.179993
-13.855248 -4.982791 1.821436 0.048139 -0.049331 -1.121010 131.595001
-13.995796 -5.156211 1.821436 0.045222 0.173139 -2.799101 133.074997
-14.178295 -5.251171 1.821436 0.019865 0.088566 -2.834052 133.229996
-14.360872 -5.337789 1.821436 0.055489 0.049241 -2.843363 133.369995
-14.545571 -5.417768 1.821436 0.010305 0.023681 -2.719103 133.505005
-14.734714 -5.498747 1.821436 -0.013371 0.154905 -2.602976 133.639999
-14.916681 -5.582035 1.821436 -0.028573 0.143567 -2.497386 133.759995
-15.096606 -5.675097 1.821436 -0.134773 -0.050292 -2.258122 133.875000
-15.272038 -5.784564 1.821436 -0.184608 -0.018058 -2.041617 134.000000
-15.432802 -5.914578 1.821436 -0.172097 0.047485 -1.969508 134.134995
-15.573745 -6.075254 1.821436 -0.216145 0.069750 -1.813111 134.279999
-15.674989 -6.251700 1.821436 -0.136221 0.060717 -1.766793 134.419998
-15.751699 -6.443034 1.821436 -0.111735 0.044250 -1.713935 134.559998
-15.806495 -6.636608 1.821436 -0.086882 0.031365 -1.657582 134.695007
-15.846647 -6.835218 1.841029 -0.066324 0.024097 -1.604634 134.830002
-15.875001 -7.036575 1.875834 -0.065334 0.022089 -1.537497 134.964996
-15.891784 -7.239457 1.909522 -0.060458 0.020949 -1.471936 135.100006
-15.898149 -7.443017 1.942155 -0.028701 0.019098 -1.444859 135.235001
-15.898520 -7.664685 1.947798 -0.007711 0.163792 -1.460356 135.380005
-15.891684 -7.866278 1.966879 -0.106257 0.152748 -1.380063 135.500000
-15.868617 -8.074125 1.974360 -0.100946 0.069139 -1.295361 135.615005
-15.832824 -8.275308 1.990163 -0.090690 -0.024906 -1.212922 135.725006
-15.786953 -8.471066 2.003955 -0.041749 0.071919 -1.173457 135.835007
-15.725645 -8.687060 2.042025 -0.097566 0.077820 -1.110291 135.955002
-15.658692 -8.877365 2.075034 -0.100798 0.060943 -1.039319 136.059998
-15.575048 -9.074814 2.102159 -0.103201 0.048939 -0.961718 136.169998
-15.478349 -9.268056 2.101109 -0.109704 0.043026 -0.883059 136.279999
-15.374228 -9.446900 2.100222 -0.066939 0.038163 -0.835930 136.384995
-15.262066 -9.622031 2.099469 -0.046347 0.034393 -0.849070 136.490005
-15.142699 -9.793482 2.098826 -0.081938 0.031510 -0.808039 136.595001
-15.015151 -9.959606 2.098283 -0.070398 0.020487 -0.815159 136.699997
-14.876255 -10.127446 2.098076 -0.040001 -0.126769 -0.749711 136.809998
-14.736294 -10.291441 2.098076 -0.061061 -0.314305 -0.624055 136.929993
-14.607928 -10.445172 2.098076 -0.086400 -0.260860 -0.472220 137.074997
-14.483306 -10.604940 2.098076 -0.091433 -0.135491 -0.236615 137.300003
-14.370668 -10.771454 2.098076 -0.048768 -0.018093 0.281717 137.794998
-14.407330 -10.574019 2.080455 -0.008220 0.319804 1.900499 139.830002
-14.474931 -10.352562 2.080867 0.067700 0.188735 1.909501 139.979996
-14.534545 -10.145550 2.081133 -0.027496 0.108904 1.985933 140.100006
-14.603281 -9.928321 2.061188 -0.061451 0.063069 2.073820 140.220001
-14.681623 -9.708508 2.020849 -0.008439 0.043943 2.073060 140.339996
-14.755306 -9.515182 1.986372 -0.103140 0.040042 2.135255 140.445007
-14.833650 -9.333345 1.953437 -0.045776 0.033986 2.120363 140.544998
-14.934767 -9.116852 1.914564 -0.042518 0.027427 2.105775 140.664993
-15.039623 -8.912435 1.909289 -0.120690 0.025730 2.186185 140.779999
-15.139603 -8.739470 1.881578 -0.027909 0.022162 2.136968 140.880005
-15.242798 -8.567862 1.875476 0.011458 0.019278 2.112173 140.979996
-15.345312 -8.395554 1.860733 0.062424 0.016982 2.014978 141.080002
-15.442630 -8.220665 1.828890 0.072421 0.018546 1.926343 141.179993
-15.537647 -8.034074 1.826263 0.091002 0.024830 1.840852 141.285004
-15.623350 -7.843985 1.828324 0.109181 0.031849 1.759832 141.389999
-15.697478 -7.650015 1.830076 0.132312 0.040230 1.682870 141.494995
-15.757490 -7.452050 1.831564 0.150965 0.041781 1.604463 141.600006
-15.806262 -7.223567 1.847491 0.161461 -0.024960 1.511854 141.720001
-15.832803 -6.989421 1.864763 0.181627 0.070026 1.403249 141.845001
-15.831817 -6.752974 1.864527 0.079459 0.073396 1.366155 141.970001
-15.816125 -6.541015 1.864354 0.063597 0.055672 1.352357 142.080002
-15.792526 -6.336419 1.864214 0.051190 0.041413 1.360765 142.184998
-15.762592 -6.130774 1.864095 0.048076 0.031042 1.367479 142.289993
-15.725291 -5.915167 1.863990 0.035086 0.025289 1.373090 142.399994
-15.685503 -5.709503 1.863904 0.018089 0.022392 1.377382 142.505005
-15.643550 -5.503930 1.863833 0.000523 0.015982 1.380823 142.610001
-15.597618 -5.280376 1.863767 -0.013851 -0.049678 1.383790 142.725006
-15.554279 -5.065501 1.863710 0.056618 -0.120223 1.284654 142.839996
-15.502316 -4.844195 1.863659 0.118822 -0.077637 1.068460 142.970001
-15.441821 -4.652815 1.863618 0.133335 -0.014162 0.906160 143.095001
-15.360455 -4.463456 1.863582 0.092423 0.022406 0.826368 143.229996
-15.263786 -4.285015 1.863552 0.076481 0.030444 0.793603 143.365005
-15.152652 -4.115335 1.863529 0.100563 0.030843 0.728597 143.500000
-15.016398 -3.945296 1.863508 0.097793 0.028709 0.658586 143.645004
-14.875196 -3.799188 1.863493 0.089575 0.026449 0.591527 143.779999
-14.705104 -3.649817 1.863479 0.075504 0.022019 0.530532 143.929993
-14.542613 -3.526261 1.863469 0.074664 0.021010 0.460662 144.065002
-14.369202 -3.412674 1.863461 0.081026 0.175372 0.391492 144.199997
-14.175446 -3.306863 1.863455 0.072541 0.142449 0.318857 144.330002
-13.966379 -3.209566 1.863449 0.074918 0.088487 0.239904 144.455002
-13.752624 -3.124089 1.863445 0.088925 0.060363 0.158330 144.574997
-13.558837 -3.058621 1.863443 0.105765 0.050241 0.086234 144.679993
-13.360538 -3.004494 1.875657 0.127880 0.048422 0.011974 144.785004
-13.158807 -2.964545 1.910782 0.142457 0.051370 -0.060517 144.889999
-12.954334 -2.938376 1.910764 0.076459 0.045774 -0.045409 144.994995
-12.747513 -2.921137 1.916028 0.099235 0.037337 -0.047761 145.100006
-12.549436 -2.915557 1.950729 0.151565 0.035287 -0.132739 145.199997
-12.341790 -2.924990 1.969713 0.091915 0.034165 -0.170573 145.304993
-12.104786 -2.948147 1.998623 0.075377 0.028103 -0.208466 145.425003
-11.868552 -2.981185 2.022088 0.094839 0.027642 -0.270783 145.544998
-11.634104 -3.025328 2.035987 0.071298 0.027338 -0.305117 145.664993
-11.420661 -3.073942 2.048230 0.065142 0.027393 -0.333800 145.774994
-11.218028 -3.126042 2.053213 -0.047320 0.019113 -0.245488 145.880005
-11.014505 -3.174398 2.051733 -0.081700 0.019971 -0.131650 145.985001
-10.809738 -3.214568 2.050463 -0.032070 0.024799 -0.077200 146.089996
-10.604123 -3.250739 2.049397 -0.013467 0.025584 -0.084202 146.195007
-10.397749 -3.285364 2.048483 -0.027369 0.024889 -0.089909 146.300003
-10.180650 -3.317779 2.047672 -0.108530 0.023745 -0.033480 146.410004
-9.952755 -3.340989 2.046966 -0.086637 0.024490 0.007593 146.524994
-9.704619 -3.355423 2.046325 -0.037642 -0.003411 0.020467 146.649994
-9.470472 -3.363245 2.045816 -0.030119 -0.073650 0.014396 146.770004
-9.263888 -3.366781 2.045427 -0.023378 0.046106 0.010019 146.880005
-9.055249 -3.367529 2.045096 -0.016209 0.061631 0.006505 146.990005
-8.851695 -3.366519 2.044831 -0.005949 0.047313 0.003868 147.095001
-8.645222 -3.364886 2.044603 0.002043 0.035917 0.001724 147.199997
-8.437065 -3.363504 2.044411 0.007969 0.028058 0.000013 147.304993
-8.228027 -3.362948 2.044248 -0.016641 0.024204 0.014638 147.410004
-7.998633 -3.361285 2.044099 0.000068 0.022319 0.030136 147.524994
-7.769128 -3.359179 2.043972 -0.002922 -0.006627 0.029752 147.639999
-7.562949 -3.355758 2.043874 -0.068811 -0.067293 0.111242 147.744995
-7.355296 -3.344400 2.043789 -0.128165 -0.101969 0.275478 147.854996
-7.155110 -3.320178 2.043712 -0.154193 -0.072300 0.450416 147.970001
-6.958531 -3.277272 2.043643 -0.168751 -0.007843 0.615560 148.095001
-6.745534 -3.198695 2.043578 -0.163199 0.039119 0.782499 148.244995
-6.566207 -3.097427 2.043529 -0.148992 0.054608 0.920854 148.384995
-6.405313 -2.971018 2.043490 -0.137657 0.054215 1.062700 148.524994
-6.263737 -2.823395 2.043459 -0.104724 0.052173 1.174604 148.664993
-6.134207 -2.653552 2.043432 -0.088529 0.044449 1.223981 148.809998
-6.027245 -2.483401 2.043412 -0.094040 0.036542 1.278020 148.945007
-5.929010 -2.289860 2.043395 -0.095344 0.032334 1.344125 149.089996
-5.853649 -2.101663 2.043382 -0.087415 0.027963 1.404928 149.225006
-5.787070 -1.886014 2.043369 -0.077780 0.024819 1.475625 149.375000
-5.739640 -1.687986 2.043362 -0.026567 0.019614 1.471895 149.509995
-5.695899 -1.480295 2.043356 -0.022770 0.086584 1.458314 149.649994
-5.657618 -1.273368 2.043350 -0.024312 0.166437 1.448747 149.779999
-5.623924 -1.070210 2.043344 0.024973 0.109437 1.395616 149.895004
-5.583720 -0.836557 2.043339 0.053065 0.060895 1.334615 150.020004
-5.537268 -0.597359 2.043339 -0.003314 0.040867 1.318727 150.145004
-5.490969 -0.364779 2.024848 0.004620 0.030415 1.322503 150.264999
-5.445055 -0.140666 1.997404 0.016838 0.024791 1.325334 150.380005
-5.402918 0.054335 1.967893 0.021495 0.022574 1.327299 150.479996
-5.358342 0.249080 1.934803 0.020091 0.020546 1.328901 150.580002
-5.311550 0.443443 1.901672 0.013095 0.020222 1.330205 150.679993
-5.263317 0.637583 1.868554 -0.039646 0.019190 1.361246 150.779999
-5.215389 0.838743 1.865351 -0.005578 -0.171121 1.271825 150.884995
-5.170606 1.034771 1.865351 0.039385 -0.326249 1.151361 151.000000
-5.125782 1.249979 1.865351 0.076489 -0.236817 0.973283 151.169998
-5.092639 1.448317 1.865351 0.080201 -0.110142 0.706167 151.425003
-5.076132 1.648072 1.865351 0.026727 -0.001433 -0.032107 152.130005
-4.957443 1.450972 1.865351 -0.014212 0.205557 -1.203316 153.270004
-4.855011 1.261231 1.848500 0.022011 0.081461 -1.121756 153.429993
-4.762823 1.078127 1.850271 0.025181 0.024563 -0.974478 153.570007
-4.675389 0.896738 1.851640 0.005517 0.001575 -0.843220 153.705002
-4.580801 0.703494 1.852825 -0.045130 0.021807 -0.710410 153.850006
-4.480894 0.522535 1.854995 -0.076022 0.042548 -0.661236 153.990005
-4.369798 0.356560 1.891363 -0.123887 0.052458 -0.600051 154.125000
-4.239535 0.204714 1.925461 -0.135827 0.048182 -0.537024 154.259995
-4.091810 0.068036 1.959384 -0.082632 0.035472 -0.546464 154.395004
-3.932195 -0.058132 1.992908 -0.039400 0.019684 -0.589533 154.529999
-3.766809 -0.179122 2.013224 0.006001 0.009499 -0.704495 154.666000
-3.601039 -0.299486 2.034188 0.008433 -0.081163 -0.673554 154.800003
-3.422818 -0.430168 2.034188 -0.014921 -0.250526 -0.500777 154.964996
-3.262929 -0.555669 2.034188 -0.051512 -0.151188 -0.259936 155.195007
-3.114076 -0.690033 2.034188 -0.040438 -0.027577 0.274103 155.705994
-2.958521 -0.541306 2.034188 -0.024761 0.320501 1.150327 156.975006
-2.869508 -0.336322 2.034188 0.003007 0.220801 1.224897 157.130005
-2.784430 -0.135165 2.034188 0.002994 0.117928 1.304159 157.255005
-2.702091 0.064018 2.034188 -0.032467 0.069686 1.384553 157.369995
-2.625826 0.261772 2.034188 -0.044991 0.051431 1.447427 157.479996
-2.554109 0.464351 2.034188 -0.069437 0.047839 1.459749 157.589996
-2.483192 0.690104 2.034188 -0.091324 0.042526 1.470651 157.710007
-2.425469 0.910151 2.034188 -0.058809 -0.060704 1.409463 157.824997
-2.375389 1.127630 2.034188 -0.007085 -0.294374 1.283761 157.945007
-2.334157 1.324453 2.034188 0.040729 -0.293817 1.142347 158.080002
-2.298676 1.523794 2.034188 0.070489 -0.175730 0.932844 158.279999
-2.274634 1.723203 2.034188 0.058517 -0.049799 0.529571 158.664993
-2.248048 1.521193 2.034188 0.011549 0.158556 -1.521571 161.089996
-2.238607 1.307433 2.034188 0.015484 0.065821 -1.533110 161.244995
-2.233651 1.102043 2.034188 0.060417 0.032780 -1.614777 161.384995
-2.236271 0.900032 2.034188 0.009955 0.022273 -1.616835 161.520004
-2.241730 0.681029 2.034188 0.005351 0.066047 -1.615149 161.664993
-2.248239 0.472793 2.035620 0.005638 0.167775 -1.614014 161.794998
-2.255711 0.268674 2.070929 0.005169 0.118181 -1.613223 161.910004
-2.264470 0.051756 2.106901 0.003143 0.069014 -1.612628 162.024994
-2.274427 -0.181627 2.138831 0.000390 0.043209 -1.612137 162.145004
-2.284689 -0.418431 2.163739 -0.001835 0.030575 -1.611746 162.264999
-2.294449 -0.646829 2.201758 -0.003089 0.025452 -1.611458 162.380005
-2.302725 -0.846016 2.224286 -0.003336 0.023481 -1.611260 162.479996
-2.311162 -1.055481 2.222789 -0.002991 0.021663 -1.611085 162.585007
-2.319373 -1.265046 2.221483 -0.002180 0.005838 -1.610955 162.690002
-2.327325 -1.471912 2.220822 -0.000201 -0.119454 -1.658007 162.794998
-2.335252 -1.694874 2.220822 0.039677 -0.314495 -1.788899 162.919998
-2.339356 -1.903895 2.220822 0.073495 -0.250722 -1.951205 163.074997
-2.336118 -2.105625 2.220822 0.082125 -0.127207 -2.197281 163.309998
-2.318133 -2.305483 2.220822 0.040339 -0.012541 -2.778441 163.865005
-2.405920 -2.121047 2.220822 0.021440 0.187695 1.809094 165.595001
-2.476709 -1.929908 2.220822 0.010064 0.084547 1.725304 165.750000
-2.542756 -1.733667 2.220822 0.052093 0.051597 1.645434 165.895004
-2.597071 -1.535192 2.220822 0.084246 0.040799 1.568633 166.035004
-2.635118 -1.338306 2.220822 0.090503 0.036677 1.518691 166.169998
-2.657163 -1.137769 2.220822 0.057240 0.029730 1.486148 166.304993
-2.667693 -0.934946 2.220822 0.068935 0.023047 1.471360 166.440002
-2.668116 -0.730901 2.220822 0.028574 0.079710 1.468663 166.574997
-2.661899 -0.530262 2.220822 0.023113 0.169789 1.477109 166.699997
-2.651042 -0.326128 2.220822 -0.017237 0.114954 1.507069 166.815002
-2.641861 -0.119072 2.230896 -0.068706 0.069146 1.615960 166.925003
-2.640604 0.113276 2.251704 -0.005539 0.044796 1.669455 167.044998
-2.642190 0.358993 2.250401 0.003608 0.034389 1.658871 167.169998
-2.643697 0.577105 2.273731 -0.014066 0.028528 1.651524 167.279999
-2.646952 0.786110 2.286862 -0.026211 0.025530 1.645913 167.384995
-2.653203 0.995453 2.287877 -0.030063 0.022892 1.641436 167.490005
-2.663255 1.214833 2.328968 0.003719 -0.007549 1.607577 167.600006
-2.672842 1.418098 2.338937 0.014616 -0.217549 1.618840 167.705002
-2.680338 1.624735 2.338937 -0.020422 -0.320998 1.749732 167.830002
-2.682459 1.826937 2.338937 -0.060431 -0.220307 1.927745 168.000000
-2.675319 2.026850 2.338937 -0.068425 -0.094723 2.226178 168.285004
-2.646958 2.224958 2.338937 -0.007102 0.004045 -2.842331 169.445007
-2.642872 2.021475 2.308934 0.004124 0.318824 -1.546841 171.104996
-2.640363 1.820426 2.302394 -0.028021 0.251596 -1.486050 171.250000
-2.634810 1.615828 2.303289 0.049290 0.142913 -1.485310 171.369995
-2.633188 1.411686 2.303974 0.030038 0.083351 -1.493054 171.479996
-2.634045 1.209284 2.304527 0.000919 0.054793 -1.498959 171.585007
-2.634411 1.003111 2.304994 -0.023110 0.038652 -1.503674 171.690002
-2.631807 0.785171 2.305410 -0.033892 0.029838 -1.507632 171.800003
-2.625456 0.576316 2.305744 -0.032997 0.024563 -1.510628 171.904999
-2.615481 0.367180 2.306031 -0.023893 0.023103 -1.513066 172.009995
-2.601592 0.137977 2.306294 -0.010037 0.021200 -1.515175 172.125000
-2.585626 -0.101272 2.306525 0.003333 0.020813 -1.516898 172.244995
-2.569952 -0.340609 2.306717 0.011623 0.020776 -1.518239 172.365005
-2.556294 -0.570085 2.306870 0.014488 0.020322 -1.519238 172.479996
-2.545308 -0.779694 2.306988 0.012947 0.020836 -1.519974 172.585007
-2.535515 -0.987709 2.307018 0.008532 -0.129809 -1.598694 172.690002
-2.525564 -1.194769 2.307018 0.043369 -0.319397 -1.719115 172.804993
-2.511541 -1.413182 2.307018 0.078665 -0.254096 -1.886656 172.964996
-2.490824 -1.615093 2.307018 0.085587 -0.127231 -2.132733 173.199997
-2.455796 -1.812153 2.307018 0.041819 -0.012611 -2.703421 173.744995
-2.545135 -1.625907 2.307018 0.003058 0.174920 1.820067 175.490005
-2.618948 -1.436534 2.302402 0.014094 0.078513 1.671923 175.645004
-2.688435 -1.243177 2.291200 0.039837 0.053302 1.646283 175.789993
-2.752329 -1.033197 2.291276 0.090317 0.045258 1.562049 175.940002
-2.794291 -0.830423 2.291332 0.108813 0.042192 1.490464 176.080002
-2.817606 -0.623169 2.291378 0.062825 0.031791 1.499335 176.220001
-2.827797 -0.420457 2.291413 0.056748 0.022909 1.510916 176.354996
-2.827454 -0.201231 2.291445 0.041916 0.015941 1.520209 176.500000
-2.819482 0.003350 2.291469 0.019367 0.013592 1.526625 176.634995
-2.808178 0.203716 2.291487 0.003807 0.165959 1.531317 176.764999
-2.796334 0.407667 2.291500 -0.009861 0.140466 1.534669 176.884995
-2.786064 0.609916 2.291511 -0.018077 0.091132 1.537060 176.994995
-2.777225 0.830477 2.291520 -0.015209 0.030105 1.554509 177.110001
-2.770048 1.048761 2.291520 -0.024243 -0.199895 1.674929 177.225006
-2.762602 1.252327 2.291520 -0.061939 -0.309953 1.805821 177.350006
-2.749669 1.465958 2.291520 -0.087489 -0.198661 1.999541 177.535004
-2.728060 1.665849 2.291520 -0.076238 -0.075178 2.318917 177.839996
-2.811328 1.479148 2.291520 -0.073820 0.126311 -1.639771 179.985001
-2.851280 1.283024 2.291520 -0.093861 0.071509 -1.519995 180.130005
-2.871031 1.082123 2.291520 -0.075862 0.051414 -1.450078 180.270004
-2.874540 0.875397 2.291520 -0.061315 0.034298 -1.454129 180.410004
-2.865830 0.674714 2.291520 -0.059515 0.182871 -1.456965 180.539993
-2.846407 0.468294 2.291520 -0.045572 0.134816 -1.459008 180.660004
-2.815425 0.246992 2.291520 -0.053512 0.079304 -1.387799 180.779999
-2.780520 0.047301 2.291520 0.006303 0.051615 -1.393839 180.884995
-2.745164 -0.155942 2.291520 0.020545 0.036776 -1.398831 180.990005
-2.711326 -0.361332 2.291520 0.022486 0.027344 -1.402783 181.095001
-2.680838 -0.558074 2.329851 0.018389 0.024074 -1.405846 181.195007
-2.650293 -0.765352 2.367289 0.011690 0.021297 -1.408419 181.300003
-2.622593 -0.963110 2.401913 0.073091 0.018189 -1.470629 181.399994
-2.601045 -1.161304 2.426658 0.040546 0.020982 -1.534920 181.500000
-2.582833 -1.369676 2.439192 0.004199 0.023167 -1.530615 181.604996
-2.565693 -1.578374 2.448793 0.072026 0.022546 -1.577899 181.710007
-2.553927 -1.804729 2.448754 0.053334 -0.147373 -1.694611 181.824997
-2.546479 -2.015343 2.448754 0.074507 -0.314209 -1.820267 181.945007
-2.536586 -2.219411 2.448754 0.095679 -0.241445 -1.982573 182.100006
-2.519135 -2.421571 2.448754 0.091390 -0.111424 -2.239121 182.345001
-2.486557 -2.619643 2.448754 0.035254 -0.004211 -2.877873 182.955002
-2.551883 -2.414141 2.414197 0.001416 0.188394 1.754330 184.669998
-2.610652 -2.217040 2.414868 0.028340 0.082858 1.661622 184.824997
-2.659667 -2.022416 2.415372 0.058564 0.049640 1.581374 184.964996
-2.697429 -1.819932 2.415779 0.079164 0.039011 1.504195 185.104996
-2.720155 -1.619874 2.416097 0.032361 0.134106 1.488267 185.240005
-2.731908 -1.409132 2.416346 0.076207 0.172064 1.462004 185.369995
-2.730730 -1.202640 2.416528 0.037981 0.111660 1.474833 185.485001
-2.723073 -0.984586 2.416682 0.029979 0.067066 1.485001 185.600006
-2.712151 -0.780273 2.416798 0.018336 0.043450 1.492291 185.705002
-2.698969 -0.573493 2.416899 0.006656 0.032126 1.498214 185.809998
-2.682914 -0.335642 2.416994 -0.006255 0.025887 1.503516 185.929993
-2.669646 -0.126796 2.417066 -0.070026 0.019761 1.556428 186.035004
-2.662886 0.082139 2.417127 -0.040613 0.023020 1.609170 186.139999
-2.661157 0.291172 2.417178 -0.017785 0.023476 1.605988 186.244995
-2.661595 0.500497 2.417222 -0.018046 0.022558 1.603457 186.350006
-2.664041 0.710014 2.417259 -0.017141 0.022318 1.601420 186.455002
-2.668618 0.929545 2.417285 -0.009722 -0.028986 1.626233 186.565002
-2.674260 1.149315 2.417285 -0.030934 -0.258986 1.746653 186.679993
-2.679517 1.354304 2.417285 -0.038882 -0.309951 1.652411 186.809998
-2.689488 1.557330 2.417285 0.016947 -0.208043 1.458691 186.994995
-2.709928 1.756886 2.417285 0.045863 -0.083932 1.113137 187.324997
-2.688145 1.553418 2.417285 -0.001552 0.277242 -1.428264 190.354996
-2.655124 1.348058 2.417285 0.000351 0.165149 -1.424159 190.479996
-2.624499 1.147879 2.417285 0.009390 0.093011 -1.449750 190.589996
-2.595360 0.948266 2.417285 -0.006869 0.058751 -1.444299 190.695007
-2.564858 0.744606 2.417285 -0.006236 0.039091 -1.439962 190.800003
-2.533226 0.538954 2.417285 -0.002546 0.029260 -1.436456 190.904999
-2.498447 0.312573 2.417285 0.068547 0.022952 -1.489398 191.020004
-2.468845 0.065511 2.417285 0.035485 -0.026907 -1.542928 191.145004
-2.446139 -0.170302 2.417285 0.021414 -0.252351 -1.540298 191.270004
-2.427681 -0.373091 2.417285 0.034075 -0.344650 -1.545875 191.399994
-2.412976 -0.575429 2.442190 0.028650 -0.107949 -1.551564 191.585007
-2.408172 -0.789685 2.452575 0.007239 -0.128857 -1.643991 191.830002
-2.402388 -0.991268 2.452575 0.035119 -0.080486 -2.015723 192.184998
-2.556936 -0.941144 2.328972 -0.018804 0.199062 2.211321 194.255005
-2.696641 -0.787035 2.309226 0.138448 -0.064821 2.068632 194.410004
-2.812739 -0.618788 2.310040 0.148897 -0.140837 1.849499 194.580002
-2.889549 -0.433153 2.311637 0.106050 0.118824 1.725430 194.800003
-2.918358 -0.233513 2.329638 0.075557 0.177936 1.617207 194.990005
-2.927850 -0.026225 2.336344 -0.015329 0.078791 1.519657 195.145004
-2.939552 0.175616 2.336317 -0.058542 0.035889 1.543629 195.285004
-2.960466 0.375295 2.358598 -0.025806 0.021940 1.561209 195.419998
-2.988140 0.599642 2.386261 0.013250 0.018051 1.575527 195.570007
-3.009149 0.802863 2.388208 0.047305 0.017992 1.535732 195.705002
-3.021948 1.004216 2.387332 0.022114 -0.162184 1.631811 195.839996
-3.029653 1.207604 2.387332 -0.027588 -0.234134 1.804588 196.005005
-3.028993 1.415830 2.387332 -0.056507 -0.114254 2.092550 196.279999
-3.009217 1.615201 2.387332 -0.018381 -0.000907 2.977379 197.125000
-3.094663 1.474136 2.270224 0.003719 0.252098 -1.945651 199.250000
-3.194990 1.286722 2.216405 0.037057 0.116535 -1.785066 199.429993
-3.293916 1.112792 2.156289 0.153586 0.066106 -2.120549 199.574997
-3.423653 0.934472 2.120212 0.001466 0.017483 -2.368306 199.725006
-3.543924 0.773811 2.104422 -0.040490 -0.007398 -2.496478 199.860001
-3.664405 0.604787 2.105445 0.007926 0.010396 -2.568422 200.000000
-3.788166 0.438682 2.106260 0.093450 0.043274 -2.653512 200.139999
-3.926754 0.286087 2.106919 0.132555 0.059589 -2.732362 200.279999
-4.084383 0.152925 2.107452 0.100771 0.052552 -2.748964 200.419998
-4.251093 0.039666 2.107864 0.092731 0.034385 -2.732301 200.554993
-4.428301 -0.060481 2.108198 0.074326 0.020470 -2.719671 200.690002
-4.611085 -0.149682 2.108335 0.013040 -0.124326 -2.641479 200.824997
-4.794086 -0.233337 2.108335 -0.039056 -0.242881 -2.479173 200.979996
-4.984615 -0.313119 2.108335 -0.064433 -0.131853 -2.222625 201.225006
-5.174681 -0.376753 2.108335 -0.035377 -0.014304 -1.610051 201.809998
-5.374268 -0.416443 2.108335 0.005278 0.317987 -2.962219 205.175003
-5.601326 -0.455827 2.108335 0.014705 0.294785 -2.983581 205.369995
-5.803052 -0.487623 2.108335 0.024079 0.172984 -2.993369 205.494995
-6.001578 -0.515937 2.108335 0.026966 0.102054 -3.000140 205.604996
-6.229711 -0.545131 2.108335 0.023982 0.056553 -3.005883 205.725006
-6.469791 -0.569873 2.108335 0.124851 -0.115342 3.064539 205.850006
-6.671045 -0.580221 2.108335 0.078140 -0.291736 2.927883 205.964996
-6.874546 -0.589700 2.108335 0.088908 -0.251835 2.770813 206.115005
-7.081142 -0.606540 2.108335 0.090048 -0.123168 2.519501 206.354996
-7.278902 -0.637911 2.108335 0.040771 -0.009781 1.938341 206.910004
-7.482037 -0.636254 2.108335 -0.022770 0.319519 3.013817 209.919998
-7.690413 -0.609396 2.108335 -0.027134 0.307996 3.074041 210.100006
-7.890222 -0.591593 2.108335 -0.006960 0.178648 -3.137916 210.225006
-8.115717 -0.574814 2.108335 0.033197 0.090757 -3.080226 210.350006
-8.362861 -0.553281 2.108335 0.037710 0.053148 -3.097410 210.479996
-8.576850 -0.530930 2.108335 -0.013652 0.041457 -3.108697 210.589996
-8.793213 -0.512671 2.108335 -0.074874 0.037856 -3.064122 210.699997
-9.020853 -0.503768 2.108335 -0.078796 0.033103 -3.070331 210.815002
-9.229301 -0.506358 2.108335 -0.152186 0.030018 -2.996351 210.919998
-9.436627 -0.524494 2.108335 -0.120902 0.029327 -2.928573 211.024994
-9.681583 -0.561760 2.108335 -0.043478 0.028477 -2.915073 211.149994
-9.915939 -0.606355 2.108335 -0.067714 0.024639 -2.865796 211.270004
-10.129411 -0.655107 2.108335 -0.031966 0.024891 -2.868825 211.380005
-10.332685 -0.705785 2.108335 -0.025142 0.022309 -2.871328 211.485001
-10.535543 -0.759427 2.108335 0.023715 0.019145 -2.900815 211.589996
-10.738338 -0.810753 2.108335 0.076625 -0.017818 -3.009387 211.695007
-10.937526 -0.853862 2.100247 0.047171 -0.020745 -3.075916 211.800003
-11.171566 -0.898427 2.082084 0.022184 0.053933 -3.063764 211.925003
-11.391332 -0.936595 2.082541 0.036352 0.047721 -3.054996 212.039993
-11.595532 -0.967831 2.082894 0.042299 0.036287 -3.048606 212.145004
-11.811845 -0.995475 2.083204 0.105096 0.028665 -3.102605 212.255005
-12.049446 -1.012484 2.083486 0.114615 0.028768 3.072992 212.375000
-12.257547 -1.013993 2.083695 0.102116 0.030822 2.988384 212.479996
-12.465099 -1.004011 2.083873 0.098346 0.032689 2.906820 212.585007
-12.671465 -0.982886 2.084023 0.102965 0.023639 2.829557 212.690002
-12.883074 -0.949392 2.065811 0.084442 -0.114979 2.732443 212.800003
-13.082433 -0.911080 2.065811 0.095115 -0.299529 2.612022 212.914993
-13.282079 -0.873414 2.065811 0.108978 -0.238685 2.454952 213.065002
-13.481261 -0.841566 2.065811 0.100673 -0.120857 2.214111 213.294998
-13.683784 -0.822787 2.065811 0.044128 -0.008964 1.653894 213.830002
-13.447375 -0.841557 2.065811 0.018469 0.310786 -0.100517 215.970001
-13.242418 -0.858576 2.065811 -0.034760 0.186849 -0.160391 216.100006
-13.008373 -0.876320 2.065811 0.011243 0.096612 -0.208734 216.229996
-12.780597 -0.895704 2.065811 -0.004241 0.057953 -0.247459 216.350006
-12.547502 -0.917813 2.065811 0.014355 0.043375 -0.234789 216.470001
-12.341268 -0.939994 2.065811 0.043612 0.035921 -0.225975 216.574997
-12.134511 -0.967601 2.065811 0.058823 0.028920 -0.219000 216.679993
-11.918384 -1.003681 2.065811 0.047276 0.005381 -0.203087 216.789993
-11.717905 -1.042070 2.065811 -0.006047 -0.204619 -0.093138 216.895004
-11.520161 -1.082409 2.065811 -0.050636 -0.321343 0.032518 217.014999
-11.312711 -1.130222 2.065811 -0.082444 -0.220112 0.215767 217.190002
-11.119296 -1.184638 2.065811 -0.079029 -0.090266 0.508965 217.470001
-10.933378 -1.258864 2.065811 -0.010136 0.004912 1.592749 218.505005
-11.092332 -1.128005 2.065811 0.053863 0.238178 2.424980 219.860001
-11.242492 -0.993719 2.035581 -0.007919 0.100189 2.343353 220.020004
-11.405664 -0.847524 2.015476 -0.028615 0.047457 2.306276 220.175003
-11.572739 -0.701499 1.985881 0.032667 0.028734 2.288563 220.324997
-11.721991 -0.563771 1.968449 0.037161 0.022546 2.251032 220.460007
-11.872279 -0.413957 1.969506 0.037091 0.016246 2.258791 220.600006
-12.012877 -0.264033 1.971430 0.035514 0.012159 2.264320 220.735001
-12.161085 -0.098288 1.962279 0.003490 0.133851 2.313664 220.880005
-12.303307 0.057448 1.946901 -0.045137 -0.011387 2.457998 221.009995
-12.450184 0.205450 1.913218 -0.056090 -0.018441 2.569387 221.139999
-12.599867 0.341078 1.909560 -0.111213 0.005553 2.719244 221.270004
-12.768997 0.468339 1.911049 -0.125528 0.028498 2.873344 221.410004
-12.941655 0.570077 1.912208 -0.128682 0.043088 3.007315 221.544998
-13.130280 0.651869 1.913186 -0.132430 0.050922 -3.132505 221.684998
-13.333842 0.709252 1.913993 -0.044610 0.045288 -3.100719 221.830002
-13.536647 0.751456 1.914621 -0.006362 0.031780 3.067419 221.970001
-13.743427 0.791664 1.915123 -0.010223 0.017097 2.946646 222.110001
-13.944193 0.829350 1.915515 -0.001779 0.009905 2.852022 222.244995
-14.144705 0.867803 1.915835 0.021322 0.011611 2.770689 222.380005
-14.342831 0.912645 1.916094 0.081981 0.020009 2.634821 222.514999
-14.534896 0.971951 1.916302 0.087521 0.034013 2.518711 222.649994
-14.727195 1.051011 1.916478 0.094324 0.038317 2.452347 222.789993
-14.903190 1.146462 1.916615 0.153184 0.042138 2.286800 222.925003
-15.079535 1.278903 1.916736 0.137883 0.047905 2.129898 223.074997
-15.224559 1.424450 1.916827 0.128306 0.048827 1.987688 223.214996
-15.359612 1.598913 1.916903 0.105003 0.044561 1.873547 223.365005
-15.478046 1.794739 1.916966 0.094703 0.042332 1.790962 223.520004
-15.564248 1.975713 1.917011 0.110992 0.040863 1.723036 223.654999
-15.631880 2.165078 1.917047 0.110966 0.037352 1.656872 223.789993
-15.680294 2.360861 1.917075 0.101413 0.032758 1.590502 223.925003
-15.710924 2.560851 1.917099 0.083779 0.027454 1.527805 224.059998
-15.726574 2.770648 1.917118 0.072123 0.024469 1.457447 224.199997
-15.728131 2.973814 1.917134 0.055103 0.022180 1.395264 224.335007
-15.720608 3.177459 1.917146 0.010687 0.069101 1.410423 224.470001
-15.708698 3.385370 1.917156 0.017307 0.171273 1.421495 224.600006
-15.692450 3.589048 1.917164 0.027375 0.118412 1.429119 224.714996
-15.671707 3.795524 1.906363 0.025764 0.071867 1.434809 224.824997
-15.644416 4.027431 1.864687 0.016728 0.043717 1.439737 224.945007
-15.617766 4.222940 1.831122 0.090648 0.030603 1.357718 225.044998
-15.584757 4.418412 1.797645 0.012785 0.027465 1.362669 225.145004
-15.546273 4.623634 1.793136 0.086103 0.024365 1.276093 225.250000
-15.499474 4.827014 1.795318 0.026201 0.025650 1.242250 225.354996
-15.438734 5.068426 1.797497 0.005028 0.023360 1.253687 225.479996
-15.386222 5.271357 1.799039 0.011061 0.022897 1.261311 225.585007
-15.332022 5.473951 1.800334 0.015302 -0.003726 1.267340 225.690002
-15.276796 5.672845 1.801291 0.013627 -0.087818 1.255867 225.794998
-15.219667 5.874053 1.801291 0.031404 -0.302283 1.135447 225.910004
-15.160439 6.091357 1.801291 0.069952 -0.262547 0.967905 226.070007
-15.112784 6.292137 1.801291 0.082203 -0.139441 0.727064 226.300003
-15.079697 6.489400 1.801291 0.046215 -0.019927 0.203497 226.800003
-14.907888 6.375772 1.801291 -0.014401 0.318055 -0.830290 228.625000
-14.760221 6.205161 1.801291 0.131197 0.176380 -0.929344 228.774994
-14.639296 6.038245 1.801291 0.127201 -0.032982 -1.129494 228.895004
-14.535670 5.867146 1.801291 0.119840 -0.041014 -1.301249 229.014999
-14.443901 5.683759 1.801291 0.119440 -0.001423 -1.451675 229.145004
-14.370050 5.492712 1.801291 0.128978 0.028381 -1.593824 229.279999
-14.315254 5.277321 1.801291 0.135589 0.047571 -1.743082 229.429993
-14.292229 5.073769 1.801291 0.138363 0.056647 -1.876043 229.570007
-14.296592 4.869736 1.801291 0.022286 0.039288 -1.837725 229.710007
-14.311204 4.632872 1.801291 -0.045004 0.020324 -1.610107 229.869995
-14.317933 4.409074 1.786291 -0.025175 -0.015918 -1.440163 230.020004
-14.318748 4.205756 1.768998 -0.060026 -0.018155 -1.270363 230.160004
-14.306489 3.983726 1.730561 -0.092036 0.005934 -1.112463 230.320007
-14.273820 3.779579 1.694948 -0.116786 0.029663 -0.970640 230.475006
-14.212629 3.581104 1.660022 -0.117928 0.040913 -0.837479 230.634995
-14.127811 3.401013 1.627773 -0.117135 0.038760 -0.723656 230.789993
-14.018939 3.236280 1.595734 -0.110529 0.040655 -0.591570 230.945007
-13.883712 3.084628 1.567404 -0.098823 0.039004 -0.466505 231.104996
-13.729650 2.951911 1.547077 -0.088444 0.036157 -0.345081 231.264999
-13.560698 2.837983 1.515012 -0.084349 0.036998 -0.226656 231.425003
-13.379307 2.743380 1.512700 -0.091593 0.042584 -0.100256 231.585007
-13.186675 2.670491 1.514243 -0.092474 0.050182 0.026079 231.744995
-12.990474 2.622574 1.515413 -0.090532 0.056118 0.146553 231.899994
-12.786407 2.598351 1.516331 -0.095885 0.061540 0.274035 232.054993
-12.583418 2.599446 1.491768 -0.097581 0.067640 0.395208 232.205002
-12.384100 2.624913 1.460351 -0.079390 0.068108 0.503836 232.350006
-12.190598 2.671455 1.428910 -0.116943 0.064222 0.634054 232.490005
-12.002076 2.742612 1.397296 -0.123028 0.060556 0.773945 232.630005
-11.823635 2.838717 1.367344 -0.132281 0.059388 0.910833 232.770004
-11.637323 2.977702 1.368111 -0.093078 0.055050 1.021452 232.929993
-11.489304 3.120198 1.368697 -0.128307 0.050527 1.143276 233.070007
-11.351878 3.292456 1.369196 -0.099260 0.047789 1.261406 233.220001
-11.226887 3.493294 1.369614 -0.094008 0.042187 1.320410 233.380005
-11.137565 3.673497 1.369849 -0.085875 -0.011964 1.392765 233.514999
-11.057422 3.864440 1.369849 -0.081497 -0.235637 1.549835 233.664993
-10.976857 4.051506 1.369849 -0.090138 -0.154605 1.769733 233.875000
-10.885345 4.232857 1.369849 -0.058507 -0.032707 2.214766 234.300003
-11.058769 4.307228 1.290122 -0.011628 0.319242 -3.050687 235.714996
-11.259003 4.285351 1.253374 -0.013831 0.198036 -3.035423 235.860001
-11.462049 4.260767 1.217186 -0.015736 0.042266 -3.025361 235.985001
-11.660232 4.234398 1.182142 -0.013171 -0.058229 -3.017972 236.104996
-11.855564 4.206203 1.148958 -0.007345 -0.110245 -3.012044 236.229996
-12.065346 4.173920 1.114184 -0.001176 -0.130014 -3.006633 236.380005
-12.261284 4.142604 1.082596 0.002862 -0.126253 -3.002357 236.544998
-12.456755 4.111209 1.049963 0.003545 -0.109001 -2.998756 236.750000
-12.660654 4.078830 1.037217 -0.000195 -0.062701 -2.974931 237.039993
-12.863965 4.046718 1.035402 -0.000510 -0.053657 -2.971078 237.475006
