-12.795298 4.066653 1.000000 0.003140 0.320145 0.349850 0.000000
-12.601844 4.134430 1.000000 0.002297 0.255269 0.345875 0.150000
-12.409526 4.202184 1.000000 0.002881 0.152506 0.343470 0.270000
-12.216843 4.270176 1.023225 0.004311 0.087079 0.341738 0.380000
-11.988390 4.350690 1.052616 0.005791 0.047907 0.340202 0.505000
-11.792721 4.419415 1.051758 0.006341 0.032936 0.339187 0.610000
-11.595421 4.488432 1.051034 0.006429 0.024531 0.338381 0.715000
-11.397305 4.557462 1.050418 0.005641 0.021800 0.337731 0.820000
-11.160512 4.638091 1.049803 0.042546 0.017783 0.274864 0.945000
-10.960431 4.701846 1.049370 0.017108 0.020126 0.274919 1.050000
-10.759748 4.764047 1.049003 0.019723 0.019736 0.275169 1.155000
-10.568087 4.821566 1.048704 0.068815 0.000444 0.237525 1.255000
-10.366806 4.875015 1.048438 0.110450 0.020125 0.134640 1.360000
-10.164013 4.916949 1.068534 0.110918 0.032386 0.042098 1.465000
-9.959306 4.947303 1.068814 0.047601 0.033397 0.001087 1.570000
-9.753078 4.971568 1.069050 0.030183 0.031975 0.011124 1.675000
-9.545527 4.992399 1.069252 0.038152 0.028388 0.019280 1.780000
-9.336989 5.009176 1.069424 0.040689 0.024632 0.025840 1.885000
-9.117899 5.022224 1.069577 0.031680 0.022900 0.031259 1.995000
-8.898407 5.031627 1.069705 0.018371 0.021322 0.035601 2.105000
-8.689185 5.038651 1.069808 0.004426 -0.022733 0.038883 2.210000
-8.484247 5.045109 1.069897 -0.004987 0.003787 0.041551 2.315000
-8.242513 5.054814 1.069984 -0.063749 0.040369 0.109435 2.440000
-8.038004 5.070409 1.070046 -0.101407 0.038288 0.191815 2.545000
-7.833591 5.097130 1.070099 -0.113910 0.037360 0.291467 2.650000
-7.630861 5.136579 1.070143 -0.113013 0.037931 0.379431 2.755000
-7.430852 5.188723 1.070181 -0.112486 0.038528 0.460049 2.860000
-7.235142 5.253520 1.070213 -0.149979 -0.059894 0.592643 2.965000
-7.046965 5.331860 1.070242 -0.185827 -0.098543 0.767747 3.075000
-6.869641 5.427188 1.070267 -0.194179 -0.022036 0.915900 3.195000
-6.682324 5.565561 1.070294 -0.156546 0.028382 1.024099 3.345000
-6.522012 5.725012 1.070315 -0.108289 0.033154 1.069047 3.495000
-6.380982 5.901206 1.070331 -0.100530 0.029392 1.135085 3.645000
-6.269401 6.071334 1.070344 -0.053509 0.023541 1.168445 3.780000
-6.166340 6.247907 1.070354 -0.031131 0.016741 1.151827 3.915000
-6.064159 6.434744 1.070361 -0.027118 0.013656 1.138808 4.055000
-5.962605 6.631095 1.070368 -0.018613 0.011130 1.128834 4.200000
-5.864019 6.829207 1.070374 -0.009203 0.039888 1.121463 4.345000
-5.775488 7.017378 1.070377 -0.076773 0.168264 1.201620 4.475000
-5.692086 7.222936 1.070380 -0.056128 0.111789 1.294352 4.600000
-5.618733 7.426957 1.070382 -0.048997 0.069127 1.379046 4.715000
-5.547367 7.648286 1.070385 -0.034280 0.045884 1.450622 4.835000
-5.485413 7.855258 1.070388 -0.009747 0.036834 1.436951 4.945000
-5.424809 8.064667 1.070388 -0.044492 0.033420 1.425947 5.055000
-5.373151 8.266983 1.070388 -0.086588 0.030732 1.465004 5.160000
-5.330629 8.471491 1.070388 -0.067436 0.016740 1.455928 5.265000
-5.295401 8.676431 1.083666 -0.109953 0.013738 1.490478 5.370000
-5.271785 8.877390 1.117836 -0.157376 -0.123035 1.687331 5.475000
-5.263807 9.079632 1.151172 -0.171925 -0.073797 1.860895 5.590000
-5.276871 9.280233 1.183758 -0.173042 -0.006214 2.022397 5.715000
-5.317419 9.480954 1.216036 -0.159313 0.035281 2.171290 5.850000
-5.394030 9.688846 1.250840 -0.143516 0.049629 2.318294 6.000000
-5.487524 9.864142 1.282529 -0.069231 0.043155 2.357521 6.135000
-5.601047 10.038593 1.315611 -0.091660 0.036972 2.419984 6.275000
-5.725838 10.197340 1.346861 -0.125096 0.031700 2.517874 6.410000
-5.878249 10.350109 1.381290 -0.139927 0.037771 2.695327 6.555000
-6.054932 10.483385 1.416127 -0.133331 0.043674 2.864291 6.705000
-6.227425 10.580912 1.447463 -0.129653 0.048772 3.004543 6.840000
-6.423949 10.661323 1.481402 -0.089184 0.047990 3.108209 6.985000
-6.614697 10.718311 1.512484 -0.083223 0.042592 -3.133219 7.120000
-6.811063 10.759814 1.545101 -0.068405 0.036586 -3.094514 7.255000
-7.011381 10.788673 1.576930 -0.061033 0.027255 -3.106533 7.390000
-7.244231 10.807147 1.601480 -0.050098 0.021958 -3.063585 7.545000
-7.478575 10.812606 1.599980 -0.022602 0.016763 -3.082771 7.700000
-7.683374 10.812593 1.598938 -0.015741 0.013018 -3.095104 7.835000
-7.890984 10.808290 1.599537 -0.066880 0.163345 -3.052321 7.970000
-8.093616 10.797346 1.614979 -0.015062 0.146071 -3.046418 8.090000
-8.295136 10.786436 1.615435 0.028254 0.090273 -3.054431 8.200000
-8.495891 10.777945 1.615807 0.020737 0.058085 -3.060628 8.305000
-8.701062 10.771095 1.646388 0.005541 0.040411 -3.065548 8.410000
-8.898596 10.764837 1.680146 -0.005803 0.031972 -3.069375 8.510000
-9.107171 10.757387 1.696690 -0.013084 0.025964 -3.072561 8.615000
-9.326251 10.747890 1.696602 -0.014667 0.023385 -3.075289 8.725000
-9.565503 10.735398 1.696521 -0.012051 0.021549 -3.077654 8.845000
-9.774918 10.722982 1.696462 -0.006658 0.021383 -3.079278 8.950000
-9.984389 10.709750 1.696413 -0.000964 0.020511 -3.080581 9.055000
-10.203773 10.695670 1.696369 0.003615 0.001392 -3.081671 9.165000
-10.410447 10.682662 1.696333 0.005837 -0.060185 -3.082506 9.270000
-10.618775 10.670072 1.696301 0.006890 0.022322 -3.083207 9.380000
-10.836066 10.657666 1.696273 0.005892 0.059636 -3.083781 9.495000
-11.068077 10.645080 1.696248 0.003713 0.045982 -3.084254 9.615000
-11.313767 10.632123 1.696227 0.001323 0.033091 -3.084633 9.740000
-11.541669 10.620131 1.696212 -0.000338 0.026576 -3.084907 9.855000
-11.750505 10.608983 1.696199 -0.001071 0.023592 -3.085106 9.960000
-11.959652 10.600306 1.696189 0.075318 0.021311 3.093535 10.065000
-12.168743 10.597650 1.696180 0.060258 0.010059 3.058929 10.170000
-12.375504 10.601322 1.696172 0.091233 -0.043945 2.961530 10.275000
-12.596488 10.612873 1.696165 -0.004005 0.038707 3.036492 10.390000
-12.829064 10.625844 1.696159 -0.033460 0.041793 3.092891 10.510000
-13.035200 10.636090 1.696154 0.025042 0.034013 3.112330 10.615000
-13.242738 10.648563 1.696150 0.024882 0.027172 3.110491 10.720000
-13.490748 10.666544 1.696147 0.000178 0.025328 3.108760 10.845000
-13.699663 10.681873 1.696145 -0.016008 0.023792 3.107620 10.950000
-13.908983 10.695548 1.696142 -0.024241 0.021645 3.106709 11.055000
-14.118452 10.706710 1.696140 -0.024761 0.003540 3.105981 11.160000
-14.325398 10.715508 1.696137 0.025225 -0.057651 3.061159 11.265000
-14.532012 10.724568 1.696135 -0.107449 -0.131078 -3.035965 11.375000
-14.737378 10.722078 1.696135 -0.184646 -0.062929 -2.770392 11.495000
-14.962370 10.692855 1.734895 -0.140355 0.013546 -2.649875 11.640000
-15.158391 10.640942 1.742080 -0.154573 0.038577 -2.500289 11.775000
-15.361102 10.552974 1.766598 -0.141396 0.049803 -2.342045 11.925000
-15.535121 10.444490 1.766584 -0.128489 0.051028 -2.201717 12.065000
-15.703671 10.303762 1.766571 -0.136069 0.051484 -2.035366 12.215000
-15.841305 10.152439 1.766561 -0.116702 0.051449 -1.905485 12.355000
-15.959255 9.985354 1.758695 -0.125045 0.052653 -1.766710 12.495000
-16.066397 9.778376 1.746860 -0.141239 0.058442 -1.605419 12.655000
-16.138739 9.557813 1.719397 -0.138330 0.061777 -1.456280 12.815000
-16.174028 9.356982 1.715418 -0.089871 0.053826 -1.412182 12.955000
-16.189724 9.150978 1.708283 -0.093738 0.043279 -1.365945 13.095000
-16.182907 8.928430 1.703288 -0.114415 0.039181 -1.232197 13.245000
-16.148703 8.700728 1.703428 -0.118035 0.036099 -1.120201 13.400000
-16.098618 8.506406 1.703528 -0.053062 0.031832 -1.075439 13.535000
-16.035133 8.314755 1.703607 -0.072083 0.029311 -1.016160 13.670000
-15.956054 8.119774 1.703674 -0.032414 0.023585 -1.008088 13.810000
-15.871974 7.933576 1.703727 -0.032758 0.018352 -1.023898 13.945000
-15.771190 7.728979 1.703773 -0.030928 0.013740 -1.036848 14.095000
-15.674674 7.547279 1.703807 -0.021178 0.011685 -1.045541 14.230000
-15.575869 7.366590 1.703833 -0.004290 0.009226 -1.084706 14.365000
-15.477783 7.188201 1.703854 0.006437 0.165319 -1.090073 14.495000
-15.369851 6.989302 1.703871 0.018742 0.123458 -1.094220 14.625000
-15.269138 6.798593 1.703884 0.023945 0.075133 -1.097044 14.740000
-15.167204 6.599703 1.703895 0.022922 0.045233 -1.099271 14.855000
-15.074475 6.414083 1.703902 0.018489 0.031085 -1.100888 14.960000
-14.982334 6.226362 1.703910 0.010846 0.024061 -1.102185 15.065000
-14.890429 6.037583 1.703915 0.003707 0.021337 -1.103236 15.170000
-14.802679 5.857435 1.703920 -0.000994 0.004333 -1.104029 15.270000
-14.711198 5.669209 1.722465 0.075976 -0.094703 -1.217424 15.375000
-14.630477 5.488992 1.757343 0.132857 -0.127256 -1.408351 15.480000
-14.558954 5.297486 1.781965 0.162209 -0.050526 -1.580875 15.600000
-14.506614 5.092661 1.792699 0.173742 0.018124 -1.740824 15.735000
-14.485430 4.884930 1.790640 0.163524 0.049158 -1.887115 15.875000
-14.496980 4.680205 1.788986 0.142109 0.055782 -2.016838 16.014999
-14.537877 4.479754 1.787648 0.091964 0.050037 -2.113125 16.155001
-14.600063 4.282818 1.786580 0.074491 0.040884 -2.154905 16.295000
-14.683207 4.074829 1.812100 0.029112 0.027287 -2.148149 16.445000
-14.767310 3.880844 1.846619 -0.011761 0.015658 -2.022852 16.584999
-14.848444 3.692496 1.861621 0.032403 0.011332 -1.972266 16.719999
-14.934205 3.505824 1.859903 0.030173 0.010256 -1.976864 16.855000
-15.031674 3.307563 1.858432 0.006082 0.009498 -1.980500 17.000000
-15.122591 3.122754 1.857317 -0.014078 0.090219 -1.945489 17.135000
-15.208969 2.938718 1.856477 -0.020614 0.168684 -1.947798 17.260000
-15.300590 2.733095 1.855787 -0.064837 0.104091 -1.929669 17.385000
-15.380816 2.529663 1.855265 -0.117533 0.062868 -1.818484 17.500000
-15.450933 2.307269 1.854807 -0.110382 0.047218 -1.715360 17.620001
-15.500261 2.107350 1.854468 -0.103278 0.040626 -1.633556 17.725000
-15.542631 1.884902 1.854156 -0.035090 0.036313 -1.612558 17.840000
-15.576459 1.679696 1.853917 -0.029784 0.031303 -1.624423 17.945000
-15.607077 1.473058 1.853713 -0.038277 0.028186 -1.633977 18.049999
-15.633740 1.265321 1.853540 -0.039844 0.024291 -1.641616 18.155001
-15.656315 1.057445 1.853392 -0.034169 -0.017876 -1.647807 18.260000
-15.675323 0.852294 1.853268 -0.020726 0.023488 -1.652726 18.365000
-15.692396 0.646935 1.853162 -0.005835 0.033855 -1.656662 18.469999
-15.709172 0.440121 1.853072 0.004965 0.030266 -1.659830 18.575001
-15.729386 0.202548 1.852985 0.011915 0.025593 -1.662679 18.695000
-15.750565 -0.025713 1.852915 0.012611 0.022790 -1.664838 18.809999
-15.774611 -0.264108 1.852855 0.009084 0.021105 -1.666597 18.930000
-15.800146 -0.502505 1.852805 0.003329 0.020945 -1.667973 19.049999
-15.823073 -0.711078 1.852768 -0.001551 0.004357 -1.668920 19.155001
-15.845744 -0.917107 1.852737 -0.005412 -0.063450 -1.669679 19.260000
-15.867007 -1.118359 1.852711 -0.071195 0.036347 -1.618429 19.365000
-15.882038 -1.321247 1.852688 -0.077693 0.044056 -1.541488 19.469999
-15.888538 -1.526406 1.852669 -0.091400 0.039463 -1.448287 19.575001
-15.884642 -1.732478 1.852653 -0.103735 0.039359 -1.358826 19.680000
-15.866832 -1.957779 1.852638 -0.067816 0.038839 -1.296227 19.795000
-15.838940 -2.182986 1.852626 -0.036460 0.035044 -1.311245 19.910000
-15.808291 -2.389107 1.852616 -0.043709 0.030610 -1.322185 20.014999
-15.766782 -2.624536 1.852607 -0.044089 0.025336 -1.332055 20.135000
-15.718965 -2.858088 1.852599 -0.030861 -0.038760 -1.339724 20.254999
-15.674555 -3.054853 1.852593 -0.080883 -0.121095 -1.261384 20.360001
-15.621094 -3.252419 1.852588 -0.124549 -0.091812 -1.070585 20.475000
-15.544124 -3.467004 1.852582 -0.130798 -0.018857 -0.889813 20.615000
-15.453681 -3.653589 1.852579 -0.132984 0.020127 -0.738116 20.750000
-15.336108 -3.835228 1.852576 -0.134365 0.041980 -0.589112 20.895000
-15.202045 -3.991933 1.852572 -0.122559 0.048874 -0.460708 21.035000
-15.050163 -4.131151 1.852569 -0.088956 0.047141 -0.396433 21.174999
-14.890318 -4.251952 1.852568 -0.085389 0.040330 -0.354158 21.309999
-14.719141 -4.357970 1.884716 -0.136064 0.038202 -0.214135 21.445000
-14.538010 -4.444843 1.918353 -0.095787 0.037136 -0.148254 21.580000
-14.349552 -4.516274 1.952246 -0.072497 0.032474 -0.106462 21.715000
-14.155788 -4.575133 1.985252 -0.073089 0.028489 -0.059016 21.850000
-13.950767 -4.622650 2.018870 -0.076675 0.026739 -0.000095 21.990000
-13.750231 -4.655863 2.051676 -0.073579 0.024322 0.037496 22.125000
-13.525209 -4.680424 2.087247 -0.068398 0.021738 0.059942 22.275999
-13.321405 -4.692197 2.119951 -0.060455 0.019168 0.084846 22.410000
-13.117084 -4.694265 2.175201 -0.018422 0.036958 0.098988 22.545000
-12.911046 -4.691479 2.240192 -0.019282 0.174816 0.091901 22.674999
-12.690545 -4.684200 2.268739 0.044166 0.109936 0.051826 22.799999
-12.455597 -4.681928 2.265421 0.072150 0.067008 -0.076509 22.924999
-12.223753 -4.690722 2.262789 -0.002018 0.046077 -0.123843 23.045000
-12.008077 -4.700673 2.260767 -0.025143 0.033966 -0.110471 23.155001
-11.800336 -4.708181 2.239688 -0.012403 0.028914 -0.100336 23.260000
-11.591843 -4.717128 2.237689 0.026255 0.020674 -0.131445 23.365000
-11.373477 -4.728224 2.239358 -0.009343 0.023669 -0.064098 23.475000
-11.174599 -4.737234 2.271592 0.013483 0.023740 -0.063146 23.575001
-10.975473 -4.747606 2.303830 0.015620 0.023044 -0.062361 23.674999
-10.776191 -4.759581 2.335992 0.011055 0.021996 -0.061732 23.775000
-10.576828 -4.772738 2.362958 0.005354 0.021096 -0.061219 23.875000
-10.377422 -4.786499 2.373393 -0.000973 0.021007 -0.060806 23.975000
-10.177967 -4.800275 2.385229 -0.005294 0.020540 -0.060468 24.075001
-9.968595 -4.814289 2.383706 -0.007752 -0.002014 -0.060183 24.180000
-9.762067 -4.827427 2.382404 -0.007833 -0.017686 -0.059953 24.285000
-9.539129 -4.838308 2.381213 -0.036812 0.037272 0.008506 24.400000
-9.333881 -4.844322 2.380288 0.015438 0.036886 -0.002509 24.504999
-9.126812 -4.851757 2.379505 0.023299 0.030040 -0.011310 24.610001
-8.908744 -4.860136 2.378813 0.000885 0.025610 0.020814 24.719999
-8.670085 -4.868847 2.378178 0.001202 0.024348 0.013555 24.840000
-8.440825 -4.877182 2.377672 -0.009752 0.022939 0.008125 24.955000
-8.221224 -4.883970 2.377265 -0.015676 0.021753 0.004008 25.065001
-8.011478 -4.888730 2.376938 -0.016623 0.015435 0.000883 25.170000
-7.803041 -4.892298 2.376657 0.047805 -0.012052 -0.061742 25.275000
-7.597181 -4.898088 2.376420 -0.024037 0.028001 -0.025287 25.379999
-7.390614 -4.902062 2.376216 -0.048061 -0.007015 0.017767 25.485001
-7.179956 -4.903140 2.391923 -0.009107 -0.129566 0.002047 25.594999
-6.977065 -4.902896 2.381165 -0.077894 -0.090596 0.087477 25.709999
-6.772049 -4.896642 2.380102 0.023889 -0.038925 0.058549 25.834999
-6.567373 -4.893117 2.379199 0.070852 -0.011429 -0.068306 25.965000
-6.360073 -4.901377 2.378428 0.031429 0.003255 -0.199028 26.100000
-6.155593 -4.917107 2.382905 0.038266 0.013090 -0.230883 26.235001
-5.937510 -4.941380 2.363182 0.056741 0.017525 -0.304671 26.379999
-5.736529 -4.974611 2.326843 0.028897 0.019389 -0.338125 26.514999
-5.536332 -5.014680 2.292084 0.021724 0.017271 -0.321663 26.650000
-5.343863 -5.057742 2.245733 0.026937 0.014812 -0.309604 26.780001
-5.152170 -5.105603 2.212674 0.024252 0.013179 -0.300453 26.910000
-4.961380 -5.157721 2.180752 0.015762 0.011924 -0.293433 27.040001
-4.756957 -5.216956 2.148040 0.005829 0.172411 -0.287931 27.174999
-4.546659 -5.279951 2.113265 0.060517 0.116899 -0.335737 27.299999
-4.332694 -5.350987 2.089410 0.060354 0.070559 -0.406362 27.420000
-4.105974 -5.436774 2.050305 0.073667 0.045226 -0.513166 27.545000
-3.917830 -5.518612 2.017148 0.103944 -0.075750 -0.642240 27.650000
-3.726984 -5.611955 1.999336 0.008892 -0.122947 -0.580187 27.764999
-3.540597 -5.711349 2.000822 0.138828 -0.049494 -0.774652 27.889999
-3.369332 -5.824072 2.002105 0.118745 0.000776 -0.846119 28.020000
-3.215153 -5.949680 1.973071 0.127534 0.018204 -0.925072 28.150000
-3.062996 -6.106656 1.971120 0.109568 -0.035103 -1.073013 28.295000
-2.933131 -6.265990 1.971120 0.073180 -0.241096 -1.230097 28.445000
-2.805028 -6.420320 1.971120 0.083558 -0.155023 -1.450015 28.655001
-2.667255 -6.567414 1.971120 0.055944 -0.033327 -1.900324 29.084999
-2.710423 -6.764792 1.971120 0.043381 0.316371 -2.175731 29.690001
-2.831775 -6.927919 1.971120 0.035472 0.285547 -2.196714 29.850000
-2.960063 -7.090817 1.971120 0.023282 0.162210 -2.208906 29.975000
-3.087318 -7.248375 1.971120 0.013704 0.094854 -2.217344 30.084999
-3.221673 -7.412580 1.971120 0.004703 0.052716 -2.223930 30.195000
-3.372028 -7.595472 1.971120 -0.002079 0.032392 -2.229642 30.315001
-3.530203 -7.788265 1.971120 -0.006157 0.022743 -2.234258 30.440001
-3.675903 -7.966934 1.971120 -0.007333 0.018623 -2.237578 30.555000
-3.802370 -8.123022 1.971120 -0.006604 0.017588 -2.239892 30.655001
-3.928586 -8.279608 1.971120 -0.005045 0.016024 -2.241756 30.754999
-4.054603 -8.436490 1.971120 -0.003117 0.015380 -2.243260 30.855000
-4.180539 -8.593507 1.971120 -0.001350 0.015409 -2.244490 30.955000
-4.306521 -8.750550 1.971120 -0.000100 0.015384 -2.245486 31.055000
-4.432498 -8.907364 1.971120 0.000425 -0.011412 -2.246295 31.155001
-4.562695 -9.069112 1.971120 0.000288 -0.074463 -2.246981 31.260000
-4.692650 -9.230233 1.972818 0.010003 -0.042558 -2.254503 31.370001
-4.821965 -9.385006 2.009356 0.065694 0.070590 -2.342992 31.480000
-4.973150 -9.553760 2.014875 0.018768 0.065125 -2.363900 31.600000
-5.111753 -9.703529 2.028872 0.022695 0.046869 -2.364625 31.705000
-5.254631 -9.852993 2.044215 0.111927 -0.070513 -2.483608 31.809999
-5.403291 -9.995806 2.043791 0.065656 -0.125076 -2.509897 31.920000
-5.556767 -10.134270 2.051330 -0.049460 -0.088927 -2.311802 32.040001
-5.711326 -10.277771 2.051403 -0.029481 -0.265843 -2.374074 32.174999
-5.854631 -10.418968 2.051403 0.024839 -0.225839 -2.552095 32.345001
-5.994482 -10.570248 2.051403 0.053115 -0.101720 -2.861013 32.639999
-6.112772 -10.731604 2.051403 0.005151 0.003058 2.071307 33.930000
-6.112697 -10.530110 2.051403 0.001697 0.254083 1.533339 34.450001
-6.110204 -10.324326 2.051403 0.059146 0.116949 1.469262 34.615002
-6.092977 -10.120059 2.051403 0.106598 0.049197 1.402272 34.759998
-6.049114 -9.897185 2.051403 0.121789 0.029470 1.237143 34.915001
-5.983870 -9.700454 2.051403 0.078370 0.027885 1.111433 35.055000
-5.900858 -9.517862 2.051403 0.126100 0.027755 0.913945 35.189999
-5.798396 -9.345709 2.051403 0.032214 0.028128 0.837214 35.325001
-5.687194 -9.176737 2.017949 0.015599 0.023296 0.853188 35.459999
-5.571619 -9.008266 1.984000 0.028209 0.016947 0.865038 35.595001
-5.455574 -8.848157 1.951285 0.030244 0.012948 0.873813 35.724998
-5.335037 -8.690775 1.919042 0.048790 0.010985 0.858901 35.855000
-5.203329 -8.532672 1.906754 0.042460 -0.048469 0.820732 35.990002
-5.063403 -8.377155 1.906754 -0.016682 -0.254058 0.977811 36.139999
-4.921946 -8.229563 1.906754 -0.055430 -0.170558 1.197724 36.349998
-4.774199 -8.092988 1.906754 -0.051094 -0.046384 1.632314 36.764999
-4.964781 -8.025941 1.906754 -0.007543 0.184261 -3.011788 38.660000
-5.170405 -8.037443 1.906754 -0.057293 0.058831 -2.768215 38.814999
-5.370221 -8.061294 1.906754 -0.081609 0.049045 -2.511907 38.959999
-5.566346 -8.105195 1.926739 -0.102908 0.076050 -2.352597 39.105000
-5.761478 -8.179308 1.961557 -0.155652 0.098061 -2.209350 39.255001
-5.935262 -8.285444 1.994923 -0.174932 0.091128 -2.091380 39.400002
-6.081294 -8.419377 2.027898 -0.182731 0.085905 -1.942424 39.540001
-6.199747 -8.580141 2.045565 -0.163385 0.074017 -1.800791 39.680000
-6.293242 -8.767182 2.044390 -0.136892 0.062307 -1.658560 39.825001
-6.357549 -8.960660 2.043479 -0.118921 0.053338 -1.531444 39.965000
-6.398479 -9.161480 2.042748 -0.105987 0.047735 -1.403865 40.105000
-6.416285 -9.365803 2.042158 -0.114534 0.048600 -1.269179 40.244999
-6.409811 -9.570361 2.041682 -0.120286 0.052391 -1.136238 40.384998
-6.371492 -9.800615 2.041252 -0.122628 0.053815 -0.986367 40.544998
-6.305578 -10.009072 2.040936 -0.126679 0.055669 -0.846295 40.695000
-6.218266 -10.193537 2.040699 -0.120176 0.055534 -0.721608 40.834999
-6.107753 -10.365501 2.040508 -0.125396 0.054485 -0.588747 40.974998
-5.975867 -10.521940 2.040355 -0.127714 0.053863 -0.459556 41.115002
-5.824794 -10.660008 2.040232 -0.126946 0.054933 -0.332334 41.255001
-5.650784 -10.780975 2.040129 -0.133898 0.055509 -0.189285 41.400002
-5.468714 -10.873666 2.040048 -0.126702 0.056751 -0.062848 41.540001
-5.276035 -10.942267 2.039984 -0.093518 0.052378 0.025354 41.680000
-5.075702 -10.991324 2.039934 -0.093150 0.045790 0.071111 41.820000
-4.862609 -11.022613 2.039891 -0.098181 0.039223 0.127612 41.965000
-4.661375 -11.032841 2.039859 -0.067174 0.031794 0.168209 42.099998
-4.443482 -11.029285 2.039830 -0.039701 0.023515 0.148535 42.244999
-4.239667 -11.017319 2.039810 -0.075731 0.019041 0.186235 42.380001
-4.036450 -10.994812 2.039793 -0.023184 0.014963 0.183187 42.514999
-3.824785 -10.966137 2.039780 -0.006870 0.138496 0.172322 42.654999
-3.619459 -10.936089 2.039768 -0.001512 0.156634 0.164971 42.779999
-3.403229 -10.903542 2.039762 0.002952 0.095190 0.159569 42.900002
-3.185598 -10.870737 2.039757 0.006484 0.057836 0.155476 43.014999
-2.982240 -10.840494 2.039752 0.008405 0.039331 0.152517 43.119999
-2.756964 -10.807705 2.039746 0.008642 0.029026 0.149936 43.235001
-2.541071 -10.776948 2.039744 -0.003005 -0.093754 0.211814 43.345001
-2.339978 -10.748541 2.039744 -0.039122 -0.304931 0.327009 43.455002
-2.124275 -10.720525 2.039744 -0.077563 -0.271676 0.484093 43.605000
-1.924724 -10.700983 2.039744 -0.088638 -0.150735 0.704012 43.814999
-1.721820 -10.693536 2.039744 -0.055781 -0.029754 1.164793 44.255001
-1.917942 -10.628415 2.039744 -0.015693 0.311333 2.953157 46.410000
-2.126983 -10.582159 2.039744 0.050834 0.181165 2.976690 46.544998
-2.328225 -10.531913 2.039744 0.052467 0.104768 2.979688 46.660000
-2.530348 -10.476670 2.039744 0.009348 0.062656 2.972892 46.770000
-2.728074 -10.421932 2.039744 -0.024507 0.044291 2.967642 46.875000
-2.967517 -10.359631 2.039744 -0.049345 0.031247 2.962762 47.000000
-3.200439 -10.306440 2.039744 -0.081828 0.025102 2.992556 47.119999
-3.445755 -10.263178 2.039744 -0.078152 0.024659 3.060733 47.244999
-3.652247 -10.235040 2.039744 0.057180 -0.094373 2.923798 47.349998
-3.855067 -10.202002 2.039744 0.133115 -0.126986 2.717786 47.459999
-4.052233 -10.155369 2.039744 0.173594 -0.044304 2.533387 47.580002
-4.264112 -10.077742 2.039744 0.133363 0.019549 2.433841 47.724998
-4.445134 -9.984531 2.039744 0.123828 0.032837 2.375085 47.860001
-4.626609 -9.863991 2.039744 0.076422 0.027942 2.354018 48.005001
-4.788896 -9.740195 2.039744 0.041883 0.015481 2.431435 48.139999
-4.945222 -9.608233 2.039744 0.100844 -0.002961 2.271950 48.275002
-5.092723 -9.463549 2.039744 0.006514 -0.246171 2.423785 48.419998
-5.232660 -9.316161 2.039744 -0.042878 -0.188908 2.627976 48.615002
-5.363280 -9.162825 2.039744 -0.052950 -0.066886 3.004944 48.974998
-5.556191 -9.242262 2.039744 -0.025766 0.221307 -1.999270 50.500000
-5.643859 -9.427104 2.054322 0.062245 0.082670 -1.853382 50.660000
-5.750364 -9.627578 2.078784 0.022291 0.037061 -1.842213 50.820000
-5.849100 -9.807589 2.078033 -0.100444 0.038395 -1.674359 50.959999
-5.934924 -9.995087 2.077435 -0.052286 0.043583 -1.689705 51.099998
-6.007975 -10.183093 2.076965 -0.080544 0.036534 -1.706336 51.235001
-6.067619 -10.377491 2.076581 -0.067142 0.022901 -1.736244 51.369999
-6.118490 -10.573421 2.076274 -0.003005 -0.138747 -1.848446 51.505001
-6.168945 -10.772166 2.075981 -0.001027 -0.228040 -1.852673 51.665001
-6.215320 -10.968350 2.075659 0.001692 -0.174606 -1.856857 51.904999
-6.016948 -10.913417 2.075425 -0.006173 0.317132 0.793447 56.189999
-5.849950 -10.749982 2.075425 0.026296 0.184438 0.851657 56.340000
-5.702570 -10.604608 2.075425 -0.003634 0.102779 0.921902 56.455002
-5.541136 -10.442913 2.075425 -0.035331 0.061603 0.952649 56.575001
-5.379396 -10.273199 2.075425 -0.027034 0.042367 0.989971 56.695000
-5.219726 -10.097222 2.075425 -0.041833 0.033897 0.978089 56.814999
-5.057190 -9.907848 2.075425 -0.064625 0.026739 0.968541 56.939999
-4.913734 -9.727468 2.075425 -0.063543 0.021075 0.961703 57.055000
-4.793911 -9.566374 2.075425 -0.051632 0.017637 0.956926 57.154999
-4.677754 -9.402480 2.075425 -0.029058 -0.000824 0.953094 57.255001
-4.563948 -9.237970 2.061985 0.043611 0.014168 0.909237 57.355000
-4.441531 -9.069375 2.048757 0.118701 -0.107102 0.737726 57.459999
-4.307118 -8.904968 2.049280 0.165370 -0.107466 0.542454 57.575001
-4.167579 -8.761413 2.049731 0.144276 -0.027300 0.436001 57.695000
-4.011485 -8.630219 2.050133 0.128140 0.013197 0.386757 57.825001
-3.841118 -8.512939 2.050475 0.070700 0.017144 0.402100 57.959999
-3.664289 -8.407372 2.050750 0.086134 0.016193 0.393648 58.095001
-3.481238 -8.313773 2.050974 0.038974 0.013040 0.383049 58.230000
-3.294824 -8.226814 2.051158 0.019505 0.011553 0.394485 58.365002
-3.099921 -8.139747 2.065507 0.067831 0.006864 0.342547 58.505001
-2.909504 -8.063650 2.065868 0.060279 0.012372 0.251672 58.639999
-2.689876 -7.987381 2.065916 0.014654 -0.239578 0.353807 58.799999
-2.498761 -7.927459 2.065916 -0.033039 -0.203756 0.547527 58.985001
-2.305258 -7.876811 2.065916 -0.052137 -0.080958 0.893081 59.314999
-2.259457 -7.679232 2.065916 0.009650 0.244756 2.188475 60.900002
-2.370942 -7.509326 2.065916 -0.068132 0.098895 2.151926 61.060001
-2.505455 -7.326249 2.065916 0.037702 0.033985 1.907511 61.220001
-2.624286 -7.159982 2.065916 -0.043700 0.021781 1.911779 61.360001
-2.749057 -6.992780 2.065916 0.026469 0.031069 1.935933 61.500000
-2.867188 -6.826536 2.065916 0.015920 0.023343 2.041069 61.634998
-2.981460 -6.655519 2.068829 0.034936 0.010743 2.129456 61.770000
-3.098966 -6.468324 2.109221 0.015213 0.002124 2.255094 61.915001
-3.207773 -6.295220 2.144028 -0.061733 0.006479 2.425761 62.049999
-3.338758 -6.114563 2.180963 -0.069914 0.034828 2.553849 62.200001
-3.468595 -5.961617 2.185649 -0.068885 -0.039822 2.500509 62.334999
-3.608461 -5.812745 2.185649 -0.026343 -0.249427 2.343438 62.485001
-3.753225 -5.669736 2.185649 0.028566 -0.171809 2.118305 62.700001
-3.905063 -5.537913 2.185649 0.041408 -0.047021 1.657565 63.139999
-3.690725 -5.490529 2.211849 0.021196 0.166362 -0.067537 65.154999
-3.464569 -5.502126 2.212830 0.085170 0.062936 -0.092144 65.320000
-3.261790 -5.529955 2.212106 0.059224 0.031066 -0.107335 65.459999
-3.055910 -5.567772 2.247439 0.003784 0.020011 -0.071781 65.599998
-2.855263 -5.603565 2.243123 -0.000281 0.099445 -0.017799 65.735001
-2.655647 -5.635920 2.239851 0.003110 0.170348 -0.029713 65.860001
-2.452151 -5.666184 2.237364 -0.030808 0.113430 -0.038185 65.974998
-2.245669 -5.691907 2.235356 -0.047464 0.071128 -0.044635 66.084999
-2.032637 -5.712446 2.231963 -0.047560 0.046391 -0.049797 66.195000
-1.796377 -5.727658 2.213840 -0.131033 0.030719 0.039772 66.315002
-1.588850 -5.727241 2.213687 -0.134970 0.031460 0.167560 66.419998
-1.382111 -5.713525 2.213560 -0.020568 0.030799 0.184401 66.525002
-1.145208 -5.693612 2.213436 0.000735 0.027234 0.169807 66.644997
-0.927217 -5.674583 2.213342 -0.010380 0.025593 0.159324 66.754997
-0.718722 -5.655628 2.199759 0.024263 0.020529 0.097926 66.860001
-0.509982 -5.637782 2.198191 0.045432 0.019045 0.044491 66.964996
-0.311230 -5.624465 2.164523 0.013217 0.019367 -0.026721 67.065002
-0.102947 -5.612619 2.163497 -0.009096 -0.009354 -0.018950 67.169998
0.102089 -5.600149 2.162741 0.006082 0.013998 -0.012686 67.275002
0.306147 -5.588519 2.162102 0.022488 0.040132 -0.007669 67.379997
0.512214 -5.579333 2.161555 0.030569 0.036242 -0.003595 67.485001
0.749782 -5.572808 2.161034 0.028619 0.028653 0.000035 67.605003
0.958698 -5.570366 2.160648 0.020496 0.024964 0.002577 67.709999
1.178046 -5.569572 2.160305 -0.060209 0.019552 0.065495 67.820000
1.426538 -5.560382 2.159980 -0.105558 0.024125 0.194634 67.945000
1.633424 -5.540192 2.159753 -0.111132 0.031010 0.285850 68.050003
1.837991 -5.507468 2.159559 -0.077367 0.020150 0.344604 68.154999
2.038626 -5.466289 2.159461 -0.051607 -0.105805 0.384613 68.260002
2.239116 -5.421181 2.159461 -0.075145 -0.302046 0.505034 68.375000
2.457912 -5.373653 2.159461 -0.098274 -0.245043 0.677811 68.540001
2.657582 -5.337941 2.159461 -0.094054 -0.117215 0.929123 68.779999
2.856764 -5.317594 2.159461 -0.038877 -0.006530 1.536461 69.360001
2.660339 -5.362905 2.122727 0.019014 0.190189 -2.959170 71.355003
2.458361 -5.391260 2.116375 -0.028591 0.087832 -2.975779 71.510002
2.260755 -5.426153 2.102016 -0.024266 0.043912 -2.992877 71.650002
2.064986 -5.466788 2.111605 0.014516 0.025400 -3.036144 71.785004
1.866680 -5.508928 2.123226 -0.015732 0.059313 -3.036947 71.919998
1.664261 -5.552912 2.122797 0.002276 0.174762 -3.030310 72.050003
1.464711 -5.593740 2.122460 0.032069 0.120479 -3.025799 72.165001
1.261593 -5.630576 2.122318 0.031075 -0.013452 -3.081572 72.275002
1.038279 -5.667384 2.122318 0.058423 -0.262725 3.070721 72.400002
0.837156 -5.701430 2.122318 0.086742 -0.274152 2.924122 72.540001
0.632456 -5.742700 2.122318 0.094949 -0.148634 2.698988 72.754997
0.439008 -5.794247 2.122318 0.059171 -0.030307 2.259192 73.175003
0.660091 -5.762432 2.122318 -0.000770 0.155207 0.190384 75.285004
0.878204 -5.706228 2.122318 0.084203 0.047451 0.237944 75.445000
1.081493 -5.669355 2.122318 0.053959 0.017485 0.278373 75.584999
1.311518 -5.641766 2.122318 0.058640 0.008348 0.284519 75.739998
1.515929 -5.624334 2.122318 -0.042710 0.162635 0.335367 75.875000
1.721500 -5.595139 2.122318 -0.113620 0.096802 0.438254 76.000000
1.960981 -5.536258 2.122318 -0.164246 -0.031224 0.641263 76.144997
2.153519 -5.463084 2.122318 -0.169721 -0.036461 0.793588 76.275002
2.332210 -5.367405 2.122318 -0.157178 -0.050198 0.932001 76.415001
2.498427 -5.246111 2.122318 -0.134692 -0.047839 1.059755 76.574997
2.642960 -5.103920 2.122318 -0.102743 -0.051455 1.165800 76.754997
2.765672 -4.942014 2.122318 -0.069809 -0.050541 1.259838 76.964996
2.864599 -4.765496 2.122318 -0.049265 -0.044341 1.380346 77.214996
2.936805 -4.577205 2.122318 0.023464 0.254708 1.408026 77.470001
2.999705 -4.376656 2.122318 -0.020651 0.129823 1.404435 77.644997
3.056417 -4.174058 2.122318 -0.019989 0.059471 1.420661 77.794998
3.106411 -3.973836 2.122318 -0.026646 0.032612 1.412659 77.934998
3.150730 -3.775947 2.122318 -0.029040 0.021174 1.406905 78.070000
3.190458 -3.575500 2.122318 -0.053762 0.015052 1.434628 78.205002
3.227340 -3.349790 2.122318 -0.045374 0.138642 1.455755 78.355003
3.255708 -3.135457 2.122318 -0.066345 0.155479 1.504646 78.485001
3.274408 -2.926610 2.122318 -0.058010 0.095477 1.587157 78.599998
3.285969 -2.707587 2.122318 0.016156 0.055923 1.622686 78.714996
3.299176 -2.463928 2.122318 0.024518 0.037441 1.607005 78.839996
3.314072 -2.237130 2.122318 -0.002958 0.030831 1.595682 78.955002
3.327228 -2.028798 2.122318 -0.022578 0.027378 1.587431 79.059998
3.337853 -1.819759 2.122318 -0.033344 0.023942 1.580853 79.165001
3.344913 -1.610445 2.122318 -0.032907 0.008348 1.575586 79.269997
3.348521 -1.401649 2.122318 -0.023958 0.022787 1.571379 79.375000
3.349622 -1.162783 2.122318 -0.010287 0.024103 1.567560 79.495003
3.349373 -0.953386 2.122318 0.001018 0.022569 1.564949 79.599998
3.349247 -0.743736 2.122318 0.008548 0.021628 1.562815 79.705002
3.350114 -0.523973 2.122318 0.012296 0.020194 1.561044 79.815002
3.352850 -0.274235 2.122318 0.011509 0.020620 1.559461 79.940002
3.356889 -0.044447 2.122318 0.007503 0.021125 1.558330 80.055000
3.361427 0.165197 2.122318 0.002897 -0.004133 1.557515 80.160004
3.366229 0.371539 2.122318 -0.001379 -0.050212 1.556852 80.264999
3.371071 0.582955 2.122318 -0.003502 0.040671 1.556300 80.375000
3.376135 0.825741 2.122318 -0.004729 0.042199 1.555801 80.500000
3.380430 1.062027 2.122318 -0.004175 0.033552 1.555436 80.620003
3.384229 1.300219 2.122318 -0.002640 0.026804 1.555156 80.739998
3.387297 1.509438 2.122318 -0.001184 0.023105 1.554963 80.845001
3.390283 1.718966 2.122318 0.000120 0.021518 1.554805 80.949997
3.393324 1.928639 2.122318 0.001056 0.021018 1.554678 81.055000
3.394165 2.138201 2.122318 -0.092381 0.017682 1.664383 81.160004
3.385389 2.346683 2.122318 -0.062794 0.024605 1.737381 81.264999
3.367634 2.564226 2.122318 -0.071711 0.027727 1.781694 81.375000
3.343931 2.771383 2.122318 0.017914 0.023734 1.734301 81.480003
3.320527 2.978982 2.122318 -0.006435 0.023106 1.681375 81.584999
3.289642 3.215904 2.122318 -0.120560 0.023629 1.819271 81.705002
3.242581 3.449314 2.122318 -0.117968 0.027931 1.960272 81.824997
3.178763 3.677409 2.122318 -0.065274 0.025559 2.024487 81.945000
3.113940 3.884406 2.122318 0.054984 0.025095 1.881806 82.055000
3.047048 4.112570 2.122318 -0.011382 0.027366 1.879545 82.175003
2.980430 4.331575 2.122318 -0.108325 0.019572 1.959240 82.290001
2.908933 4.527351 2.122318 -0.146928 0.024921 2.100131 82.394997
2.822684 4.715597 2.122318 -0.151067 0.034338 2.229328 82.500000
2.721477 4.894952 2.122318 -0.156520 0.043275 2.349477 82.605003
2.606379 5.062333 2.122318 -0.213049 -0.089257 2.564102 82.709999
2.474697 5.219356 2.122318 -0.186189 -0.062780 2.674032 82.824997
2.327695 5.360109 2.096853 -0.176273 -0.003062 2.750900 82.949997
2.165608 5.478693 2.060789 -0.160005 0.023458 2.812302 83.080002
1.951732 5.591650 2.019302 -0.125250 0.028100 2.888833 83.239998
1.761660 5.664132 1.997040 -0.090631 0.023942 2.949733 83.375000
1.566067 5.721230 1.977169 -0.066292 0.020816 3.014658 83.510002
1.367258 5.767234 1.971663 0.023243 0.010458 2.990498 83.644997
1.164253 5.809966 1.973593 0.064014 0.029186 2.906706 83.779999
0.967759 5.860028 1.975108 0.095534 -0.001218 2.693993 83.910004
0.772590 5.927043 1.976399 0.084409 0.009949 2.527421 84.044998
0.572896 6.013691 1.977504 0.089251 0.024560 2.377817 84.190002
0.391358 6.112004 1.978368 0.102580 -0.060255 2.239194 84.330002
0.221565 6.221233 1.964948 0.103267 -0.099794 2.191221 84.480003
0.060731 6.345751 1.963680 0.110028 -0.092203 2.060084 84.660004
-0.083407 6.489025 1.953985 0.043031 -0.085450 2.164103 84.889999
-0.213359 6.644224 1.955690 0.008829 -0.062694 2.208357 85.199997
-0.316954 6.816957 1.956870 0.062250 0.294995 1.955940 85.559998
-0.381274 7.008142 1.957265 0.006078 0.152808 1.764457 85.745003
-0.444892 7.222404 1.957532 0.021793 0.061020 1.590719 85.910004
-0.495059 7.416360 1.957711 0.051488 0.041801 1.450784 86.050003
-0.534062 7.622594 1.957859 0.102475 0.051962 1.310008 86.195000
-0.549908 7.824310 1.957975 0.134296 0.064823 1.179620 86.334999
-0.537513 8.025563 1.958068 0.146817 0.070048 1.051180 86.474998
-0.494058 8.222438 1.958142 0.146530 0.068538 0.921837 86.614998
-0.420304 8.410852 1.958202 0.139490 0.063695 0.790408 86.754997
-0.311747 8.600220 1.958252 0.086739 0.051689 0.711980 86.904999
-0.190877 8.768011 1.958290 0.086626 0.041562 0.663731 87.044998
-0.054242 8.926178 1.958321 0.089143 0.034075 0.605773 87.184998
0.090876 9.067759 1.958345 0.087355 0.028532 0.541446 87.320000
0.247199 9.197777 1.958365 0.083988 0.025543 0.474015 87.455002
0.425720 9.324067 1.958382 0.079217 0.023502 0.400028 87.599998
0.613460 9.436392 1.958395 0.076722 0.023106 0.326823 87.745003
0.797929 9.528889 1.958405 0.086640 0.170344 0.260352 87.879997
0.984575 9.603987 1.958412 0.078048 0.149868 0.195193 88.000000
1.182823 9.669425 1.958417 0.067286 0.097993 0.133506 88.114998
1.382787 9.724686 1.958420 0.069743 -0.037324 0.047016 88.224998
1.583378 9.773236 1.958420 0.084495 -0.266385 -0.073405 88.339996
1.779673 9.820532 1.958420 0.105378 -0.265102 -0.220004 88.480003
1.978988 9.874976 1.958420 0.104160 -0.140674 -0.445138 88.695000
2.168573 9.940024 1.958420 0.059797 -0.024768 -0.895405 89.125000
2.028363 9.794737 1.958420 0.023804 0.311805 -2.528424 91.150002
1.862963 9.674633 1.958420 0.002180 0.194786 -2.598100 91.279999
1.694228 9.555416 1.958420 0.009731 0.101580 -2.673676 91.394997
1.506345 9.426678 1.958420 0.040599 0.060031 -2.756716 91.514999
1.309989 9.301092 1.958420 0.088923 0.049670 -2.840588 91.635002
1.105178 9.186219 1.958420 0.093317 0.049268 -2.903280 91.754997
0.910537 9.091387 1.958420 0.079784 0.046065 -2.888522 91.864998
0.719460 9.008813 1.958420 0.096661 0.036492 -2.877324 91.970001
0.523786 8.935435 1.958420 0.066663 0.027352 -2.852278 92.074997
0.297194 8.858061 1.958420 0.005834 0.013552 -2.752449 92.195000
0.072114 8.781075 1.958420 0.001122 -0.049330 -2.691764 92.315002
-0.119623 8.714435 1.958420 -0.083091 0.028204 -2.624446 92.419998
-0.317879 8.637968 1.958420 -0.130403 0.050174 -2.551252 92.529999
-0.521063 8.544050 1.958420 -0.094050 0.049615 -2.521194 92.644997
-0.701542 8.445420 1.941871 -0.223720 -0.022528 -2.312048 92.750000
-0.872368 8.331045 1.942611 -0.101662 -0.103810 -2.314652 92.860001
-1.037957 8.206766 1.943303 -0.071842 -0.066222 -2.335202 92.980003
-1.195217 8.078211 1.943897 -0.035237 -0.032125 -2.401755 93.105003
-1.360881 7.933800 1.968542 -0.014909 -0.010802 -2.428778 93.245003
-1.511628 7.798943 1.963457 0.000851 -0.231260 -2.342690 93.379997
-1.665854 7.666159 1.963457 -0.041990 -0.220117 -2.159442 93.555000
-1.826635 7.539677 1.963457 -0.059816 -0.094304 -1.845301 93.855003
-1.696320 7.386795 1.957242 -0.003919 0.177964 -0.108743 95.574997
-1.496037 7.354547 1.947417 -0.078232 0.074715 -0.077738 95.724998
-1.295599 7.336560 1.947495 -0.014745 -0.009487 -0.130666 95.864998
-1.092756 7.323909 1.947559 0.010996 -0.082001 -0.293145 96.010002
-0.890172 7.311852 1.947615 0.050460 -0.090708 -0.412573 96.169998
-0.687627 7.293449 1.947665 0.029736 0.096774 -0.494310 96.355003
-0.486869 7.268056 1.947700 -0.060047 0.129649 -0.236450 96.525002
-0.279650 7.250523 1.947724 -0.003364 0.061247 -0.034002 96.675003
-0.075899 7.232810 1.947741 0.015842 0.016274 0.112177 96.815002
0.129820 7.212042 1.947756 -0.016937 0.018676 0.207008 96.955002
0.336421 7.194864 1.947767 -0.021764 0.031616 0.237248 97.095001
0.545353 7.184861 1.947776 -0.069244 0.037218 0.221202 97.235001
0.747324 7.188253 1.947783 -0.064120 -0.019385 0.169094 97.370003
0.953104 7.202434 1.947783 -0.015614 -0.244350 0.059145 97.519997
1.155595 7.223145 1.947783 0.033445 -0.173916 -0.160753 97.730003
1.353814 7.255330 1.947783 0.044541 -0.052513 -0.595314 98.144997
1.153292 7.182589 1.947783 0.009456 0.054227 -2.705782 100.514999
0.964927 7.104241 1.947783 0.080511 -0.024433 -2.645947 100.680000
0.773509 7.042808 1.947783 0.015560 0.000986 -2.555501 100.845001
0.577639 6.982765 1.947783 -0.049495 -0.045299 -2.500188 101.014999
0.387514 6.913890 1.947783 -0.075948 -0.066695 -2.443822 101.199997
0.207013 6.825030 1.939834 -0.070247 0.183878 -2.385230 101.410004
0.036184 6.703959 1.934201 -0.040346 0.139485 -2.359744 101.589996
-0.130519 6.569416 1.934564 -0.011460 0.042550 -2.347472 101.745003
-0.298671 6.428298 1.934564 -0.049928 -0.229466 -2.179930 101.904999
-0.455859 6.299868 1.934564 -0.073808 -0.166495 -1.965268 102.110001
-0.616104 6.179260 1.934564 -0.035766 -0.064082 -2.064746 102.504997
-0.790751 6.078600 1.934564 -0.026880 0.317360 -2.962983 103.720001
-0.987700 6.039407 1.934564 0.040157 0.316385 -2.960053 103.915001
-1.191358 6.007603 1.934564 0.024370 0.211453 -2.962309 104.050003
-1.393589 5.978494 1.934564 0.004459 0.120008 -2.963795 104.165001
-1.599532 5.948585 1.934564 -0.010053 0.069795 -2.964903 104.275002
-1.830642 5.913152 1.934564 0.041279 0.037432 -3.011484 104.394997
-2.064996 5.880001 1.934564 0.011079 0.031342 -3.044128 104.514999
-2.311030 5.847435 1.934564 0.018436 0.026881 -3.045855 104.639999
-2.518714 5.821949 1.934564 0.027488 0.023938 -3.047000 104.745003
-2.727076 5.799166 1.934564 0.029152 0.022052 -3.047918 104.849998
-2.935920 5.779247 1.934564 0.024101 0.021530 -3.048657 104.955002
-3.145093 5.761644 1.934564 0.016423 0.019591 -3.049250 105.059998
-3.354383 5.745492 1.934564 0.006731 0.016919 -3.049728 105.165001
-3.591632 5.727618 1.934564 -0.041244 -0.074101 -3.007593 105.285004
-3.805745 5.707055 1.934564 -0.110108 -0.120174 -2.856652 105.400002
-4.007317 5.675431 1.934564 -0.153562 -0.052088 -2.674647 105.519997
-4.206157 5.624367 1.934564 -0.138737 0.001792 -2.573102 105.650002
-4.411244 5.544678 1.934564 -0.146760 0.029833 -2.408343 105.794998
-4.587835 5.448390 1.934564 -0.092858 0.036711 -2.341428 105.930000
-4.755010 5.336006 1.934564 -0.090198 0.034561 -2.281272 106.065002
-4.912578 5.209174 1.934564 -0.088761 0.030090 -2.222157 106.199997
-5.059463 5.069176 1.934564 -0.105158 0.028094 -2.141112 106.334999
-5.191914 4.915862 1.934564 -0.123730 0.030194 -1.988835 106.470001
-5.306077 4.750027 1.934564 -0.112919 0.033749 -1.842717 106.605003
-5.407877 4.568320 1.934564 -0.062093 0.031627 -1.796545 106.745003
-5.494973 4.386287 1.934564 -0.078992 0.032477 -1.745180 106.879997
-5.568968 4.197911 1.934564 -0.088266 0.030840 -1.687220 107.014999
-5.629575 3.996780 1.934564 -0.090664 0.030039 -1.622217 107.154999
-5.671750 3.798516 1.934564 -0.085712 0.027823 -1.558506 107.290001
-5.702781 3.574984 1.934564 -0.030701 0.022146 -1.562913 107.440002
-5.723939 3.371932 1.934564 -0.028222 0.017387 -1.578544 107.574997
-5.740486 3.161203 1.934564 -0.020956 0.175145 -1.590285 107.709999
-5.753793 2.925033 1.934564 -0.015718 0.119091 -1.599168 107.845001
-5.761208 2.718621 1.934564 -0.038324 0.075021 -1.551964 107.955002
-5.763831 2.515425 1.934564 -0.057774 0.049070 -1.524150 108.059998
-5.760538 2.309364 1.934564 -0.030844 0.036319 -1.478220 108.165001
-5.752353 2.091995 1.934564 -0.062804 0.030521 -1.442341 108.275002
-5.736246 1.854415 1.934564 -0.018247 0.027137 -1.411909 108.394997
-5.718707 1.646232 1.934564 -0.011955 0.025150 -1.419312 108.500000
-5.699402 1.437761 1.934564 -0.018595 0.023900 -1.425188 108.605003
-5.677354 1.229298 1.934564 -0.083796 0.021673 -1.378999 108.709999
-5.648258 1.021917 1.934564 -0.031518 0.022760 -1.365027 108.815002
-5.606224 0.776277 1.934564 -0.079211 0.022206 -1.286521 108.940002
-5.558349 0.552324 1.934564 -0.029895 0.024487 -1.291034 109.055000
-5.510449 0.348427 1.934564 -0.028517 0.023089 -1.294430 109.160004
-5.456350 0.146121 1.914853 -0.102139 0.021553 -1.192865 109.264999
-5.397082 -0.044022 1.880030 0.032583 0.021798 -1.274225 109.364998
-5.337086 -0.234271 1.846806 -0.038296 0.020321 -1.265086 109.464996
-5.274198 -0.423840 1.813324 0.026339 0.019763 -1.321704 109.565002
-5.211043 -0.613439 1.780447 -0.031748 0.017283 -1.314314 109.665001
-5.145174 -0.802260 1.748745 -0.024342 0.017529 -1.304346 109.764999
-5.076992 -0.990413 1.733950 -0.002394 0.019354 -1.296200 109.864998
-5.008578 -1.178486 1.735711 0.059282 -0.040116 -1.342305 109.964996
-4.942829 -1.368781 1.735711 0.027759 -0.250116 -1.237591 110.070000
-4.880493 -1.559907 1.735711 -0.021692 -0.314233 -1.106700 110.195000
-4.823045 -1.752297 1.735711 -0.059662 -0.214776 -0.923451 110.370003
-4.774086 -1.947963 1.735711 -0.065834 -0.085753 -0.604075 110.675003
-4.649358 -1.790602 1.735711 -0.003283 0.136984 1.397385 112.589996
-4.587955 -1.583662 1.753186 -0.032415 0.065901 1.369521 112.745003
-4.531663 -1.369524 1.767442 -0.025218 0.025082 1.273198 112.894997
-4.485988 -1.172009 1.805038 -0.033603 0.010538 1.225126 113.029999
-4.440861 -0.974489 1.805301 0.071072 0.013567 1.024334 113.165001
-4.380568 -0.776349 1.805457 0.104047 0.036371 0.869913 113.305000
-4.301274 -0.587185 1.805585 0.082005 0.047786 0.791727 113.445000
-4.192120 -0.386437 1.805696 0.100687 0.046679 0.739139 113.599998
-4.078112 -0.221254 1.805774 0.109091 0.040958 0.683745 113.735001
-3.942181 -0.062021 1.808646 0.064225 0.030796 0.654132 113.875000
-3.799632 0.083380 1.814362 0.108614 0.021185 0.603885 114.010002
-3.647457 0.219519 1.815762 0.025668 0.016624 0.622968 114.144997
-3.492519 0.353700 1.816898 -0.032825 0.009304 0.781530 114.279999
-3.341612 0.492169 1.831453 -0.077410 0.008318 0.938981 114.415001
-3.194149 0.642947 1.836561 -0.057372 0.019123 1.033602 114.555000
-3.060618 0.795795 1.872692 -0.077682 0.025843 1.105966 114.690002
-2.921126 0.982346 1.883847 -0.091624 0.028505 1.185833 114.845001
-2.803417 1.174617 1.900137 -0.068464 0.027118 1.242437 114.995003
-2.708913 1.355180 1.898626 -0.053899 0.021014 1.232495 115.129997
-2.623782 1.541139 1.897399 -0.075195 0.019128 1.299983 115.264999
-2.547685 1.733275 1.897198 -0.046152 -0.210572 1.416689 115.404999
-2.471268 1.925797 1.897198 -0.071992 -0.205594 1.605173 115.584999
-2.388773 2.109479 1.897198 -0.071456 -0.083994 1.919314 115.885002
-2.510742 1.938716 1.889034 -0.023785 0.111405 -1.974432 118.355003
-2.630834 1.746376 1.889108 -0.013157 0.052324 -1.973329 118.514999
-2.733291 1.574407 1.889159 -0.041911 0.032228 -1.977150 118.650002
-2.837120 1.383081 1.870961 -0.064366 -0.024150 -1.956861 118.794998
-2.925757 1.200419 1.873033 -0.028596 -0.079808 -2.005068 118.934998
-3.011764 1.014361 1.874851 0.040179 -0.105377 -2.150368 119.089996
-3.105846 0.827651 1.876526 0.076519 -0.090098 -2.389704 119.275002
-3.213347 0.656582 1.877867 0.054305 0.088542 -2.457352 119.474998
-3.342687 0.501450 1.878788 0.051730 -0.001086 -2.572412 119.660004
-3.485400 0.360728 1.879494 0.069675 -0.048842 -2.700170 119.849998
-3.653070 0.226766 1.888235 0.067364 -0.054625 -2.843527 120.084999
-3.824779 0.122893 1.898889 0.041361 -0.101719 -2.873995 120.360001
-4.006953 0.038498 1.898889 -0.016051 -0.039851 -2.298071 120.910004
-4.208086 0.006302 1.898889 0.023366 0.318989 -3.114767 122.754997
-4.422158 0.008423 1.898889 0.019834 0.305449 3.088741 122.940002
-4.622499 0.015564 1.898889 -0.013929 0.179590 3.027516 123.065002
-4.829870 0.021361 1.898889 -0.027747 0.100359 2.999888 123.180000
-5.048489 0.024457 1.898889 -0.031600 0.059230 3.013811 123.294998
-5.272908 0.024934 1.898889 0.009473 0.042633 3.024818 123.410004
-5.480325 0.026832 1.898889 0.037008 0.033339 3.032703 123.514999
-5.688743 0.033026 1.898889 0.047638 0.028396 3.039024 123.620003
-5.897506 0.044534 1.898889 0.043632 0.024377 3.044076 123.724998
-6.116210 0.061742 1.898889 0.030040 0.022583 3.048389 123.834999
-6.334855 0.082643 1.898889 0.012524 0.021225 3.051879 123.945000
-6.543360 0.105542 1.898889 0.026080 0.020470 3.003430 124.050003
-6.751554 0.131234 1.898889 -0.011845 0.014474 3.008581 124.154999
-6.958267 0.155909 1.898889 -0.015128 -0.047527 3.012792 124.260002
-7.160126 0.178201 1.898889 -0.079675 -0.082507 3.112067 124.364998
-7.360662 0.192412 1.898889 -0.138436 -0.105559 -2.973261 124.474998
-7.560951 0.191259 1.898889 -0.160149 -0.039539 -2.795641 124.595001
-7.791149 0.162025 1.898889 -0.152653 0.021816 -2.620691 124.745003
-8.007138 0.102832 1.898889 -0.106208 0.039039 -2.541918 124.894997
-8.194378 0.029305 1.898889 -0.084766 0.035791 -2.500788 125.029999
-8.389108 -0.066944 1.898889 -0.078370 0.029374 -2.447107 125.175003
-8.563621 -0.170832 1.898889 -0.073932 0.025172 -2.389061 125.309998
-8.730824 -0.287054 1.898889 -0.071445 0.023299 -2.325684 125.445000
-8.890286 -0.414251 1.898889 -0.066335 0.020932 -2.265198 125.580002
-9.041714 -0.551134 1.898889 -0.065908 0.020078 -2.200529 125.714996
-9.189579 -0.702686 1.898889 -0.070227 0.050449 -2.134876 125.855003
-9.322181 -0.860313 1.904451 -0.079527 0.180218 -2.067966 125.985001
-9.440014 -1.024188 1.939026 -0.077127 0.124995 -1.999750 126.099998
-9.559486 -1.213892 1.976538 -0.084358 0.081073 -1.922342 126.220001
-9.671061 -1.416549 2.014238 -0.045358 0.010680 -1.912710 126.339996
-9.772419 -1.609294 2.029460 0.072482 -0.125852 -2.150618 126.455002
-9.877160 -1.790328 2.028543 0.103790 -0.080035 -2.342419 126.574997
-9.989146 -1.958031 2.047225 0.094092 -0.019623 -2.476545 126.699997
-10.107198 -2.110881 2.113833 0.083091 0.011454 -2.522556 126.824997
-10.233275 -2.253027 2.178844 0.071649 0.023126 -2.560209 126.949997
-10.385251 -2.400645 2.247679 0.100533 0.025858 -2.616434 127.089996
-10.543633 -2.528879 2.272085 0.105961 0.026071 -2.692385 127.224998
-10.712770 -2.642000 2.283652 0.086591 0.024812 -2.763071 127.360001
-10.903684 -2.748687 2.256614 0.074154 0.022717 -2.831409 127.504997
-11.087638 -2.836876 2.220252 0.025396 0.018349 -2.837551 127.639999
-11.271563 -2.919081 2.189110 0.016049 0.173759 -2.824264 127.769997
-11.461650 -2.999004 2.175098 0.027934 0.135242 -2.814968 127.889999
-11.651312 -3.074185 2.168269 0.029329 0.085236 -2.808205 128.000000
-11.841056 -3.144630 2.169078 0.098236 0.054881 -2.871092 128.104996
-12.037284 -3.206986 2.138620 0.066457 0.039529 -2.942104 128.210007
-12.235947 -3.262918 2.127081 0.023563 -0.104354 -2.865787 128.315002
-12.453251 -3.321371 2.127081 -0.022684 -0.317815 -2.734896 128.440002
-12.664477 -3.373968 2.127081 -0.065669 -0.254368 -2.567354 128.600006
-12.868307 -3.416671 2.127081 -0.078235 -0.126458 -2.310806 128.845001
-13.067193 -3.443162 2.127081 -0.037411 -0.011188 -1.703468 129.425003
-12.869198 -3.398705 2.127081 0.003868 0.320724 0.177549 131.740005
-12.636026 -3.360522 2.127081 0.002152 0.198120 0.172823 131.895004
-12.423912 -3.325492 2.127081 0.002638 0.108823 0.170080 132.014999
-12.188931 -3.287867 2.127081 0.049493 0.060155 0.106012 132.139999
-11.985845 -3.259843 2.127081 0.014645 0.041852 0.104713 132.244995
-11.770592 -3.232275 2.127081 0.080501 -0.045974 0.018463 132.354996
-11.563828 -3.213858 2.127081 0.133471 -0.121864 -0.160734 132.464996
-11.333783 -3.210683 2.127081 0.179110 -0.049029 -0.325497 132.600006
-11.131282 -3.232371 2.127081 0.137053 0.009235 -0.425625 132.729996
-10.931999 -3.278011 2.127081 0.118785 0.027772 -0.489235 132.865005
-10.740004 -3.343791 2.127081 0.098175 0.026815 -0.539572 133.000000
-10.554650 -3.426643 2.127081 0.090283 0.025185 -0.612987 133.134995
-10.370001 -3.528604 2.127081 0.075054 0.022647 -0.686586 133.274994
-10.196471 -3.636216 2.127081 -0.031325 0.012833 -0.569763 133.410004
-10.020263 -3.740885 2.127081 -0.034377 0.011469 -0.461893 133.544998
-9.839127 -3.841016 2.127081 -0.049680 0.152284 -0.374538 133.679993
-9.659223 -3.929849 2.127081 -0.043278 0.149792 -0.304491 133.800003
-9.470316 -4.019338 2.127081 0.086829 0.072639 -0.426319 133.914993
-9.287704 -4.116124 2.127081 0.061901 -0.068265 -0.563644 134.024994
-9.100960 -4.223771 2.127081 0.040633 -0.097831 -0.659536 134.145004
-8.929476 -4.327309 2.127081 0.051250 -0.049978 -0.721407 134.264999
-8.755160 -4.438142 2.127081 -0.052519 -0.021764 -0.599100 134.395004
-8.555577 -4.556404 2.127081 -0.050771 -0.056859 -0.447971 134.544998
-8.365738 -4.658645 2.127081 0.011117 -0.254971 -0.610277 134.699997
-8.185493 -4.748731 2.127081 0.050656 -0.168328 -0.830175 134.910004
-7.995713 -4.829692 2.127081 0.047162 -0.041691 -1.296150 135.354996
-8.105537 -4.994122 2.092167 -0.031497 0.206688 -2.628134 136.824997
-8.272601 -5.107541 2.059173 0.012091 0.095135 -2.653393 136.979996
-8.447533 -5.220767 2.026142 0.035006 0.046147 -2.658333 137.125000
-8.619753 -5.324149 1.993722 0.044204 0.027345 -2.661814 137.259995
-8.807478 -5.429324 1.993722 -0.014669 -0.238700 -2.504744 137.410004
-8.986137 -5.524226 1.993722 -0.053259 -0.192939 -2.305788 137.600006
-9.168386 -5.609906 1.993722 -0.058223 -0.069840 -1.944527 137.945007
-8.989899 -5.518095 1.993722 -0.028322 0.134266 0.564499 140.714996
-8.810868 -5.425693 1.993722 0.025904 0.055185 0.614117 140.860001
-8.627860 -5.334030 1.993722 -0.016095 0.031550 0.684115 141.000000
-8.441329 -5.239939 2.012710 0.072092 0.016919 0.551590 141.139999
-8.255790 -5.154984 2.048852 0.035472 0.014222 0.405443 141.274994
-8.067965 -5.073294 2.083604 -0.046755 0.007157 0.355757 141.410004
-7.889060 -4.990054 2.116243 -0.025828 0.009018 0.338554 141.539993
-7.684515 -4.888908 2.129651 -0.032411 0.011180 0.419636 141.690002
-7.501591 -4.794411 2.129093 0.036659 0.010586 0.430079 141.824997
-7.309402 -4.701536 2.128625 0.041786 0.009403 0.425781 141.964996
-7.121261 -4.618219 2.128261 0.028211 0.009266 0.422703 142.100006
-6.903103 -4.527407 2.127923 0.010548 0.009582 0.420054 142.255005
-6.712072 -4.449656 2.127894 -0.025232 -0.228216 0.550728 142.395004
-6.522358 -4.375221 2.127894 -0.060753 -0.206873 0.739212 142.574997
-6.331375 -4.309740 2.127894 -0.065537 -0.083333 1.063824 142.884995
-6.550756 -4.361029 2.127894 0.010402 0.256474 -2.966508 145.744995
-6.749399 -4.404286 2.127894 -0.026153 0.149908 -2.962316 145.865005
-6.947812 -4.450041 2.127894 -0.010404 0.088921 -2.959268 145.975006
-7.144787 -4.496375 2.127894 0.009798 0.053704 -2.956989 146.080002
-7.345745 -4.542642 2.127894 0.022232 0.038329 -2.955116 146.184998
-7.558855 -4.589280 2.127894 0.027330 0.028131 -2.953586 146.294998
-7.754175 -4.628018 2.156010 0.103348 0.023763 -3.034215 146.395004
-7.950920 -4.657990 2.190283 0.041562 0.024941 -3.070974 146.494995
-8.148488 -4.683481 2.223611 0.010419 0.023727 -3.063194 146.595001
-8.346560 -4.707423 2.237797 0.073516 0.022747 -3.110051 146.695007
-8.574815 -4.726605 2.236452 0.097855 0.024992 3.075102 146.809998
-8.783242 -4.734573 2.235417 0.021462 0.026229 3.069191 146.914993
-8.992039 -4.739537 2.234540 -0.027997 0.022255 3.114027 147.020004
-9.231042 -4.746484 2.233700 0.018851 0.022583 -3.140329 147.139999
-9.440288 -4.752635 2.233078 -0.056648 0.011201 -3.044359 147.244995
-9.648498 -4.763174 2.232550 -0.047297 0.021977 -2.995357 147.350006
-9.856196 -4.778101 2.232102 -0.064608 0.028227 -2.940414 147.455002
-10.063300 -4.800124 2.231720 -0.076735 0.029137 -2.864011 147.559998
-10.269730 -4.828380 2.231399 0.002447 0.025394 -2.882501 147.664993
-10.476617 -4.857589 2.231124 -0.001889 0.024103 -2.897687 147.770004
-10.683826 -4.887764 2.230892 -0.016346 0.023600 -2.909770 147.875000
-10.890966 -4.920189 2.230694 -0.023387 0.022273 -2.919555 147.979996
-11.117550 -4.958483 2.230513 0.043301 0.018008 -2.986797 148.095001
-11.324545 -4.989917 2.230415 0.042306 -0.052868 -3.025541 148.199997
-11.531094 -5.016993 2.230415 -0.006763 -0.272868 -3.004598 148.309998
-11.731380 -5.043971 2.230415 0.018078 -0.305006 -3.140725 148.440002
-11.941745 -5.078681 2.230415 0.057503 -0.190214 2.933033 148.639999
-12.138893 -5.123280 2.230415 0.057748 -0.060728 2.556065 149.000000
-11.963882 -5.230797 2.230415 -0.010809 0.305739 -0.143127 152.250000
-11.743306 -5.268898 2.194984 0.134407 0.177820 -0.282169 152.389999
-11.515455 -5.328005 2.222582 -0.078566 0.002038 -0.134090 152.520004
-11.297180 -5.379136 2.233944 -0.066444 -0.085447 -0.094141 152.645004
-11.100072 -5.417364 2.265439 -0.071242 -0.062227 -0.041468 152.764999
-10.899011 -5.447274 2.297600 -0.043721 -0.088057 -0.016245 152.895004
-10.687512 -5.471849 2.296237 -0.033352 -0.106901 -0.028610 153.044998
-10.483833 -5.489781 2.313018 -0.021568 -0.104279 -0.038412 153.210007
-10.281695 -5.500989 2.319183 -0.010728 0.065888 -0.022095 153.389999
-10.079500 -5.507969 2.318098 0.003245 0.002321 -0.030592 153.559998
-9.861562 -5.516407 2.317204 0.004192 -0.035341 -0.036932 153.744995
-9.640905 -5.525980 2.316483 -0.015776 -0.034493 0.009016 153.945007
-9.430209 -5.533158 2.315945 0.003222 -0.014489 0.001709 154.149994
-9.228226 -5.540908 2.315745 0.002203 -0.167798 -0.123922 154.360001
-9.026236 -5.542388 2.315745 0.037424 -0.086955 -0.474712 154.695007
-9.037080 -5.712105 2.207787 -0.005701 0.208034 -2.354738 156.654999
-9.163084 -5.863782 2.159536 0.066892 0.064456 -2.199024 156.800003
-9.305707 -6.018363 2.159666 0.031277 -0.015030 -1.988460 156.945007
-9.462569 -6.170595 2.159772 0.057512 0.011964 -2.031639 157.095001
-9.612605 -6.303914 2.159849 -0.038268 0.038427 -2.055841 157.229996
-9.772650 -6.448384 2.159915 -0.023761 -0.052974 -2.387186 157.375000
-9.946679 -6.610640 2.159976 -0.016363 -0.058968 -2.534470 157.544998
-10.089084 -6.754283 2.160018 -0.062113 -0.033126 -2.409983 157.699997
-10.229023 -6.915052 2.160033 0.018279 -0.206771 -2.456100 157.875000
-10.355125 -7.072040 2.160033 0.056887 -0.142641 -2.702177 158.110001
-10.473926 -7.233340 2.160033 0.013186 -0.041447 -2.456100 158.654999
-10.570769 -7.413046 2.160033 -0.054993 0.300559 -1.922401 159.500000
-10.633190 -7.604155 2.160033 0.022865 0.137129 -1.819073 159.675003
-10.698743 -7.800136 2.160033 0.009094 0.060548 -1.746429 159.824997
-10.768488 -8.007438 2.160033 -0.026931 0.034223 -1.672152 159.975006
-10.826394 -8.199414 2.160033 -0.065440 0.031825 -1.599197 160.110001
-10.875503 -8.410202 2.160033 -0.091133 0.033994 -1.524902 160.255005
-10.906216 -8.609947 2.160033 -0.122382 0.030000 -1.461790 160.389999
-10.915850 -8.810489 2.160033 -0.146549 0.038282 -1.293659 160.524994
-10.897504 -9.015800 2.160033 -0.132248 0.044597 -1.138967 160.664993
-10.852833 -9.216382 2.160033 -0.117625 0.045775 -0.995874 160.804993
-10.778875 -9.423720 2.166411 -0.106030 0.045728 -0.855226 160.955002
-10.687868 -9.608037 2.177804 -0.105180 0.045947 -0.723326 161.095001
-10.573739 -9.788246 2.177378 -0.120927 0.046010 -0.613224 161.240005
-10.448746 -9.945681 2.177300 -0.102913 -0.173021 -0.467003 161.380005
-10.316959 -10.100798 2.177300 -0.105211 -0.186591 -0.278519 161.559998
-10.192638 -10.258487 2.177300 -0.083266 -0.069759 0.040857 161.865005
-10.112815 -10.062694 2.153793 0.015936 0.281572 1.662235 163.925003
-10.129287 -9.859123 2.119210 0.043776 0.171996 1.654816 164.050003
-10.139441 -9.659140 2.086347 0.100415 0.098149 1.586073 164.160004
-10.138837 -9.439726 2.050972 0.060100 0.060267 1.498198 164.274994
-10.131990 -9.235007 2.018312 -0.023175 0.040175 1.507727 164.380005
-10.126959 -9.027912 1.984906 -0.062342 0.028762 1.538385 164.485001
-10.127060 -8.809683 1.950677 -0.025197 0.025440 1.560932 164.595001
-10.130031 -8.610703 1.918870 -0.010485 0.024401 1.565083 164.695007
-10.133909 -8.411329 1.897514 0.044148 0.021010 1.534712 164.794998
-10.133540 -8.212112 1.874358 0.053484 0.023112 1.466784 164.895004
-10.127259 -8.003197 1.863882 0.026549 0.025019 1.471066 165.000000
-10.117141 -7.784117 1.866429 0.029144 0.024272 1.474672 165.110001
-10.104052 -7.574904 1.868488 0.029131 0.017491 1.477423 165.214996
-10.087757 -7.366449 1.870221 0.022283 0.019106 1.479605 165.320007
-10.066038 -7.128737 1.901647 0.051433 0.022872 1.455006 165.440002
-10.042662 -6.920951 1.938466 -0.021722 -0.016285 1.477083 165.544998
-10.020763 -6.710042 1.993138 -0.009223 -0.136901 1.525896 165.654999
-10.000330 -6.507687 2.014121 0.067034 -0.102242 1.370222 165.770004
-9.976205 -6.288342 2.078451 -0.077088 -0.037136 1.551146 165.904999
-9.967362 -6.086528 2.111965 -0.152635 -0.003054 1.805183 166.035004
-9.986660 -5.863727 2.144444 -0.118297 0.030124 2.040581 166.184998
-10.028222 -5.663247 2.164213 -0.083076 -0.060139 2.038519 166.324997
-10.081799 -5.468495 2.164213 -0.028431 -0.240335 1.876213 166.479996
-10.143437 -5.277103 2.164213 0.027567 -0.152913 1.635372 166.710007
-10.218913 -5.091019 2.164213 0.034623 -0.031087 1.085627 167.235001
-10.422736 -5.070678 2.180784 0.065217 0.285511 -2.875832 171.345001
-10.626017 -5.121756 2.196707 -0.021538 0.116355 -3.011016 171.520004
-10.821724 -5.170082 2.203186 0.021569 0.051084 3.117783 171.664993
-11.019203 -5.213953 2.200170 0.041489 0.041417 3.025581 171.804993
-11.236310 -5.250481 2.172964 0.082345 0.045166 2.958546 171.955002
-11.435288 -5.267253 2.155811 0.069356 0.043496 2.941315 172.089996
-11.637003 -5.269449 2.122978 0.073187 0.033303 2.958825 172.225006
-11.839293 -5.255587 2.114758 0.161768 0.025773 2.831735 172.360001
-12.043111 -5.212889 2.116767 0.137903 0.034531 2.658913 172.500000
-12.238436 -5.143509 2.118400 0.108641 0.036708 2.503216 172.639999
-12.431437 -5.049665 2.119748 0.099382 0.035972 2.349555 172.785004
-12.631608 -4.923965 2.120922 0.104443 0.039466 2.193435 172.945007
-12.792923 -4.795697 2.121740 0.111579 0.045807 2.062762 173.085007
-12.937854 -4.650305 2.122395 0.123148 0.052528 1.929713 173.225006
-13.062778 -4.491450 2.122579 0.092017 -0.136924 1.989241 173.365005
-13.187803 -4.308402 2.122579 0.013116 -0.218227 2.188197 173.554993
-13.293937 -4.134641 2.122579 -0.034741 -0.106430 2.502337 173.854996
-13.435792 -3.993811 2.101633 0.045522 0.305155 -2.563189 175.399994
-13.612990 -4.092556 2.089841 -0.007134 0.319104 -2.612406 175.615005
-13.794038 -4.196615 2.080862 -0.009584 0.213049 -2.614050 175.755005
-13.972230 -4.303502 2.038679 -0.040455 -0.018868 -2.489984 175.875000
-14.152954 -4.417495 2.011543 0.016351 -0.061771 -2.494348 176.000000
-14.326098 -4.524159 1.973613 -0.016255 -0.032478 -2.483774 176.125000
-14.498863 -4.633255 1.938132 -0.051225 -0.008444 -2.408375 176.255005
-14.681288 -4.761353 1.935699 -0.081594 0.009853 -2.292662 176.399994
-14.841032 -4.889884 1.937018 -0.082330 0.018395 -2.227583 176.535004
-14.990178 -5.028741 1.938091 -0.098086 0.024440 -2.123381 176.669998
-15.125820 -5.179639 1.938954 -0.112915 0.098087 -2.024513 176.804993
-15.246206 -5.348143 1.939637 -0.118325 0.182931 -1.924992 176.934998
-15.349424 -5.532372 1.940154 -0.113754 0.127062 -1.819515 177.054993
-15.434078 -5.718460 1.940550 -0.045881 0.085991 -1.769545 177.164993
-15.510019 -5.904835 1.940752 -0.048403 -0.011109 -1.820600 177.270004
-15.583350 -6.096167 1.940752 -0.022256 -0.231109 -1.935785 177.380005
-15.653375 -6.287279 1.940752 0.025030 -0.297941 -2.071913 177.509995
-15.718676 -6.477128 1.940752 0.059626 -0.199043 -2.260397 177.690002
-15.776814 -6.670176 1.940752 0.063337 -0.081357 -2.590244 178.005005
-15.798635 -6.453674 1.940752 -0.015437 0.255793 1.452051 180.595001
-15.787791 -6.252068 1.940752 -0.015733 0.144878 1.382110 180.714996
-15.775740 -6.022214 1.940752 -0.057449 0.075282 1.361926 180.839996
-15.768943 -5.820909 1.940752 -0.021901 0.053483 1.376329 180.945007
-15.762973 -5.615550 1.940752 0.027010 0.044310 1.387918 181.050003
-15.753137 -5.408202 1.940752 0.060619 0.036629 1.397177 181.154999
-15.736274 -5.200268 1.940752 0.069928 0.029374 1.404654 181.259995
-15.713195 -4.995993 1.940752 0.012900 -0.170814 1.509697 181.365005
-15.686645 -4.790196 1.940752 -0.038230 -0.322515 1.635353 181.485001
-15.655691 -4.586950 1.940752 -0.074825 -0.237828 1.802895 181.645004
-15.616875 -4.388154 1.940752 -0.080461 -0.113260 2.069914 181.899994
-15.561534 -4.195292 1.940752 -0.027419 -0.001792 2.797673 182.595001
-15.638729 -4.402036 1.940752 -0.027036 0.197568 -1.847753 184.539993
-15.704688 -4.600445 1.909117 -0.017455 0.068793 -1.745254 184.695007
-15.764479 -4.793230 1.904783 -0.016170 0.036773 -1.604338 184.835007
-15.819377 -4.991629 1.891718 -0.045628 0.033450 -1.539160 184.975006
-15.863584 -5.186932 1.891745 -0.091562 0.038098 -1.468813 185.110001
-15.893804 -5.400125 1.891771 -0.061107 0.016268 -1.448778 185.255005
-15.909139 -5.599950 1.891789 -0.058192 0.031980 -1.469051 185.389999
-15.913406 -5.832134 1.891806 -0.052415 0.023499 -1.486259 185.544998
-15.905729 -6.058530 1.891818 -0.031170 0.016211 -1.498350 185.695007
-15.892758 -6.259920 1.891827 -0.013277 0.172450 -1.506222 185.824997
-15.877365 -6.465946 1.891833 0.004041 0.135911 -1.511805 185.945007
-15.862741 -6.669559 1.891838 0.017013 0.084136 -1.515818 186.054993
-15.850120 -6.871393 1.891843 0.022646 0.055450 -1.518900 186.160004
-15.839595 -7.077169 1.891846 0.021920 0.037381 -1.521341 186.264999
-15.830812 -7.294921 1.910259 0.016721 0.028672 -1.523411 186.375000
-15.823453 -7.523760 1.930554 0.007930 0.024223 -1.525103 186.490005
-15.817792 -7.723233 1.964268 0.001609 0.022140 -1.526297 186.589996
-15.811584 -7.942874 2.000665 -0.004240 0.021112 -1.527336 186.699997
-15.805436 -8.142622 2.011078 -0.006832 0.020589 -1.528101 186.800003
-15.798182 -8.352357 2.009622 -0.006964 0.020677 -1.528746 186.904999
-15.790108 -8.562081 2.008395 -0.005177 0.020634 -1.529259 187.009995
-15.780594 -8.791767 2.007264 0.031407 0.018357 -1.551420 187.125000
-15.773920 -9.000661 2.006383 0.038307 -0.029312 -1.589262 187.229996
-15.770593 -9.203953 2.005630 -0.071864 -0.128600 -1.425072 187.335007
-15.760451 -9.417419 2.035673 -0.118247 -0.087510 -1.259476 187.455002
-15.734695 -9.618975 2.053197 -0.179824 -0.020150 -1.082277 187.580002
-15.680864 -9.817133 2.052277 -0.206506 0.032645 -0.879730 187.714996
-15.592576 -10.002030 2.062035 -0.187921 0.055587 -0.679928 187.854996
-15.474505 -10.165368 2.060881 -0.149616 0.062265 -0.515562 187.994995
-15.322937 -10.319928 2.059893 -0.063502 0.053304 -0.446335 188.145004
-15.143489 -10.472588 2.059228 -0.074984 -0.025986 -0.382099 188.304993
-14.981525 -10.595998 2.059228 -0.091300 -0.233095 -0.225029 188.455002
-14.821640 -10.720660 2.059228 -0.095781 -0.146426 0.000105 188.669998
-14.670260 -10.854319 2.059228 -0.055952 -0.025325 0.466080 189.115005
-14.659900 -10.629390 2.059228 0.000655 0.319609 1.800180 191.020004
-14.705360 -10.426181 2.059228 0.002855 0.206071 1.795658 191.154999
-14.750256 -10.225785 2.059228 -0.004159 0.115778 1.797657 191.270004
-14.799084 -10.023074 2.059228 -0.079183 0.066709 1.903709 191.380005
-14.864730 -9.799130 2.023431 -0.032890 0.042569 1.978735 191.500000
-14.926617 -9.601895 2.001352 0.046800 0.029162 1.903542 191.604996
-14.981090 -9.411445 1.970832 -0.028541 0.025142 1.919233 191.705002
-15.041101 -9.201245 1.936114 -0.000574 0.024941 1.881748 191.815002
-15.094958 -9.009365 1.904952 0.060364 0.020278 1.793833 191.914993
-15.146114 -8.816544 1.883380 -0.007238 0.021492 1.795557 192.014999
-15.197961 -8.623631 1.868755 -0.005434 0.020682 1.797411 192.115005
-15.258307 -8.401894 1.867621 0.011606 -0.008242 1.799120 192.229996
-15.316969 -8.182593 1.824323 0.021514 0.019619 1.800461 192.345001
-15.370839 -7.972730 1.836760 0.024198 0.031180 1.801468 192.455002
-15.420343 -7.770630 1.834985 0.021052 0.028835 1.802244 192.559998
-15.468266 -7.567125 1.833486 0.015005 0.024143 1.802843 192.664993
-15.512949 -7.372540 1.849096 0.008718 0.021525 1.803318 192.764999
-15.557248 -7.177609 1.825273 0.002217 0.020473 1.803692 192.865005
-15.601726 -6.982577 1.825229 -0.002285 0.020189 1.804018 192.964996
-15.644346 -6.787180 1.836652 0.082457 0.018182 1.698147 193.065002
-15.683086 -6.571466 1.840057 0.025395 -0.006261 1.653183 193.175003
-15.716150 -6.368745 1.841310 0.008563 -0.045943 1.662235 193.279999
-15.750998 -6.143990 1.842521 0.113459 -0.100030 1.524385 193.399994
-15.772653 -5.925790 1.843564 0.120232 -0.068282 1.388996 193.524994
-15.777389 -5.723313 1.844419 0.111952 -0.017467 1.328642 193.649994
-15.759089 -5.492634 1.845248 0.126086 0.018307 1.175343 193.800003
-15.719332 -5.293285 1.845851 0.093242 0.028142 1.118460 193.934998
-15.662482 -5.098802 1.846337 0.084815 0.027810 1.056028 194.070007
-15.590165 -4.909349 1.846732 0.082246 0.026882 0.988941 194.205002
-15.496437 -4.712325 1.847073 0.078244 0.024840 0.912666 194.350006
-15.387501 -4.522884 1.847345 0.071490 0.022738 0.841465 194.494995
-15.273905 -4.353749 1.847550 0.069761 0.021795 0.775160 194.630005
-15.149585 -4.192122 1.847716 0.071066 0.021472 0.704819 194.764999
-15.008353 -4.034346 1.847849 0.082940 0.178954 0.633966 194.899994
-14.863223 -3.896467 1.847944 0.078485 0.132539 0.565743 195.014999
-14.684221 -3.747393 1.848029 0.084072 0.082610 0.484884 195.139999
-14.505574 -3.616112 1.848094 0.102479 0.059085 0.403124 195.255005
-14.333357 -3.504531 1.848145 0.019989 0.040816 0.420860 195.360001
-14.157724 -3.394279 1.848187 -0.042764 0.028535 0.544521 195.464996
-13.974918 -3.273941 1.848225 -0.037553 0.021203 0.657087 195.574997
-13.802718 -3.154904 1.848256 -0.042245 0.017860 0.752773 195.679993
-13.633864 -3.031676 1.848282 -0.069580 0.022660 0.839588 195.785004
-13.462807 -2.895945 1.848305 -0.106334 0.032333 0.923122 195.895004
-13.306764 -2.758273 1.877865 -0.056157 0.035218 0.926086 196.000000
-13.155642 -2.614083 1.891841 -0.135996 0.036573 0.969952 196.104996
-13.014546 -2.460595 1.913936 -0.089661 -0.005013 0.991257 196.210007
-12.871646 -2.288187 1.935508 -0.113164 -0.002930 1.022533 196.324997
-12.741762 -2.109944 1.935339 -0.122314 0.054888 1.105085 196.440002
-12.628576 -1.928857 1.935202 -0.105522 0.050212 1.183220 196.550003
-12.529845 -1.748053 1.938381 -0.085702 0.022673 1.251452 196.654999
-12.439645 -1.566814 1.961741 -0.061500 -0.126230 1.266615 196.759995
-12.352483 -1.381115 1.966942 -0.048387 -0.093547 1.285114 196.875000
-12.268977 -1.191559 2.001406 -0.043271 -0.042004 1.272091 197.000000
-12.194025 -1.008078 2.034128 -0.040469 -0.013985 1.261950 197.125000
-12.123178 -0.819302 2.066792 -0.030791 -0.000300 1.253922 197.255005
-12.049116 -0.601421 2.075036 -0.062057 0.007049 1.325649 197.404999
-11.992826 -0.403521 2.073597 -0.050576 0.011510 1.407261 197.539993
-11.945279 -0.203802 2.072437 -0.050001 0.093596 1.482487 197.675003
-11.902061 0.020275 2.071459 0.018525 0.157233 1.492998 197.815002
-11.858150 0.261241 2.078376 -0.036401 0.097646 1.527596 197.949997
-11.823170 0.478285 2.102986 0.020794 0.057970 1.465881 198.065002
-11.790301 0.681043 2.135940 -0.030382 0.042135 1.460697 198.169998
-11.758966 0.876239 2.167219 0.048682 0.027475 1.352247 198.270004
-11.722974 1.077119 2.167219 0.035688 -0.182525 1.242298 198.375000
-11.684634 1.285092 2.167219 0.067651 -0.313725 1.111406 198.500000
-11.651317 1.485853 2.167219 0.090270 -0.221525 0.938629 198.664993
-11.626077 1.690558 2.167219 0.082878 -0.091359 0.645432 198.945007
-11.611639 1.891729 2.167219 0.026940 0.185946 0.823614 199.865005
-11.474245 2.056657 2.167219 0.061538 0.237771 0.896456 200.199997
-11.337205 2.206882 2.167219 0.048734 0.102757 0.887247 200.360001
-11.170211 2.374460 2.167219 0.002407 0.043272 0.880459 200.524994
-11.027925 2.517213 2.167219 -0.024039 0.025225 0.876385 200.660004
-10.886941 2.665109 2.167219 -0.033179 0.016061 0.873312 200.794998
-10.730055 2.841264 2.167219 -0.069823 0.012358 0.929306 200.949997
-10.587407 3.019775 2.167219 -0.015641 0.011244 0.962940 201.100006
-10.463719 3.180765 2.167219 0.008382 0.166442 0.953396 201.229996
-10.336987 3.345050 2.167219 0.044566 0.093928 0.901358 201.350006
-10.205968 3.505276 2.167219 0.102731 -0.077271 0.699036 201.464996
-10.056193 3.666376 2.167219 0.130289 -0.049076 0.501572 201.595001
-9.903881 3.803458 2.167219 0.145993 0.005862 0.342051 201.725006
-9.737637 3.921165 2.167219 0.149784 0.037058 0.197813 201.860001
-9.554368 4.016479 2.167219 0.140840 0.052421 0.065563 202.000000
-9.339941 4.089966 2.167219 0.139444 0.057070 -0.084345 202.154999
-9.124244 4.130840 2.167219 0.127979 0.052353 -0.187439 202.304993
-8.919437 4.142596 2.167219 0.125743 0.052277 -0.324741 202.445007
-8.714931 4.128426 2.167219 0.120104 0.050227 -0.455147 202.585007
-8.513786 4.089519 2.167219 0.113690 0.049803 -0.581715 202.725006
-8.318757 4.026875 2.167219 0.118683 0.051631 -0.711037 202.865005
-8.131774 3.941970 2.167219 0.081419 0.047078 -0.767570 203.005005
-7.957716 3.843384 2.167219 0.091899 0.041903 -0.816109 203.139999
-7.791936 3.728841 2.167219 0.095130 0.035464 -0.870855 203.274994
-7.638049 3.598126 2.167219 0.138654 0.035782 -1.014429 203.410004
-7.501998 3.450316 2.167219 0.120661 0.037380 -1.152634 203.544998
-7.383934 3.288659 2.167219 0.112520 0.039500 -1.289019 203.679993
-7.267519 3.082932 2.167219 0.107948 0.041845 -1.442642 203.839996
-7.180292 2.872261 2.167219 0.120444 0.048311 -1.588882 203.994995
-7.126173 2.674564 2.167219 0.129100 0.054453 -1.719933 204.134995
-7.096628 2.474615 2.167219 0.083369 -0.124893 -1.668367 204.274994
-7.079322 2.270828 2.167219 0.016473 -0.223797 -1.490354 204.445007
-7.070039 2.063927 2.167219 -0.032149 -0.119919 -1.197157 204.725006
-7.080647 1.864028 2.167219 -0.014966 -0.002324 -0.233793 205.645004
-7.020504 2.056392 2.167219 -0.016731 0.319169 1.298588 207.520004
-6.965815 2.254128 2.167219 -0.012120 0.249220 1.375969 207.664993
-6.905471 2.480055 2.167219 0.063590 0.120375 1.384174 207.800003
-6.834862 2.714336 2.167219 0.017012 0.067862 1.376308 207.929993
-6.765356 2.937758 2.167219 -0.029405 0.044568 1.370766 208.050003
-6.706822 3.136971 2.167219 -0.053187 0.033514 1.366926 208.154999
-6.653255 3.338864 2.167219 -0.059666 0.025961 1.363838 208.259995
-6.605164 3.538879 2.167219 -0.032669 -0.174267 1.468414 208.365005
-6.557488 3.740226 2.167219 -0.061266 -0.321172 1.594070 208.485001
-6.506569 3.938395 2.167219 -0.088278 -0.233712 1.761612 208.645004
-6.446490 4.136753 2.167219 -0.085282 -0.101746 2.039103 208.910004
-6.374009 4.323830 2.167219 -0.018557 -0.015279 2.002453 209.654999
-6.447745 4.509199 2.139423 -0.002401 0.256485 1.927521 210.080002
-6.521997 4.690530 2.097045 0.008134 0.116308 1.786587 210.240005
-6.589694 4.872849 2.048034 0.026939 0.052647 1.619824 210.380005
-6.651327 5.064217 2.016157 0.092660 0.041352 1.446484 210.520004
-6.695186 5.259745 2.002120 0.103492 0.060557 1.289356 210.660004
-6.716295 5.458979 2.003161 0.117148 0.072546 1.215212 210.800003
-6.710623 5.668213 2.004020 0.145387 0.070295 1.125639 210.945007
-6.667994 5.897499 2.004771 0.087701 0.053189 1.103773 211.104996
-6.613038 6.090839 2.005278 0.021218 0.026478 1.238735 211.240005
-6.548507 6.299734 2.005716 -0.045999 0.006154 1.444330 211.384995
-6.491158 6.515844 2.006075 -0.096157 0.017804 1.705790 211.535004
-6.454969 6.731393 2.006361 -0.116176 0.049116 1.867228 211.684998
-6.446512 6.932800 2.006574 -0.144777 0.068471 2.006638 211.824997
-6.469152 7.132131 2.006746 -0.160124 0.075747 2.140785 211.964996
-6.524473 7.325543 2.006884 -0.134809 0.068181 2.242689 212.104996
-6.613660 7.525083 2.006989 -0.096189 0.014846 2.324057 212.255005
-6.723384 7.720541 2.006989 -0.088312 -0.226874 2.496834 212.419998
-6.821848 7.896933 2.006989 -0.091945 -0.144363 2.721968 212.634995
-6.909533 8.077890 2.006989 -0.055231 -0.026776 -3.095243 213.080002
-6.818844 7.897402 1.968563 -0.013604 0.166710 -1.116693 215.300003
-6.733625 7.711590 1.970036 -0.039372 0.074382 -1.093654 215.449997
-6.635938 7.515153 1.971210 0.001576 0.034565 -1.156364 215.600006
-6.545376 7.333885 1.972060 0.005153 0.018042 -1.220823 215.735001
-6.452535 7.148805 1.972749 -0.000782 0.164217 -1.248544 215.869995
-6.364228 6.966156 1.973253 0.049619 0.148920 -1.314451 215.990005
-6.281793 6.782214 1.973635 -0.005454 0.092284 -1.299779 216.100006
-6.185077 6.562574 1.973998 0.028260 0.057570 -1.286643 216.225006
-6.094112 6.344850 1.974287 0.052816 0.038800 -1.276866 216.345001
-6.015746 6.140884 1.974509 0.056395 0.029095 -1.269798 216.455002
-5.946106 5.943275 1.974688 0.048514 0.023146 -1.264417 216.559998
-5.880742 5.743747 1.974840 0.031759 0.019851 -1.260101 216.664993
-5.820965 5.552727 1.974964 0.013703 0.019076 -1.256772 216.764999
-5.756009 5.342247 1.975079 -0.003764 0.019217 -1.253835 216.875000
-5.696191 5.151078 1.975169 -0.013412 0.019128 -1.251699 216.975006
-5.634743 4.960392 1.952132 -0.016528 0.018621 -1.249969 217.074997
-5.569991 4.770873 1.917943 -0.090557 0.017395 -1.164829 217.175003
-5.497074 4.584863 1.884383 -0.094985 0.020727 -1.072105 217.274994
-5.415815 4.402880 1.851838 -0.022105 0.021678 -1.041242 217.375000
-5.331162 4.222267 1.819307 -0.057613 0.022321 -1.010497 217.475006
-5.241547 4.044099 1.790286 -0.021819 0.003039 -0.992690 217.574997
-5.148168 3.862284 1.791946 0.055878 -0.177812 -1.161681 217.679993
-5.058712 3.678028 1.791946 -0.001188 -0.320159 -1.036025 217.800003
-4.974717 3.493619 1.791946 -0.047419 -0.242233 -0.868484 217.960007
-4.894163 3.295538 1.791946 -0.066150 -0.110192 -0.575286 218.240005
-4.835943 3.103677 1.791946 -0.018892 0.000330 0.299071 219.074997
-4.819592 3.304188 1.791946 0.000028 0.230143 1.533257 220.274994
-4.800675 3.537254 1.812992 -0.042697 0.093408 1.560042 220.455002
-4.792595 3.747031 1.847923 -0.042934 0.038434 1.516564 220.600006
-4.792456 3.948302 1.880008 -0.037748 0.014989 1.467623 220.735001
-4.798027 4.150609 1.912246 -0.003043 -0.016428 1.409554 220.869995
-4.804308 4.375713 1.948680 0.075217 -0.058041 1.298524 221.024994
-4.798001 4.587463 1.982980 0.108842 -0.060274 1.137467 221.184998
-4.770247 4.784992 2.007755 0.106694 0.070121 1.010295 221.354996
-4.708962 4.979922 2.004810 0.086757 0.031136 0.888097 221.529999
-4.614458 5.178782 2.002386 0.078413 -0.027677 0.752005 221.720001
-4.505490 5.354008 2.000542 0.077813 -0.043350 0.579146 221.914993
-4.380094 5.511021 1.999027 0.073090 -0.036031 0.412171 222.134995
-4.228613 5.649261 1.997795 0.056559 0.218703 0.273925 222.395004
-4.028893 5.750257 1.997104 0.008481 0.154840 0.124497 222.604996
-3.841777 5.821019 1.996730 0.072947 0.083765 0.004855 222.755005
-3.644973 5.876903 1.996443 0.050807 0.057310 -0.119336 222.899994
-3.432049 5.923099 1.996208 0.033196 0.047689 -0.089418 223.050003
-3.219239 5.959112 1.996027 0.073567 0.037031 -0.068042 223.195007
-3.017202 5.979062 1.995891 0.080288 0.026524 -0.053096 223.330002
-2.813337 5.984828 1.995781 0.061339 0.017563 -0.041921 223.464996
-2.608858 5.979836 1.995692 0.033634 0.013411 -0.033494 223.600006
-2.381607 5.966036 1.995611 0.063142 0.012855 -0.125762 223.750000
-2.143029 5.940665 1.995546 -0.028839 0.168235 -0.154189 223.904999
-1.937444 5.920215 1.995505 -0.023919 0.132825 -0.145158 224.024994
-1.724707 5.902534 1.995473 -0.045771 0.078940 -0.074960 224.139999
-1.503767 5.887415 1.995446 0.021596 0.052118 -0.120794 224.255005
-1.298588 5.870476 1.995425 0.021416 0.039240 -0.119380 224.360001
-1.091660 5.850744 1.995408 0.022405 0.029569 -0.118264 224.464996
-0.883972 5.828304 2.013293 0.018843 0.025765 -0.117339 224.570007
-0.675860 5.805281 2.013004 -0.001270 0.022073 -0.081573 224.675003
-0.467460 5.782591 2.012693 -0.005207 0.021811 -0.080926 224.779999
-0.268754 5.761452 1.998863 -0.015372 0.021553 -0.080446 224.880005
-0.029976 5.737914 1.983410 -0.021153 0.020015 -0.079984 225.000000
0.209031 5.717073 1.984105 -0.019727 0.019749 -0.079629 225.119995
0.448164 5.698732 1.984678 -0.013152 0.010293 -0.079337 225.240005
0.666773 5.683395 1.985119 -0.005936 0.020310 -0.079128 225.350006
0.875406 5.669233 1.985477 0.000196 0.023575 -0.078967 225.455002
1.084319 5.654850 1.985778 0.004328 0.021851 -0.078847 225.559998
1.283422 5.640561 2.007184 0.005923 0.021412 -0.078748 225.660004
1.482502 5.624819 2.022665 0.039468 0.020521 -0.121045 225.759995
1.691219 5.604825 2.022078 0.052180 0.021752 -0.152272 225.865005
1.904141 5.578205 2.021558 0.116249 -0.136595 -0.358468 225.975006
2.121776 5.537944 2.021071 0.155326 -0.072469 -0.541967 226.100006
2.316443 5.484165 2.020665 0.097542 -0.011705 -0.596090 226.225006
2.505019 5.414616 2.020319 0.149491 0.016787 -0.674432 226.354996
2.691732 5.317200 2.020021 0.162485 0.037305 -0.836398 226.494995
2.858503 5.194232 2.019777 0.138607 0.045610 -0.986448 226.634995
3.006490 5.050209 2.019581 0.120655 0.044206 -1.126331 226.774994
3.136435 4.889718 2.019423 0.114088 0.043128 -1.261216 226.914993
3.247382 4.715950 2.019297 0.110472 0.045832 -1.391160 227.054993
3.343592 4.517737 2.019189 0.123489 0.049639 -1.534198 227.205002
3.410859 4.323790 2.019107 0.085801 0.048953 -1.589969 227.345001
3.460325 4.122835 2.019041 0.096605 0.044248 -1.635442 227.485001
3.491832 3.901878 2.018985 0.079337 0.035860 -1.685394 227.634995
3.504978 3.677362 2.018941 0.053975 0.026879 -1.668102 227.785004
3.506060 3.473472 2.018909 0.048127 0.018894 -1.656619 227.919998
3.498466 3.269022 2.018883 0.033841 0.014412 -1.647928 228.054993
3.483348 3.064685 2.018862 0.019729 0.013267 -1.673431 228.190002
3.464417 2.862274 2.018846 -0.009028 0.165533 -1.663820 228.320007
3.446111 2.655790 2.018835 -0.017930 0.132167 -1.657005 228.440002
3.428448 2.452434 2.018824 0.059576 0.083782 -1.731950 228.550003
3.404392 2.252137 2.018817 0.051366 0.054926 -1.813531 228.654999
3.374918 2.049046 2.018812 -0.011693 0.039619 -1.803642 228.759995
3.345304 1.843747 2.018807 -0.033427 0.029365 -1.772701 228.865005
3.317337 1.626979 2.018802 -0.005441 0.025287 -1.708169 228.975006
3.286280 1.379801 2.018796 0.023018 0.022913 -1.707168 229.100006
3.254496 1.152435 2.018790 0.016649 0.020521 -1.706437 229.214996
3.218219 0.909783 2.018790 0.013381 -0.189710 -1.816272 229.339996
3.188358 0.706983 2.018790 0.050915 -0.319062 -1.941928 229.460007
3.162574 0.506639 2.018790 0.079818 -0.231323 -2.109470 229.619995
3.144651 0.303141 2.018790 0.080770 -0.104433 -2.386960 229.884995
3.144952 0.102712 2.018790 0.022388 0.001309 3.084696 230.660004
3.130127 0.303145 2.018790 0.021575 0.319428 1.624029 232.479996
3.118702 0.503754 2.018790 0.009942 0.234858 1.548832 232.619995
3.109091 0.737927 2.018790 -0.013135 0.122168 1.487167 232.755005
3.098755 0.943676 2.018790 -0.044710 0.071945 1.499508 232.865005
3.085309 1.146388 2.018790 -0.004813 0.049915 1.509089 232.970001
3.071546 1.362299 2.018790 0.039962 0.038437 1.516987 233.080002
3.064036 1.570117 2.018790 0.082871 0.032640 1.485422 233.184998
3.066561 1.808344 2.018790 0.072924 0.028102 1.486231 233.304993
3.077440 2.017004 2.018790 0.062997 0.025002 1.486795 233.410004
3.095253 2.225564 2.018790 0.044079 0.021841 1.487253 233.514999
3.117895 2.433928 2.018790 0.019183 0.021323 1.487625 233.619995
3.142689 2.642229 2.018790 -0.003682 0.021143 1.487923 233.725006
3.170634 2.880449 2.018790 -0.021497 0.020716 1.488195 233.845001
3.193851 3.099105 2.018790 -0.053472 0.020385 1.503235 233.955002
3.209734 3.308119 2.018790 -0.056557 0.020881 1.568441 234.059998
3.219328 3.517126 2.018790 -0.020931 0.017886 1.564459 234.164993
3.223321 3.725651 2.018790 -0.133725 0.021299 1.706144 234.270004
3.214055 3.928123 2.018790 -0.136881 -0.119705 1.865406 234.375000
3.191133 4.130081 2.012823 -0.146165 -0.080560 1.984306 234.490005
3.151004 4.329089 2.010612 -0.137693 -0.015279 2.059658 234.615005
3.088118 4.528373 2.009938 -0.126291 0.013459 2.130081 234.750000
2.994348 4.735436 2.009340 -0.125631 0.023957 2.241461 234.899994
2.889143 4.908781 2.008911 -0.095541 0.028259 2.354639 235.035004
2.762955 5.076595 2.000098 -0.102386 0.029268 2.501349 235.175003
2.626837 5.225577 1.975563 -0.090832 0.029497 2.637690 235.309998
2.479005 5.361464 1.954072 -0.099751 0.034223 2.771507 235.445007
2.301778 5.494563 1.946960 -0.083881 0.042582 2.877674 235.595001
2.125095 5.603141 1.944947 -0.097213 0.042762 2.931364 235.735001
1.945180 5.691801 1.943383 -0.117733 0.042476 3.018217 235.869995
1.742916 5.767458 1.933090 -0.059628 0.034306 3.012426 236.014999
1.541255 5.827475 1.932258 -0.081156 0.026589 3.043510 236.154999
1.320136 5.874629 1.931551 -0.052324 0.020761 3.062727 236.304993
1.118427 5.905534 1.931037 -0.095241 0.017350 3.134075 236.440002
0.914384 5.923195 1.930622 -0.021149 0.136302 3.137774 236.574997
0.708682 5.935109 1.947275 -0.053853 0.161428 -3.133243 236.699997
0.500702 5.938209 1.946807 -0.087343 0.104967 -3.032434 236.815002
0.292336 5.929369 1.946413 -0.068876 0.065788 -2.944879 236.925003
0.050186 5.911637 1.946038 0.024609 0.041311 -2.966144 237.050003
-0.156209 5.898026 1.945776 0.013947 0.032201 -2.980455 237.154999
-0.354192 5.885788 1.980160 -0.005039 0.028649 -2.991555 237.255005
-0.562832 5.871857 1.979441 -0.020447 0.025939 -3.000846 237.360001
-0.781693 5.854533 1.978775 -0.025543 0.023365 -3.008678 237.470001
-0.990559 5.834948 1.978239 -0.022046 0.021891 -3.014611 237.574997
-1.199261 5.812772 1.972326 -0.014490 0.021003 -3.019429 237.679993
-1.397904 5.790026 1.936553 -0.004756 0.020462 -3.023080 237.779999
-1.596490 5.766621 1.921596 0.002925 0.019999 -3.026094 237.880005
-1.834797 5.738753 1.922718 0.010375 0.019642 -3.028915 238.000000
-2.073174 5.712024 1.923658 0.012336 0.011822 -3.031127 238.119995
-2.271435 5.691334 1.905814 0.076880 0.015618 -3.090875 238.220001
-2.479646 5.674507 1.889254 0.026833 0.023884 -3.092706 238.324997
-2.708266 5.659498 1.889238 0.022297 0.023526 -3.093801 238.440002
-2.937421 5.647242 1.889224 0.019997 0.021466 -3.094676 238.554993
-3.146916 5.638148 1.889214 0.014526 0.021386 -3.095308 238.660004
-3.356561 5.630457 1.889204 0.007730 0.020294 -3.095802 238.764999
-3.566216 5.623121 1.889197 -0.059532 0.018706 -3.047754 238.869995
-3.775067 5.609766 1.889191 -0.107738 0.022017 -2.938028 238.975006
-3.981712 5.584639 1.889186 -0.109594 0.028947 -2.829620 239.080002
-4.185673 5.547363 1.889181 -0.053679 0.032561 -2.781572 239.184998
-4.417696 5.496383 1.889176 -0.025923 0.031003 -2.796886 239.304993
-4.649789 5.440288 1.889173 -0.038000 0.028062 -2.808769 239.425003
-4.900368 5.372643 1.889170 -0.038303 0.023457 -2.818679 239.554993
-5.092154 5.315889 1.889168 -0.028848 0.021023 -2.824668 239.654999
-5.283206 5.256074 1.889165 -0.015599 0.019429 -2.829505 239.755005
-5.492882 5.188315 1.889163 0.000856 0.019178 -2.833801 239.865005
-5.683498 5.126398 1.889161 0.011138 0.018437 -2.836959 239.964996
-5.874646 5.066349 1.889161 0.091384 0.017090 -2.914127 240.065002
-6.077149 5.011940 1.889161 0.104643 0.020841 -3.013644 240.169998
-6.271593 4.970310 1.853256 0.065802 0.025796 -3.075771 240.270004
-6.467150 4.935029 1.818154 0.024223 0.027366 -3.066638 240.369995
-6.663651 4.902698 1.784327 0.091574 0.027384 -3.104766 240.470001
-6.861157 4.877807 1.750867 0.086736 0.028662 3.138689 240.570007
-7.059394 4.861682 1.718527 0.058064 0.027413 3.097038 240.669998
-7.268048 4.851377 1.684912 0.047435 0.026658 3.097679 240.774994
-7.467051 4.847595 1.653340 0.062153 0.026652 3.046415 240.875000
-7.666088 4.850094 1.621981 0.024959 0.025261 3.057129 240.975006
-7.865254 4.856719 1.590434 0.041577 0.024853 3.024170 241.074997
-8.064202 4.867959 1.562328 0.058104 -0.008188 2.982216 241.175003
-8.266095 4.883784 1.562328 0.050533 -0.218189 2.872267 241.279999
-8.491405 4.902282 1.562328 0.080968 -0.300947 2.725668 241.419998
-8.710915 4.914711 1.562328 0.096296 -0.179201 2.516241 241.619995
-8.911694 4.915329 1.562328 0.073162 -0.055985 2.160215 241.960007
-9.118651 4.924275 1.557909 -0.015856 0.314818 2.855370 243.214996
-9.312105 4.971263 1.526108 0.021828 0.209556 2.943859 243.434998
-9.509254 5.019971 1.493891 0.026331 0.086243 3.008236 243.589996
-9.703211 5.070964 1.461576 -0.003886 0.040989 3.069374 243.729996
-9.896402 5.118997 1.429522 -0.033427 0.031231 3.123325 243.865005
-10.108211 5.161994 1.394832 -0.074893 0.031757 -3.081077 244.009995
-10.308414 5.188057 1.362805 -0.057375 0.030720 -3.063134 244.145004
-10.512910 5.202937 1.356677 -0.061904 -0.197892 -2.932855 244.285004
-10.714334 5.215650 1.356677 -0.081134 -0.207086 -2.749606 244.460007
-10.914000 5.236256 1.356677 -0.075386 -0.082598 -2.440702 244.755005
-11.117615 5.244405 1.343879 0.022386 0.271706 -2.428481 245.755005
-11.274261 5.124317 1.295841 0.015972 0.318872 -2.480052 246.005005
-11.444782 4.998043 1.253302 0.020751 0.216514 -2.500283 246.154999
-11.609967 4.879232 1.215512 0.023146 0.059222 -2.512550 246.274994
-11.788654 4.754471 1.176384 0.020505 -0.062723 -2.522249 246.399994
-11.953529 4.642649 1.141842 0.014123 -0.114302 -2.529552 246.520004
-12.123058 4.530447 1.107123 0.006136 -0.136937 -2.535856 246.654999
-12.292153 4.420421 1.073792 -0.000615 -0.136054 -2.541145 246.809998
-12.461850 4.310655 1.040816 -0.003144 -0.119739 -2.545678 247.000000
-12.633338 4.199242 1.017179 0.000066 -0.073388 -2.566844 247.255005
-12.802276 4.089033 1.015205 0.000582 -0.059188 -2.572978 247.610001
-12.971433 3.978346 1.013367 0.000549 -0.032498 -2.577373 248.354996
