-12.793275 4.044942 1.000000 0.035326 0.326686 0.259450 0.000000
-12.596436 4.084439 1.000000 0.043134 0.272726 0.287486 0.150000
-12.379232 4.125172 1.000000 -0.009188 0.147411 0.305557 0.280000
-12.178474 4.166310 1.027876 -0.070883 0.086814 0.317431 0.390000
-11.981928 4.215868 1.046939 -0.101904 0.053051 0.326440 0.495000
-11.785309 4.277325 1.046938 -0.100666 0.034018 0.333650 0.600000
-11.553663 4.364590 1.046938 -0.070464 0.024137 0.340481 0.725000
-11.361132 4.446342 1.046938 -0.034799 0.021172 0.344998 0.830000
-11.171532 4.530569 1.046938 0.028997 -0.148668 0.256734 0.935000
-10.984959 4.613926 1.046938 0.071810 -0.319481 0.136306 1.050000
-10.800959 4.699841 1.046938 0.098167 -0.246300 -0.020774 1.200000
-10.622839 4.791431 1.046938 0.096173 -0.123620 -0.261629 1.430000
-10.451647 4.895740 1.046938 0.043400 -0.014906 -0.586260 1.960000
-10.254631 4.943268 1.046938 0.011915 0.318776 0.111312 3.060000
-10.053567 4.957828 1.046938 -0.029280 0.302824 0.063634 3.230000
-9.853680 4.976846 1.046938 -0.053085 0.184141 0.060233 3.355000
-9.646866 5.002428 1.046938 -0.027056 0.102806 0.065039 3.470000
-9.448231 5.029488 1.046938 0.004909 0.062956 0.068510 3.575000
-9.244743 5.056427 1.046938 0.027299 0.042082 0.071275 3.680000
-9.038558 5.080787 1.046938 0.036425 0.031189 0.073508 3.785000
-8.830830 5.101535 1.046938 0.034836 0.025947 0.075312 3.890000
-8.622226 5.118783 1.046938 0.026372 0.022600 0.076762 3.995000
-8.413143 5.133458 1.046938 0.013871 0.021896 0.077932 4.100000
-8.163879 5.149466 1.046938 -0.000092 0.020703 0.079021 4.225000
-7.954433 5.163255 1.046938 -0.057856 0.019411 0.114576 4.330000
-7.745372 5.180565 1.046938 -0.006700 0.021264 0.112690 4.435000
-7.536363 5.199028 1.046938 0.005729 0.020947 0.106778 4.540000
-7.327244 5.217142 1.046938 0.008052 0.019662 0.102011 4.645000
-7.118060 5.234635 1.046938 0.007090 0.019609 0.098171 4.750000
-6.908849 5.251597 1.046938 0.004535 0.016538 0.095115 4.855000
-6.700423 5.268201 1.046938 0.002373 0.015580 0.092665 4.960000
-6.452921 5.288024 1.056858 -0.049147 0.023621 0.126849 5.085000
-6.245085 5.308530 1.056541 -0.060594 0.024127 0.178799 5.190000
-6.037587 5.333826 1.056274 -0.007601 0.023540 0.182190 5.295000
-5.839848 5.359467 1.087870 -0.005475 0.023286 0.176764 5.395000
-5.641932 5.386039 1.104971 -0.009744 0.022410 0.172328 5.495000
-5.434118 5.415318 1.104477 -0.012155 0.021061 0.168574 5.600000
-5.226423 5.446191 1.104059 -0.010934 0.020062 0.165581 5.705000
-4.989243 5.483193 1.103656 -0.005867 0.020601 0.162857 5.825000
-4.781793 5.516569 1.117529 -0.000853 0.019592 0.160971 5.930000
-4.576744 5.549955 1.131647 -0.009709 -0.150360 0.249661 6.035000
-4.374945 5.582511 1.131647 -0.046029 -0.323674 0.370089 6.150000
-4.173950 5.611866 1.131647 -0.079529 -0.251701 0.527169 6.300000
-3.974744 5.634152 1.131647 -0.085979 -0.131092 0.768024 6.530000
-3.774205 5.642073 1.131647 -0.042939 -0.013985 1.328276 7.065000
-3.977757 5.641251 1.131647 -0.034452 0.186817 -3.040361 14.190000
-4.177809 5.640074 1.131647 -0.063931 0.090809 -3.028000 14.340000
-4.379313 5.623971 1.131647 -0.094696 0.039464 -3.001775 14.480000
-4.591448 5.587856 1.131647 -0.059318 0.020437 -2.990978 14.625000
-4.789135 5.542112 1.131647 -0.047022 0.055740 -2.987254 14.760000
-4.989383 5.488537 1.131647 -0.025495 0.170974 -2.974967 14.890000
-5.185989 5.434155 1.131647 0.011507 0.119054 -2.966573 15.005000
-5.392093 5.379430 1.131647 0.035804 -0.102437 -3.044777 15.120000
-5.589407 5.328771 1.131647 0.067635 -0.298754 3.112746 15.240000
-5.782656 5.276228 1.131647 0.093000 -0.235182 2.950433 15.395000
-5.975841 5.215410 1.131647 0.090514 -0.112735 2.688637 15.645000
-6.161244 5.139893 1.131647 0.031538 -0.002007 2.013205 16.290001
-6.181819 5.342489 1.131647 -0.014708 0.234591 1.488751 17.254999
-6.170628 5.546775 1.131647 0.033363 0.106159 1.453919 17.415001
-6.156153 5.753458 1.131647 0.014165 0.049219 1.446512 17.559999
-6.138174 5.952743 1.131647 0.047161 0.028333 1.357343 17.695000
-6.112002 6.153570 1.131647 0.030994 0.020428 1.313556 17.830000
-6.079657 6.358888 1.131647 -0.006194 0.174193 1.303784 17.965000
-6.044849 6.561129 1.131647 0.012518 0.137316 1.312675 18.084999
-6.007195 6.760759 1.131647 0.025584 0.088646 1.319163 18.195000
-5.966178 6.958295 1.131647 0.028086 0.056451 1.324114 18.299999
-5.910640 7.197215 1.131647 0.052651 0.036928 1.280889 18.424999
-5.856247 7.398045 1.131647 0.078584 0.029895 1.210141 18.530001
-5.794834 7.597652 1.131647 0.021561 0.024733 1.190351 18.635000
-5.729105 7.796314 1.131647 0.070822 0.024473 1.103989 18.740000
-5.658309 7.993202 1.131647 -0.018696 0.011565 1.121537 18.844999
-5.587239 8.187539 1.147565 -0.031227 -0.111484 1.175238 18.950001
-5.519584 8.379314 1.184584 -0.059308 -0.121777 1.298769 19.059999
-5.455794 8.581469 1.221081 -0.071760 -0.060270 1.404667 19.184999
-5.399330 8.797131 1.258004 -0.076546 -0.013137 1.497773 19.325001
-5.360179 8.993731 1.290161 -0.044691 0.005624 1.544294 19.455000
-5.328099 9.197130 1.323498 -0.028541 0.012151 1.529942 19.590000
-5.302120 9.393227 1.354804 -0.030057 0.013178 1.519400 19.719999
-5.280188 9.597353 1.361712 -0.010495 0.011383 1.497467 19.855000
-5.259770 9.801363 1.361103 0.096345 0.005524 1.321288 19.990000
-5.227142 10.000969 1.360606 -0.046236 -0.003467 1.390478 20.125000
-5.201810 10.206067 1.360189 -0.152123 0.019524 1.646850 20.264999
-5.208712 10.439084 1.359812 -0.211920 0.032348 1.996499 20.424999
-5.257697 10.645308 1.386311 -0.121390 0.059896 2.256056 20.575001
-5.340329 10.847984 1.422562 -0.103822 0.065392 2.403975 20.730000
-5.451298 11.039744 1.443172 -0.135303 0.069387 2.556352 20.885000
-5.577398 11.196792 1.473318 -0.142531 0.067606 2.688947 21.025000
-5.726140 11.333947 1.507625 -0.141380 0.065291 2.819218 21.165001
-5.912822 11.459620 1.545286 -0.138699 0.059612 2.963801 21.320000
-6.103530 11.550120 1.579690 -0.129583 0.057666 3.099445 21.465000
-6.298134 11.611696 1.613348 -0.131467 0.056411 -3.046390 21.605000
-6.499210 11.647101 1.621938 -0.121614 0.054400 -2.921757 21.745001
-6.703469 11.657433 1.644796 -0.080486 0.049035 -2.846431 21.885000
-6.917116 11.647800 1.661939 -0.086084 0.043380 -2.797960 22.030001
-7.138189 11.617257 1.664491 -0.078073 0.034807 -2.749213 22.180000
-7.335142 11.572513 1.662823 -0.094067 0.031028 -2.684579 22.315001
-7.529180 11.513268 1.694428 -0.042128 0.023292 -2.700086 22.450001
-7.722287 11.446711 1.697571 -0.033623 0.015701 -2.752967 22.584999
-7.922122 11.374087 1.697031 -0.002042 0.011050 -2.843662 22.725000
-8.109463 11.304401 1.678025 -0.028092 0.032564 -2.832741 22.855000
-8.296102 11.227851 1.689312 -0.067673 -0.050223 -2.653904 22.985001
-8.476658 11.143337 1.707622 -0.062788 -0.038170 -2.522290 23.120001
-8.655954 11.046831 1.728869 -0.053701 -0.008685 -2.398724 23.264999
-8.835708 10.935617 1.729946 -0.054262 0.013120 -2.337267 23.420000
-9.017370 10.805337 1.730841 -0.068914 0.032036 -2.267109 23.584999
-9.178289 10.671545 1.730938 -0.066788 -0.210914 -2.111359 23.745001
-9.341808 10.533914 1.730938 -0.059124 -0.154379 -2.142776 23.975000
-9.490177 10.398244 1.730938 0.010478 -0.056699 -2.629722 24.440001
-9.679283 10.328876 1.730938 0.004479 0.320209 3.126633 25.350000
-9.879726 10.327515 1.730938 0.000378 0.303637 3.140160 25.520000
-10.096799 10.326657 1.730938 -0.008405 0.182950 -3.135253 25.655001
-10.315083 10.327651 1.730938 0.025483 0.096921 3.080351 25.775000
-10.544695 10.332572 1.730938 -0.011847 0.056930 3.084961 25.895000
-10.750286 10.336177 1.730938 -0.004946 0.039514 3.088155 26.000000
-10.958024 10.339761 1.730938 0.058762 0.028351 3.051794 26.105000
-11.186234 10.348821 1.730938 0.030659 0.026514 3.036632 26.219999
-11.414779 10.362595 1.730938 0.031942 0.024647 3.037822 26.334999
-11.623569 10.379006 1.730938 0.032045 0.022469 3.038692 26.440001
-11.832254 10.398962 1.730938 0.024577 0.021336 3.039384 26.545000
-12.050727 10.422793 1.730938 0.033336 0.019358 3.028268 26.655001
-12.258919 10.448441 1.730938 0.018777 0.016347 3.011336 26.760000
-12.465542 10.477542 1.730938 0.061034 -0.030917 2.912250 26.865000
-12.677700 10.513887 1.730938 -0.051872 0.022613 2.948799 26.975000
-12.919887 10.551280 1.730938 -0.032432 0.033235 2.986734 27.100000
-13.125481 10.578987 1.730938 -0.017503 0.030800 2.990738 27.205000
-13.362046 10.608969 1.730938 -0.007653 0.024846 2.994329 27.325001
-13.569745 10.634706 1.730938 -0.000380 0.023333 2.996819 27.430000
-13.777770 10.660751 1.730938 0.004232 0.022113 2.998791 27.535000
-13.985918 10.687535 1.730938 0.005603 0.020881 3.000379 27.639999
-14.193918 10.715157 1.730938 0.004925 -0.000772 3.001654 27.745001
-14.398646 10.743083 1.730938 0.008964 -0.066727 2.997912 27.850000
-14.603708 10.773790 1.730938 0.033214 -0.045435 2.974030 27.959999
-14.806782 10.808891 1.746511 -0.092895 -0.122114 -3.083232 28.075001
-15.006937 10.831936 1.753351 -0.268185 -0.003021 -2.732668 28.200001
-15.203050 10.816732 1.796434 -0.190909 0.073625 -2.622203 28.334999
-15.403700 10.759240 1.829994 -0.152971 0.064756 -2.555919 28.480000
-15.582312 10.674889 1.871126 -0.167934 0.045513 -2.419870 28.615000
-15.752955 10.559511 1.885349 -0.127150 0.042743 -2.266862 28.754999
-15.903179 10.428610 1.907851 -0.082726 -0.062620 -2.122949 28.889999
-16.048874 10.286307 1.907851 -0.083576 -0.234248 -1.960629 29.045000
-16.195934 10.147437 1.907851 -0.087761 -0.130824 -1.719766 29.275000
-16.350477 10.019989 1.907851 -0.045464 -0.015815 -1.180443 29.790001
-16.154865 9.963562 1.913023 -0.005709 0.319264 -0.003809 31.315001
-15.950472 9.962744 1.913540 -0.014127 0.230986 0.006433 31.455000
-15.750030 9.964228 1.913890 -0.019406 0.136504 0.012908 31.570000
-15.534152 9.968433 1.914178 -0.020475 0.074117 0.017910 31.684999
-15.330523 9.974704 1.914403 -0.017066 0.047211 0.021573 31.790001
-15.123923 9.983294 1.914593 -0.036398 0.033365 0.050759 31.895000
-14.906088 9.996245 1.914762 -0.027915 0.026714 0.059912 32.005001
-14.667771 10.014372 1.914917 -0.026385 0.023150 0.067771 32.125000
-14.459095 10.033406 1.915031 -0.020607 0.021603 0.073229 32.230000
-14.250431 10.054745 1.915128 -0.012583 0.020214 0.077618 32.334999
-14.041847 10.077476 1.915210 -0.002540 0.019937 0.081125 32.439999
-13.833287 10.100577 1.915280 0.005681 0.020161 0.083953 32.544998
-13.624655 10.123193 1.915339 0.010965 0.019699 0.086197 32.650002
-13.416551 10.144757 1.915389 0.012334 -0.024403 0.088019 32.755001
-13.185485 10.167440 1.915426 0.007594 -0.140229 0.057867 32.875000
-12.979455 10.187861 1.915426 0.033008 -0.311245 -0.067801 32.994999
-12.773720 10.212153 1.915426 0.067539 -0.244638 -0.235358 33.154999
-12.575131 10.243918 1.915426 0.077398 -0.116157 -0.497165 33.404999
-12.379468 10.292293 1.915426 0.029393 -0.003986 -1.198809 34.075001
-12.463524 10.097445 1.915426 0.006368 0.318938 -2.146936 35.419998
-12.592728 9.901340 1.915426 0.011379 0.090256 -2.275578 35.580002
-12.707542 9.735203 1.915426 0.018403 -0.020763 -2.350632 35.705002
-12.826836 9.567676 1.915426 0.045645 -0.012075 -2.420804 35.834999
-12.955377 9.399629 1.915426 0.047625 -0.213903 -2.328903 35.974998
-13.083938 9.243179 1.915426 -0.005925 -0.229210 -2.150876 36.145000
-13.218729 9.093610 1.915426 -0.044886 -0.112250 -1.857652 36.424999
-13.367185 8.959405 1.915426 -0.011849 0.000999 -0.799949 37.435001
-13.160902 9.015594 1.915426 -0.025532 0.320645 0.330456 38.924999
-12.950511 9.089563 1.915426 -0.001368 0.225861 0.406679 39.080002
-12.761860 9.156912 1.915426 0.031767 0.124702 0.435122 39.195000
-12.539679 9.232067 1.915426 0.037979 0.068325 0.444213 39.320000
-12.327077 9.301196 1.915426 -0.009374 0.046481 0.437364 39.435001
-12.121214 9.370507 1.915426 -0.062292 0.034109 0.444265 39.544998
-11.927102 9.445635 1.915426 -0.110391 0.032496 0.514840 39.650002
-11.737706 9.532566 1.915426 -0.085242 0.029376 0.513189 39.755001
-11.551865 9.628586 1.915426 -0.061111 0.003944 0.501498 39.860001
-11.348944 9.741281 1.915426 0.020040 -0.236056 0.375830 39.980000
-11.159953 9.849807 1.915426 0.065838 -0.306593 0.234454 40.115002
-10.986051 9.956380 1.915426 0.089007 -0.197037 0.045953 40.294998
-10.818826 10.070786 1.915426 0.075503 -0.069792 -0.283924 40.610001
-10.951406 9.915795 1.915426 0.061396 0.272861 -2.450347 43.060001
-11.110518 9.780560 1.915426 0.039622 0.156025 -2.542210 43.185001
-11.269118 9.654871 1.915426 0.039307 0.087397 -2.626845 43.294998
-11.460396 9.509720 1.915426 -0.012917 0.051899 -2.631843 43.419998
-11.640724 9.373091 1.915426 0.024060 0.038007 -2.622155 43.535000
-11.809001 9.249328 1.915426 0.050868 0.029540 -2.615133 43.639999
-11.981325 9.129453 1.915426 0.062235 0.023646 -2.609492 43.744999
-12.149175 9.019970 1.915426 0.056667 0.020307 -2.605119 43.845001
-12.320117 8.914847 1.915426 0.091959 0.017595 -2.635199 43.945000
-12.495129 8.816837 1.915426 0.108696 0.018523 -2.727617 44.044998
-12.674357 8.727736 1.915426 0.035052 0.019084 -2.770849 44.145000
-12.855118 8.641890 1.881369 -0.010788 0.018788 -2.758295 44.244999
-13.035626 8.554990 1.862863 -0.010752 0.017979 -2.748078 44.345001
-13.215730 8.466854 1.853783 -0.045581 0.015187 -2.707801 44.445000
-13.393910 8.374964 1.836147 -0.017754 0.016519 -2.647216 44.544998
-13.570114 8.279562 1.807410 -0.064646 0.015574 -2.558454 44.645000
-13.751188 8.173424 1.806849 -0.079561 0.018736 -2.461244 44.750000
-13.926445 8.060043 1.807885 -0.093963 -0.009989 -2.372255 44.855000
-14.124401 7.915307 1.808911 -0.116457 0.039106 -2.274792 44.980000
-14.281055 7.782641 1.809641 -0.164669 -0.045462 -2.140711 45.084999
-14.425873 7.639142 1.810283 -0.160612 -0.092524 -2.029632 45.195000
-14.557703 7.484182 1.810870 -0.154169 -0.039132 -1.968084 45.314999
-14.675626 7.314058 1.811396 -0.098991 -0.005667 -1.962757 45.445000
-14.776904 7.139932 1.811826 -0.076092 0.004492 -1.976652 45.575001
-14.879686 6.934143 1.812222 -0.048477 0.006710 -1.988537 45.724998
-14.964116 6.745922 1.812510 -0.019735 0.008862 -1.996546 45.860001
-15.044489 6.556163 1.812743 -0.045088 0.009480 -1.931892 45.994999
-15.118445 6.363915 1.812931 -0.045373 0.080072 -1.848466 46.130001
-15.183412 6.172630 1.827666 -0.039255 0.161910 -1.772902 46.255001
-15.241765 5.976754 1.827947 0.006497 0.109018 -1.721466 46.369999
-15.299680 5.778094 1.828173 0.033204 0.068587 -1.739429 46.480000
-15.362267 5.573965 1.828363 0.004002 0.046202 -1.753753 46.590000
-15.423197 5.376038 1.828518 -0.024667 0.036621 -1.764702 46.695000
-15.482044 5.175775 1.828649 -0.040890 0.029112 -1.773421 46.799999
-15.536971 4.974010 1.828759 -0.043503 0.010028 -1.780376 46.904999
-15.591862 4.742382 1.828866 -0.115003 0.028293 -1.691130 47.025002
-15.630136 4.527541 1.828949 -0.021627 0.026799 -1.670541 47.134998
-15.662041 4.321163 1.829015 -0.012426 0.024384 -1.637458 47.240002
-15.692736 4.114194 1.829072 0.021197 0.021261 -1.652747 47.345001
-15.725538 3.907229 1.829119 0.013734 0.021432 -1.664922 47.450001
-15.759896 3.700274 1.829159 0.001621 0.021053 -1.674781 47.555000
-15.799438 3.463638 1.829198 -0.011098 0.020599 -1.683579 47.674999
-15.837582 3.227712 1.829230 -0.018007 -0.040618 -1.690477 47.794998
-15.868464 3.026956 1.829254 -0.017355 0.006442 -1.695279 47.900002
-15.894692 2.827586 1.829274 -0.099704 0.048775 -1.595169 48.005001
-15.912339 2.595804 1.829294 -0.057818 0.046939 -1.518689 48.125000
-15.920681 2.390123 1.829308 -0.005812 0.037893 -1.529420 48.230000
-15.927833 2.182565 1.829320 -0.009498 0.030428 -1.538100 48.334999
-15.933776 1.973917 1.829330 -0.017411 0.026249 -1.545110 48.439999
-15.937758 1.764670 1.829338 -0.020506 0.023680 -1.550674 48.544998
-15.939519 1.555131 1.829345 -0.017594 0.022100 -1.555137 48.650002
-15.939390 1.345574 1.829352 -0.012094 -0.002170 -1.558748 48.755001
-15.937735 1.100905 1.829358 -0.002535 -0.082084 -1.562084 48.880001
-15.935820 0.876041 1.829363 0.003764 0.049548 -1.564606 49.000000
-15.934337 0.638790 1.829367 0.007025 0.060146 -1.566634 49.125000
-15.933862 0.424950 1.829369 0.007202 0.044421 -1.568018 49.235001
-15.934175 0.218068 1.829372 0.005835 0.034254 -1.569080 49.340000
-15.935087 0.009706 1.829374 0.003467 0.026787 -1.569923 49.445000
-15.936410 -0.209380 1.829377 0.000756 0.024171 -1.570636 49.555000
-15.937820 -0.458871 1.829380 -0.050933 0.020749 -1.534651 49.680000
-15.932538 -0.697303 1.829381 -0.084830 -0.031812 -1.417775 49.799999
-15.916103 -0.927816 1.829381 -0.092932 0.025875 -1.319839 49.919998
-15.891252 -1.136453 1.838391 -0.013482 0.054013 -1.320257 50.029999
-15.863996 -1.338520 1.840575 -0.009177 0.047089 -1.335423 50.134998
-15.834517 -1.543059 1.842420 -0.017414 0.036111 -1.347501 50.240002
-15.802398 -1.748857 1.843982 -0.020779 0.028404 -1.357160 50.345001
-15.765836 -1.964912 1.845372 -0.017211 0.024706 -1.365285 50.455002
-15.728653 -2.171250 1.846491 -0.009816 0.021614 -1.371436 50.560001
-15.690091 -2.377582 1.847448 -0.001464 0.021022 -1.376428 50.665001
-15.647447 -2.603056 1.848323 0.005829 -0.025628 -1.380712 50.779999
-15.606236 -2.822898 1.849063 0.010151 -0.016289 -1.384138 50.895000
-15.559489 -3.061091 1.849757 -0.100335 -0.111885 -1.184315 51.025002
-15.508996 -3.260304 1.850287 -0.132450 -0.065686 -1.001769 51.145000
-15.441275 -3.454465 1.850754 -0.148596 0.003290 -0.836812 51.275002
-15.351237 -3.636612 1.851152 -0.156420 0.040140 -0.684914 51.410000
-15.229430 -3.811657 1.851496 -0.146706 0.054569 -0.546491 51.555000
-15.089134 -3.961147 1.851760 -0.091808 0.049991 -0.470856 51.695000
-14.932576 -4.096745 1.851973 -0.089252 0.041044 -0.424943 51.834999
-14.744246 -4.231437 1.852161 -0.083254 0.033457 -0.378608 51.990002
-14.570440 -4.336915 1.852293 -0.038782 0.023322 -0.390934 52.125000
-14.391525 -4.436511 1.852399 -0.031863 0.016087 -0.409600 52.259998
-14.211153 -4.530884 1.852436 -0.013608 -0.145210 -0.499553 52.395000
-14.029179 -4.621942 1.852436 0.030933 -0.239847 -0.667110 52.555000
-13.847315 -4.705541 1.852436 0.058644 -0.130902 -0.923681 52.799999
-13.659508 -4.775064 1.852436 0.031737 -0.012162 -1.578200 53.424999
-13.816505 -4.917936 1.826186 0.020431 0.217490 -2.591082 54.419998
-13.993183 -5.025302 1.822235 0.071984 0.095796 -2.720252 54.580002
-14.184893 -5.120104 1.825301 0.077073 0.048543 -2.754538 54.730000
-14.369220 -5.197883 1.827510 0.014072 0.025755 -2.681243 54.865002
-14.557302 -5.274590 1.829307 0.002140 0.011297 -2.590317 55.000000
-14.744281 -5.353737 1.830716 -0.031877 0.170456 -2.492219 55.130001
-14.929982 -5.444214 1.831781 -0.113136 0.074845 -2.344667 55.250000
-15.108877 -5.550809 1.832664 -0.193078 -0.040175 -2.107025 55.369999
-15.296591 -5.697612 1.833558 -0.169742 0.027149 -1.970015 55.520000
-15.435460 -5.845674 1.834206 -0.174869 0.054569 -1.885416 55.654999
-15.557211 -6.030595 1.834781 -0.155199 0.054703 -1.797678 55.805000
-15.642467 -6.219152 1.835212 -0.124464 0.043795 -1.744489 55.945000
-15.703555 -6.410878 1.835546 -0.096605 0.032797 -1.682225 56.080002
-15.751937 -6.630706 1.835844 -0.073422 0.024979 -1.605897 56.230000
-15.784852 -6.854258 1.836081 -0.017331 0.018779 -1.583552 56.380001
-15.809062 -7.054177 1.849222 -0.054452 0.176404 -1.567954 56.509998
-15.827534 -7.259480 1.852252 -0.004108 0.138043 -1.573996 56.630001
-15.843407 -7.462679 1.852311 -0.007724 0.086666 -1.583906 56.740002
-15.857757 -7.664263 1.852359 -0.014008 0.056171 -1.591502 56.845001
-15.868983 -7.869726 1.883948 -0.103761 0.037955 -1.507415 56.950001
-15.869583 -8.066643 1.920395 -0.101951 0.035210 -1.423293 57.049999
-15.861210 -8.263891 1.955246 -0.024616 0.032668 -1.436273 57.150002
-15.849741 -8.461923 1.989019 -0.013969 0.028414 -1.446789 57.250000
-15.835836 -8.670498 2.024406 -0.012538 0.025464 -1.455808 57.355000
-15.821077 -8.869502 2.055626 -0.010273 0.022921 -1.462727 57.455002
-15.804298 -9.078629 2.054503 -0.006368 0.021268 -1.468655 57.560001
-15.783424 -9.327667 2.053392 0.049311 0.018445 -1.510176 57.685001
-15.770590 -9.536367 2.052605 0.081525 -0.027079 -1.617245 57.790001
-15.766060 -9.739153 2.052213 0.059309 -0.151514 -1.672790 57.895000
-15.767138 -9.952523 2.052213 0.015670 -0.319639 -1.541886 58.020000
-15.773406 -10.154924 2.052213 -0.035863 -0.243865 -1.374329 58.180000
-15.788251 -10.356698 2.052213 -0.061033 -0.119905 -1.102050 58.439999
-15.821004 -10.554236 2.052213 -0.023670 -0.003677 -0.321863 59.185001
-15.794010 -10.339262 2.052213 0.001160 0.320506 1.419897 61.345001
-15.760909 -10.134592 2.034534 0.035644 0.208511 1.381966 61.485001
-15.721675 -9.932423 2.034879 0.070196 -0.018108 1.229479 61.605000
-15.672720 -9.736073 2.035166 0.115242 -0.050089 1.070341 61.724998
-15.601730 -9.525807 2.035439 0.117327 -0.003355 0.902562 61.865002
-15.516433 -9.339161 2.035650 0.071570 0.022951 0.839081 62.000000
-15.419317 -9.159972 2.035826 0.040144 0.023571 0.866913 62.134998
-15.306236 -8.971260 2.035976 0.045221 0.018186 0.889073 62.279999
-15.193072 -8.799660 2.036088 0.038508 0.013262 0.904607 62.415001
-15.072742 -8.632668 2.062664 0.051098 0.007706 0.864412 62.549999
-14.942505 -8.475014 2.044860 0.093152 0.016508 0.673807 62.685001
-14.804657 -8.327386 2.032451 -0.060419 -0.001409 0.981394 62.820000
-14.670042 -8.169936 2.024877 -0.020095 0.023171 0.964922 62.959999
-14.538938 -8.006660 2.018440 0.052032 -0.004261 0.835316 63.099998
-14.406828 -7.855747 2.019260 0.053107 0.025371 0.671874 63.235001
-14.257708 -7.712602 2.019814 0.116558 -0.033664 0.513334 63.375000
-14.090458 -7.580310 2.019814 0.018367 -0.244496 0.680891 63.535000
-13.928176 -7.463059 2.019814 -0.034656 -0.161170 0.911282 63.755001
-13.756997 -7.355826 2.019814 -0.039532 -0.037152 1.413952 64.235001
-13.968254 -7.307952 2.019814 -0.004945 0.121227 -3.068546 65.980003
-14.171274 -7.300291 2.019814 -0.052254 -0.020702 -3.111268 66.139999
-14.379529 -7.304576 2.019814 -0.012835 -0.084171 3.041092 66.309998
-14.583116 -7.316510 2.019814 0.032716 -0.085368 2.907687 66.500000
-14.785686 -7.325130 2.019814 0.055042 -0.056721 2.807563 66.730003
-14.985820 -7.316479 2.019814 -0.044074 0.224144 2.838545 66.995003
-15.187515 -7.300000 2.019814 0.036178 0.098136 2.952894 67.184998
-15.389468 -7.271842 2.026405 0.040995 0.006625 3.031005 67.349998
-15.589563 -7.236344 2.026682 -0.022600 -0.138131 -3.133008 67.514999
-15.793419 -7.201300 2.026712 -0.007922 -0.175318 2.943206 67.730003
-15.992952 -7.177536 2.026712 0.030679 -0.061873 2.508645 68.144997
-16.046974 -6.982937 2.026712 0.008336 0.255524 1.230991 70.050003
-15.985320 -6.785679 2.026712 0.069880 0.111337 1.170339 70.214996
-15.901605 -6.582172 2.026712 0.086578 0.046647 1.129496 70.370003
-15.806631 -6.398177 2.026712 0.073357 0.022972 1.102349 70.510002
-15.701995 -6.224234 2.026712 0.044829 0.014924 1.082832 70.644997
-15.589679 -6.053077 2.026712 0.050246 0.020611 1.038085 70.779999
-15.455266 -5.864868 2.026712 0.044607 0.111345 0.942397 70.925003
-15.331409 -5.702727 2.026712 0.052128 -0.045343 0.794253 71.044998
-15.201162 -5.544585 2.026712 0.075388 -0.036577 0.623060 71.169998
-15.042234 -5.373027 2.026712 0.103067 0.003827 0.450319 71.320000
-14.891410 -5.236814 2.026712 0.098279 0.032554 0.336037 71.455002
-14.724324 -5.112346 2.026712 0.098876 0.041874 0.288963 71.595001
-14.552234 -5.008327 2.026712 0.114151 0.042139 0.231833 71.730003
-14.369780 -4.922860 2.026712 0.111418 0.037665 0.171500 71.864998
-14.179285 -4.854961 2.026712 0.052387 0.027303 0.167724 72.000000
-13.984125 -4.796577 2.026712 0.018390 0.018805 0.204270 72.135002
-13.779849 -4.738548 2.037263 0.013382 0.011640 0.295668 72.275002
-13.589428 -4.685772 2.072238 0.025100 0.062109 0.294923 72.404999
-13.395400 -4.635185 2.105206 0.012252 0.166725 0.294373 72.529999
-13.197925 -4.584162 2.137586 -0.005860 0.116343 0.293977 72.644997
-12.997766 -4.530706 2.165751 0.009005 0.072351 0.278041 72.754997
-12.771988 -4.472540 2.163410 0.070056 0.043470 0.160031 72.875000
-12.541256 -4.422234 2.181093 0.002851 0.030613 0.108129 72.995003
-12.347444 -4.381642 2.215535 -0.014035 0.027656 0.120715 73.095001
-12.143267 -4.337546 2.214738 0.001863 0.024520 0.131323 73.199997
-11.918962 -4.289318 2.212137 0.019401 0.022811 0.140584 73.315002
-11.683914 -4.244083 2.209875 0.129570 0.022984 0.036973 73.434998
-11.477291 -4.218553 2.208203 0.145611 0.030665 -0.061199 73.540001
-11.270129 -4.206712 2.206793 0.056259 0.033365 -0.060161 73.644997
-11.062216 -4.203540 2.205590 0.112649 0.024961 -0.132281 73.750000
-10.856062 -4.210049 2.204573 0.032167 -0.021455 -0.116095 73.855003
-10.652860 -4.220123 2.203700 0.009487 0.038095 -0.102782 73.959999
-10.428525 -4.232872 2.212422 0.043372 0.039829 -0.117199 74.074997
-10.222091 -4.249335 2.245322 0.015758 0.031244 -0.161952 74.180000
-10.024639 -4.267459 2.276806 0.002440 0.027369 -0.162833 74.279999
-9.826471 -4.285165 2.307856 -0.027348 0.020644 -0.164492 74.379997
-9.628095 -4.302735 2.329682 0.010478 0.021429 -0.217904 74.480003
-9.380205 -4.326458 2.328673 0.003975 0.023266 -0.206218 74.605003
-9.142025 -4.350760 2.327869 0.062961 0.024395 -0.217745 74.724998
-8.935181 -4.379639 2.327275 0.087707 -0.000920 -0.284338 74.830002
-8.733186 -4.418804 2.326772 0.092867 0.024390 -0.327214 74.934998
-8.533346 -4.465192 2.326346 -0.036037 0.035077 -0.213153 75.040001
-8.331361 -4.509026 2.325984 -0.056304 0.030468 -0.109889 75.144997
-8.098265 -4.551980 2.325639 -0.071526 0.029639 -0.005977 75.264999
-7.893014 -4.581359 2.325382 -0.041539 0.032266 0.042680 75.370003
-7.676759 -4.606618 2.325155 -0.033032 0.032072 0.031081 75.480003
-7.439362 -4.629166 2.324947 -0.058194 0.029884 0.021091 75.599998
-7.230740 -4.642796 2.324795 -0.002712 0.013425 -0.045725 75.705002
-7.004557 -4.656502 2.324655 0.023249 -0.060275 -0.158710 75.820000
-6.804765 -4.671333 2.318168 0.059397 0.033982 -0.253293 75.925003
-6.596260 -4.694623 2.308893 0.072699 0.057027 -0.332437 76.035004
-6.395574 -4.725112 2.287551 -0.020455 0.049202 -0.274557 76.139999
-6.191962 -4.757087 2.288302 0.048170 0.038337 -0.237527 76.245003
-5.998059 -4.794722 2.255655 0.147447 0.031862 -0.332474 76.345001
-5.797728 -4.848749 2.231235 0.135131 0.035340 -0.396144 76.449997
-5.609603 -4.911339 2.197947 0.028006 0.029925 -0.381714 76.550003
-5.421707 -4.977489 2.165860 -0.003718 0.023899 -0.370093 76.650002
-5.233428 -5.043911 2.145649 -0.014165 -0.004622 -0.360639 76.750000
-5.038272 -5.111639 2.113394 -0.016940 -0.034076 -0.352614 76.855003
-4.846252 -5.176697 2.084723 -0.018830 0.038564 -0.346233 76.959999
-4.633214 -5.247062 2.086750 -0.014743 0.038764 -0.340630 77.074997
-4.436040 -5.310993 2.078499 -0.028394 0.029958 -0.324558 77.180000
-4.236813 -5.371584 2.055960 -0.019628 -0.047246 -0.312098 77.285004
-4.044740 -5.428262 2.021492 0.086269 -0.132758 -0.460227 77.389999
-3.854157 -5.491522 1.999433 -0.007283 -0.092025 -0.423768 77.504997
-3.661591 -5.556622 1.990208 0.067096 -0.031663 -0.477007 77.629997
-3.462898 -5.626008 1.960660 -0.107681 -0.015625 -0.257500 77.764999
-3.264641 -5.678420 1.959914 -0.145409 0.008095 -0.043022 77.900002
-3.065138 -5.710289 1.959306 -0.052284 0.021805 0.050543 78.035004
-2.864149 -5.733038 1.958814 -0.007819 0.021456 0.031902 78.169998
-2.661509 -5.752546 1.958414 -0.036357 0.020824 0.052053 78.305000
-2.457689 -5.765505 1.958090 -0.033686 0.017169 0.041657 78.440002
-2.253126 -5.772321 1.957828 -0.033749 0.014790 0.033819 78.574997
-2.033021 -5.773032 1.957602 -0.024299 0.013254 0.027543 78.720001
-1.827943 -5.769202 1.957432 -0.011817 0.012102 0.023187 78.855003
-1.606411 -5.762757 1.977041 -0.001587 0.168595 0.019813 78.995003
-1.385770 -5.756221 2.018792 0.007284 0.116936 0.017503 79.120003
-1.188301 -5.751294 2.051138 0.011902 0.075367 0.015981 79.224998
-0.984786 -5.747504 2.084664 0.012621 0.049097 0.014773 79.330002
-0.778070 -5.744977 2.117566 0.010653 0.034486 0.013789 79.434998
-0.579701 -5.743555 2.149379 0.006756 0.028030 0.013041 79.535004
-0.380579 -5.742729 2.175664 0.002611 0.023690 0.012433 79.635002
-0.171114 -5.742073 2.173591 -0.001087 0.022026 0.011915 79.739998
0.028328 -5.739921 2.198239 -0.056381 0.002099 0.087245 79.839996
0.236339 -5.732530 2.200937 -0.026538 0.023558 0.088238 79.945000
0.454231 -5.721216 2.200312 -0.031743 0.026792 0.089060 80.055000
0.662445 -5.705874 2.199803 -0.124008 0.021305 0.174077 80.160004
0.859610 -5.682133 2.162140 -0.037039 0.025814 0.182227 80.260002
1.095991 -5.648139 2.160168 -0.012115 0.024670 0.175292 80.379997
1.332594 -5.611425 2.175446 -0.066127 0.021871 0.220316 80.500000
1.577414 -5.564457 2.174020 -0.014594 0.021550 0.273694 80.625000
1.782171 -5.520659 2.172854 -0.050768 0.018419 0.322519 80.730003
1.984256 -5.471995 2.172033 -0.058924 -0.066244 0.407340 80.834999
2.181496 -5.419263 2.172033 -0.069685 -0.284932 0.522535 80.945000
2.376789 -5.366901 2.172033 -0.095000 -0.278492 0.663912 81.080002
2.575015 -5.318987 2.172033 -0.100353 -0.159568 0.873357 81.279999
2.777276 -5.281711 2.172033 -0.064985 -0.036657 1.287013 81.675003
2.590089 -5.366267 2.172033 0.042382 0.167285 -2.980219 83.940002
2.386648 -5.384259 2.179229 -0.003737 0.077902 -2.967017 84.089996
2.182970 -5.404596 2.162079 -0.022063 0.039062 -3.018219 84.230003
1.982291 -5.430683 2.155867 -0.065475 0.015891 -3.018818 84.364998
1.781889 -5.467160 2.155965 -0.054368 0.008428 -3.039999 84.500000
1.581935 -5.509301 2.156045 -0.027329 0.091407 -3.103821 84.635002
1.359061 -5.557765 2.156112 -0.018969 0.157497 -3.079960 84.775002
1.138176 -5.605256 2.156142 0.040839 0.022695 -3.127743 84.900002
0.926968 -5.645820 2.156142 0.080050 -0.217305 3.029786 85.019997
0.729664 -5.682355 2.156142 0.103836 -0.269064 2.888423 85.154999
0.522410 -5.726367 2.156142 0.105591 -0.152358 2.668524 85.364998
0.329515 -5.779202 2.156142 0.066630 -0.034254 2.260142 85.754997
0.538077 -5.758852 2.156142 0.062141 0.143654 0.116087 87.900002
0.751419 -5.721008 2.156142 0.072101 0.058833 0.150813 88.055000
0.956162 -5.699681 2.156142 0.044824 0.017991 0.239148 88.195000
1.163548 -5.685575 2.156142 -0.009618 -0.025471 0.333186 88.334999
1.364032 -5.672621 2.156142 -0.050139 -0.056717 0.361490 88.474998
1.567846 -5.652506 2.156142 -0.084173 -0.069725 0.416440 88.629997
1.790251 -5.610624 2.156142 -0.111876 0.065770 0.514206 88.824997
1.980502 -5.539540 2.156142 -0.077973 0.052781 0.650678 89.000000
2.166620 -5.441531 2.156142 -0.053166 -0.030893 0.779017 89.175003
2.338421 -5.334865 2.156142 -0.056820 -0.059587 0.889628 89.355003
2.501603 -5.217999 2.156142 -0.060853 -0.059529 0.991788 89.559998
2.654207 -5.085413 2.156142 -0.054466 0.030695 1.084813 89.809998
2.782979 -4.926484 2.156142 -0.009173 0.216407 1.143930 90.035004
2.892898 -4.754969 2.156142 -0.053561 0.106367 1.258478 90.195000
2.990018 -4.575377 2.156142 -0.030554 0.056112 1.350743 90.339996
3.078770 -4.390942 2.156142 -0.046465 0.039253 1.396457 90.480003
3.156838 -4.206189 2.156142 -0.076147 0.035585 1.453792 90.614998
3.224141 -4.008186 2.156142 -0.091631 0.034295 1.514225 90.754997
3.274974 -3.812168 2.156142 -0.049620 0.027768 1.501158 90.889999
3.316445 -3.597577 2.156142 -0.096217 0.024958 1.575719 91.035004
3.340089 -3.395232 2.156142 -0.058881 0.019621 1.586418 91.169998
3.356764 -3.159169 2.156142 -0.022132 0.159213 1.572006 91.324997
3.365592 -2.957983 2.156142 -0.016861 0.149971 1.563591 91.445000
3.371757 -2.757207 2.156142 -0.010626 0.099442 1.557532 91.555000
3.376658 -2.556670 2.156142 -0.002768 0.061488 1.552959 91.660004
3.381844 -2.331836 2.156142 0.004012 0.040350 1.548934 91.775002
3.387918 -2.094383 2.156142 0.008159 0.028952 1.545651 91.894997
3.395208 -1.855659 2.156142 0.008720 0.024241 1.543103 92.014999
3.403781 -1.616401 2.156142 0.006479 0.021507 1.541120 92.135002
3.410496 -1.406932 2.156142 -0.021272 0.020137 1.590881 92.239998
3.414829 -1.197487 2.156142 -0.001581 0.021199 1.586724 92.345001
3.418951 -0.977961 2.156142 -0.006086 0.022093 1.583188 92.455002
3.422537 -0.738290 2.156142 -0.010850 0.021126 1.580187 92.574997
3.424600 -0.498591 2.156142 -0.011347 0.006446 1.577825 92.695000
3.425118 -0.290958 2.156142 -0.008664 -0.050071 1.576174 92.800003
3.422922 -0.090316 2.156142 -0.033405 0.019758 1.639948 92.904999
3.416610 0.128503 2.156142 0.001395 0.055163 1.632440 93.019997
3.409827 0.351631 2.156142 0.003306 0.044453 1.626557 93.135002
3.403689 0.558204 2.156142 0.001197 0.035037 1.622247 93.239998
3.397472 0.766359 2.156142 -0.000847 0.027526 1.618809 93.345001
3.391018 0.975323 2.156142 -0.001999 0.024187 1.616070 93.449997
3.384237 1.184707 2.156142 -0.002028 0.022616 1.613873 93.555000
3.377143 1.394338 2.156142 -0.001313 0.021509 1.612133 93.660004
3.369479 1.613638 2.156142 -0.000591 -0.021602 1.610654 93.769997
3.362141 1.819972 2.156142 0.000526 0.021547 1.609506 93.875000
3.354788 2.026169 2.156142 0.001376 0.032693 1.608596 93.980003
3.346412 2.263394 2.156142 0.001788 0.029023 1.607765 94.099998
3.337797 2.511813 2.156142 0.001800 0.024395 1.607097 94.224998
3.330329 2.730991 2.156142 0.001468 0.022475 1.606637 94.334999
3.323275 2.940454 2.156142 0.001120 0.021218 1.606282 94.440002
3.316257 3.150035 2.156142 0.000697 0.020679 1.606003 94.544998
3.308899 3.369668 2.156142 0.000377 0.021178 1.605771 94.654999
3.301850 3.579098 2.156142 0.000227 -0.010804 1.605592 94.760002
3.294859 3.784782 2.156142 -0.029847 -0.087010 1.646128 94.864998
3.281971 4.004533 2.156142 -0.104249 -0.108163 1.851448 94.985001
3.253539 4.235640 2.156142 -0.120327 -0.035580 1.980271 95.125000
3.210688 4.433841 2.156142 -0.123312 0.008188 2.084143 95.254997
3.146935 4.628253 2.156142 -0.164792 0.025011 2.220128 95.389999
3.051893 4.820848 2.156142 -0.107470 0.042268 2.351051 95.535004
2.938284 4.993928 2.144202 -0.110537 0.041214 2.480817 95.675003
2.801672 5.159976 2.126931 -0.097623 0.036871 2.602421 95.820000
2.660281 5.301591 2.087404 -0.090017 0.038324 2.710954 95.955002
2.494503 5.437847 2.067549 -0.092877 0.041678 2.819722 96.099998
2.328376 5.549243 2.063439 -0.081942 0.040615 2.879435 96.235001
2.145710 5.649167 2.059868 -0.119274 0.042684 2.980119 96.375000
1.960279 5.726321 2.032967 -0.105033 0.038904 3.046913 96.510002
1.767979 5.786235 2.038628 -0.091473 0.035352 3.102400 96.644997
1.570855 5.830300 2.043185 -0.071931 0.030010 -3.122324 96.779999
1.370573 5.860235 2.046910 -0.111373 0.027066 -3.057762 96.915001
1.168401 5.874833 2.049917 -0.058225 0.024808 -3.067876 97.050003
0.964768 5.878385 2.052357 -0.049711 0.019114 -3.075744 97.184998
0.760414 5.872995 2.054348 -0.034699 0.015030 -3.081728 97.320000
0.556125 5.861257 2.055897 -0.021560 0.172811 -3.086036 97.449997
0.337633 5.845492 2.057120 -0.000233 0.121318 -3.089216 97.574997
0.112724 5.829355 2.058097 0.014090 0.072491 -3.091600 97.695000
-0.090686 5.816348 2.058814 0.020473 0.047483 -3.093255 97.800003
-0.297224 5.805264 2.059419 0.020488 0.034033 -3.094570 97.904999
-0.535229 5.795011 2.060004 0.015441 0.026621 -3.095767 98.025002
-0.754324 5.787328 2.060453 0.007902 0.023581 -3.096628 98.135002
-0.973832 5.780427 2.060830 0.001115 0.021805 -3.097305 98.245003
-1.183514 5.773848 2.061133 -0.003598 0.020644 -3.097821 98.349998
-1.393223 5.766771 2.061390 -0.006242 0.020489 -3.098234 98.455002
-1.602899 5.758939 2.061611 -0.006363 0.020894 -3.098569 98.559998
-1.842530 5.749066 2.061822 -0.004452 0.020375 -3.098871 98.680000
-2.082161 5.738466 2.061999 -0.001418 0.020540 -3.099110 98.800003
-2.321815 5.727552 2.062145 0.001248 0.020580 -3.099292 98.919998
-2.551497 5.717146 2.062263 0.002914 0.020460 -3.099434 99.035004
-2.761215 5.707876 2.062352 0.003548 0.020429 -3.099537 99.139999
-2.970955 5.698893 2.062428 0.003371 0.020290 -3.099618 99.245003
-3.190623 5.689219 2.062496 -0.065283 0.018447 -3.040503 99.355003
-3.429086 5.670439 2.053332 -0.093247 0.022695 -2.924853 99.474998
-3.655290 5.639936 2.031839 -0.037520 0.023924 -2.885355 99.589996
-3.899530 5.597576 2.017421 -0.096131 0.022130 -2.817018 99.714996
-4.129241 5.544387 2.017234 -0.069435 0.004903 -2.739348 99.834999
-4.325923 5.489913 2.017095 -0.032899 0.041613 -2.750079 99.940002
-4.523094 5.430428 2.016977 -0.029085 0.038174 -2.764896 100.044998
-4.721040 5.367155 2.016878 -0.020978 0.030206 -2.796240 100.150002
-4.919379 5.301234 2.016793 -0.004076 0.024892 -2.807248 100.254997
-5.146580 5.224810 2.016712 0.015187 0.020881 -2.817267 100.375000
-5.336698 5.162504 2.016656 0.087209 0.016851 -2.877226 100.474998
-5.538219 5.104888 2.016606 0.055056 0.020352 -2.944061 100.580002
-5.760732 5.049599 2.016559 0.083695 0.022408 -3.005942 100.695000
-5.964787 5.007615 2.016522 0.081765 -0.026105 -3.089449 100.800003
-6.164005 4.974559 2.016500 0.067821 -0.133099 -3.102913 100.904999
-6.368768 4.946558 2.016500 0.017885 -0.315325 -2.977256 101.025002
-6.569029 4.924222 2.016500 -0.034241 -0.251314 -2.814951 101.180000
-6.772209 4.909402 2.016500 -0.061148 -0.127841 -2.553167 101.430000
-6.973055 4.910808 2.016500 -0.030524 -0.009944 -1.877765 102.074997
-6.971434 4.709838 2.016500 -0.029670 0.320940 -1.309971 103.040001
-6.909738 4.495110 2.016500 -0.008031 0.237356 -1.233499 103.199997
-6.848794 4.287769 2.016500 0.079991 0.127337 -1.234112 103.324997
-6.798271 4.088478 2.016500 0.060974 0.074099 -1.244621 103.434998
-6.753396 3.890315 2.016500 0.018314 0.048580 -1.252531 103.540001
-6.708521 3.688635 2.016500 -0.050468 0.037191 -1.240507 103.644997
-6.656840 3.487260 2.016500 -0.120553 0.033656 -1.151955 103.750000
-6.592238 3.289721 2.016500 -0.106251 0.033776 -1.077679 103.856003
-6.517182 3.095571 2.016500 -0.000239 0.026926 -1.119301 103.959999
-6.438968 2.901630 2.016500 -0.015538 0.024389 -1.137980 104.065002
-6.358644 2.707812 2.016500 -0.008775 0.020960 -1.148104 104.169998
-6.269115 2.495699 2.016500 0.003439 0.019582 -1.157107 104.285004
-6.191048 2.311088 2.016500 0.011701 0.018106 -1.163458 104.385002
-6.113627 2.126086 2.016500 0.017028 0.017653 -1.168568 104.485001
-6.037350 1.940571 2.016500 0.018307 0.016735 -1.172733 104.584999
-5.962110 1.754655 2.016500 -0.038237 0.017255 -1.135961 104.684998
-5.879882 1.561529 2.016500 -0.050573 -0.022609 -1.063533 104.790001
-5.790341 1.366516 2.016500 -0.053503 -0.014342 -0.991963 104.900002
-5.692945 1.162920 2.016500 0.104099 -0.121834 -1.205281 105.019997
-5.612377 0.970880 2.016500 0.101378 -0.077815 -1.338123 105.139999
-5.543635 0.772514 2.016500 0.059384 -0.023591 -1.379538 105.269997
-5.486354 0.578195 2.016500 0.043568 -0.002239 -1.371002 105.400002
-5.434581 0.377347 2.016500 0.034297 0.005745 -1.364257 105.535004
-5.389791 0.176136 2.016500 0.026076 0.009826 -1.392425 105.669998
-5.351151 -0.018119 1.985420 0.001946 0.010901 -1.383617 105.800003
-5.312713 -0.212331 1.950261 -0.005449 0.010611 -1.376898 105.930000
-5.266631 -0.437363 1.911748 -0.010041 0.142364 -1.371136 106.080002
-5.219186 -0.658741 1.874840 -0.007732 0.146788 -1.367275 106.214996
-5.175717 -0.855855 1.848986 -0.003611 0.093904 -1.364845 106.324997
-5.128860 -1.061512 1.815830 -0.047088 0.055077 -1.307564 106.434998
-5.081742 -1.258530 1.815467 0.057483 -0.111326 -1.448018 106.540001
-5.038311 -1.461349 1.827231 0.050163 -0.101679 -1.501042 106.654999
-5.002258 -1.658291 1.826302 0.045699 -0.046372 -1.542467 106.775002
-4.971296 -1.862005 1.825713 0.036146 -0.112558 -1.487893 106.904999
-4.945762 -2.061024 1.825713 -0.008267 -0.260685 -1.336058 107.050003
-4.925261 -2.270443 1.825713 -0.049750 -0.159776 -1.100453 107.275002
-4.918651 -2.470930 1.825713 -0.044610 -0.037187 -0.618771 107.735001
-4.858236 -2.276932 1.825713 -0.060091 0.161613 1.435729 109.680000
-4.821099 -2.072221 1.825713 -0.055616 0.084246 1.529930 109.834999
-4.798246 -1.856659 1.825713 -0.071301 0.041709 1.552799 109.985001
-4.791338 -1.656257 1.825713 -0.111415 0.022217 1.634572 110.120003
-4.800740 -1.453564 1.825713 -0.060913 0.130566 1.647965 110.254997
-4.820621 -1.250276 1.840210 -0.039062 0.160609 1.653890 110.379997
-4.847254 -1.035224 1.840405 -0.016503 0.100489 1.658335 110.500000
-4.877393 -0.808463 1.840566 0.004570 0.060978 1.661765 110.620003
-4.904076 -0.585428 1.840695 0.077997 0.039646 1.579664 110.735001
-4.920724 -0.379201 1.840795 0.046173 0.034435 1.579549 110.839996
-4.932605 -0.173732 1.840812 0.032895 -0.137047 1.490543 110.945000
-4.942848 0.029540 1.840812 0.062546 -0.313366 1.370122 111.059998
-4.955764 0.231922 1.840812 0.089085 -0.250273 1.213052 111.209999
-4.976064 0.434065 1.840812 0.090662 -0.123881 0.966976 111.445000
-5.010979 0.632088 1.840812 0.041402 -0.010179 0.391052 111.995003
-4.813844 0.577498 1.840812 -0.032638 0.318054 -0.541936 113.459999
-4.634559 0.484284 1.840812 -0.029704 0.234702 -0.514307 113.599998
-4.439656 0.386400 1.848413 0.010934 0.130031 -0.514676 113.724998
-4.264160 0.295879 1.881773 0.054206 0.077130 -0.587914 113.830002
-4.086394 0.196499 1.915977 0.057801 0.049160 -0.664600 113.934998
-3.909828 0.089572 1.949583 0.061871 0.035366 -0.739550 114.040001
-3.737046 -0.024345 1.983146 0.116937 -0.056408 -0.860340 114.144997
-3.571050 -0.146246 2.016200 0.122045 -0.106805 -0.942719 114.254997
-3.412991 -0.277612 2.049743 0.134603 -0.049278 -1.007072 114.375000
-3.249545 -0.441393 2.086177 0.133633 -0.000356 -1.074989 114.519997
-3.124712 -0.597773 2.117739 0.118011 0.016332 -1.135763 114.650002
-3.017186 -0.763505 2.149282 0.097416 0.020658 -1.199236 114.779999
-2.920371 -0.942190 2.165334 0.043272 -0.119560 -1.146610 114.915001
-2.824313 -1.137382 2.165334 -0.016562 -0.240489 -0.968597 115.084999
-2.741935 -1.322412 2.165334 -0.051691 -0.132171 -0.706813 115.334999
-2.674763 -1.511333 2.165334 -0.029635 -0.012131 -0.031412 115.980003
-2.685745 -1.299984 2.165334 0.018672 0.206144 1.619347 120.254997
-2.693776 -1.075181 2.165334 0.004620 0.081228 1.522326 120.425003
-2.701017 -0.858467 2.165334 0.005152 0.038558 1.490677 120.574997
-2.707036 -0.657944 2.165334 -0.001413 0.024600 1.459281 120.709999
-2.711643 -0.455025 2.165334 0.009142 0.020965 1.474550 120.845001
-2.711078 -0.246346 2.165334 0.084475 0.175494 1.415472 120.980003
-2.697576 -0.041287 2.165334 0.004667 0.138321 1.413905 121.099998
-2.679470 0.180367 2.165334 0.001409 0.083635 1.424609 121.220001
-2.661062 0.391712 2.165334 0.009964 0.052427 1.432279 121.330002
-2.641630 0.597017 2.165334 0.013358 0.037714 1.438147 121.434998
-2.620291 0.803984 2.165334 0.012383 0.028490 1.442832 121.540001
-2.597314 1.011717 2.165334 0.007911 0.025034 1.446640 121.644997
-2.573236 1.219832 2.165334 0.002018 0.022060 1.449651 121.750000
-2.548705 1.428064 2.165334 -0.002504 0.004570 1.452117 121.855003
-2.523458 1.640526 2.165334 -0.015606 -0.208510 1.562170 121.964996
-2.498353 1.840094 2.165334 -0.055398 -0.316278 1.687827 122.084999
-2.468546 2.039869 2.165334 -0.082891 -0.224020 1.860604 122.250000
-2.429724 2.238213 2.165334 -0.080494 -0.094949 2.148566 122.525002
-2.371867 2.429915 2.165334 -0.014244 0.004388 3.117165 123.449997
-2.444100 2.240329 2.165334 -0.017887 0.232129 -1.887646 125.010002
-2.512958 2.047349 2.165334 0.003884 0.091938 -1.745483 125.169998
-2.588782 1.825952 2.165334 -0.008331 0.037863 -1.617519 125.334999
-2.652182 1.631233 2.165334 -0.029459 0.033002 -1.566730 125.474998
-2.715249 1.402907 2.165334 -0.083364 0.040434 -1.504097 125.635002
-2.751729 1.205568 2.165334 -0.090083 0.039876 -1.458033 125.769997
-2.771443 0.982586 2.165334 -0.068241 0.033343 -1.448778 125.919998
-2.774864 0.779531 2.165334 -0.061312 0.023942 -1.461966 126.055000
-2.767092 0.575547 2.165334 -0.047163 0.016781 -1.471947 126.190002
-2.750868 0.371464 2.165334 -0.024440 0.013963 -1.479485 126.324997
-2.730167 0.167645 2.165334 -0.008414 0.175057 -1.484949 126.455002
-2.708032 -0.041397 2.165334 0.011181 0.120729 -1.488781 126.574997
-2.686046 -0.265271 2.165334 0.021819 0.072998 -1.491781 126.695000
-2.668566 -0.467950 2.165334 0.024136 0.049432 -1.493893 126.800003
-2.653162 -0.673373 2.165334 0.009909 -0.067597 -1.552343 126.904999
-2.637359 -0.893648 2.165334 0.038733 -0.296879 -1.677999 127.025002
-2.619218 -1.109021 2.165334 0.075442 -0.269229 -1.835070 127.175003
-2.595245 -1.310538 2.165334 0.087366 -0.147276 -2.060204 127.389999
-2.558668 -1.507872 2.165334 0.054723 -0.028492 -2.526178 127.834999
-2.641776 -1.311896 2.118452 -0.020908 0.155707 2.025995 130.175003
-2.727393 -1.132911 2.086744 -0.000462 0.040950 2.105370 130.320007
-2.814114 -0.955095 2.054720 -0.013281 -0.046708 2.175509 130.460007
-2.903375 -0.776371 2.022326 -0.034793 -0.090208 2.237366 130.610001
-2.996410 -0.599651 2.011584 -0.055560 -0.098243 2.277585 130.779999
-3.103499 -0.429258 2.012897 -0.069856 0.074947 2.413961 130.970001
-3.230954 -0.274338 1.997620 -0.043082 -0.014261 2.533391 131.149994
-3.370236 -0.128572 1.982807 -0.050155 -0.066698 2.608371 131.339996
-3.520196 0.008197 1.985884 -0.050165 -0.075181 2.701750 131.565002
-3.678748 0.131671 1.988735 -0.018486 -0.046244 2.703818 131.854996
-3.855515 0.235783 1.993324 -0.034349 0.278510 2.804242 132.154999
-4.047120 0.312452 1.995165 -0.011954 0.131351 2.877687 132.330002
-4.243117 0.383772 1.996391 -0.018107 0.060744 2.948716 132.479996
-4.437559 0.448466 1.997308 -0.038441 0.035863 3.017736 132.619995
-4.630768 0.504291 1.998020 -0.053509 0.028281 3.082569 132.755005
-4.829973 0.551994 1.998598 -0.027221 0.171292 3.095132 132.889999
-5.027019 0.591593 1.999020 0.046570 0.150918 3.011019 133.009995
-5.223432 0.634124 1.999343 0.033648 0.093134 2.900217 133.119995
-5.427618 0.682880 1.999615 0.021501 0.055132 2.802709 133.229996
-5.625527 0.733811 1.999835 0.035508 0.037740 2.717305 133.335007
-5.823546 0.790137 2.000021 0.022453 0.034284 2.664508 133.440002
-6.021525 0.850847 2.000183 0.022882 0.035196 2.675502 133.544998
-6.218793 0.917055 2.000317 0.094580 0.036025 2.631617 133.649994
-6.412673 0.993560 2.000432 0.088748 0.033963 2.637514 133.755005
-6.629626 1.092674 2.000542 0.082042 0.013562 2.642776 133.875000
-6.849123 1.205767 2.000637 -0.049564 -0.104654 2.797972 134.000000
-7.047267 1.303831 2.000713 -0.173986 -0.104603 3.030664 134.119995
-7.239868 1.377847 2.000778 -0.213204 -0.016683 -3.071891 134.244995
-7.448046 1.421281 2.000836 -0.208938 0.045902 -2.904884 134.384995
-7.652813 1.423463 2.000883 -0.175853 0.061060 -2.764214 134.524994
-7.875081 1.384612 2.000926 -0.136843 0.054852 -2.609358 134.679993
-8.069455 1.319779 2.000956 -0.115211 0.047236 -2.472591 134.820007
-8.255771 1.232433 2.000979 -0.067281 0.034687 -2.389505 134.960007
-8.439058 1.134738 2.000999 0.046049 0.019843 -2.566860 135.100006
-8.621071 1.044874 2.001013 0.030492 0.017003 -2.693569 135.235001
-8.806728 0.959643 2.001026 0.062405 0.012264 -2.849554 135.369995
-9.009821 0.878887 2.001037 0.076374 0.016066 -3.034537 135.514999
-9.201531 0.816928 2.001043 0.096917 0.025524 3.101748 135.649994
-9.417351 0.766441 2.001050 0.127134 0.042974 2.967586 135.800003
-9.621655 0.740109 2.001057 -0.023170 0.038050 3.093750 135.940002
-9.822733 0.715484 2.001063 -0.005699 0.018899 -2.998328 136.074997
-10.025033 0.689166 2.001064 -0.003153 0.003354 -2.832800 136.210007
-10.225782 0.661631 2.001064 -0.031238 0.005803 -2.684021 136.345001
-10.423522 0.629078 2.001064 -0.082099 0.026960 -2.567913 136.479996
-10.629321 0.577741 2.001064 -0.146308 0.057693 -2.410320 136.625000
-10.815705 0.500354 2.001064 -0.156798 0.071500 -2.274225 136.764999
-11.005318 0.383144 2.001064 -0.091231 -0.078409 -2.328781 136.919998
-11.167184 0.262956 2.001064 -0.020664 -0.235554 -2.496323 137.080002
-11.323280 0.135754 2.001064 0.031923 -0.141651 -2.752871 137.324997
-11.467625 -0.002770 2.001064 0.029587 -0.019080 2.886327 137.940002
-11.464404 0.215306 2.001064 -0.006964 0.318371 1.389760 139.794998
-11.428445 0.414169 2.001064 -0.019111 0.215201 1.325766 139.929993
-11.393467 0.613046 2.001064 -0.061257 0.124990 1.334441 140.044998
-11.363125 0.817619 2.001064 -0.028269 0.072531 1.341044 140.154999
-11.335351 1.019479 2.001064 0.006812 0.049162 1.346131 140.259995
-11.302643 1.243805 2.001064 0.034874 0.034144 1.350495 140.375000
-11.268287 1.449451 2.001064 0.042274 0.028113 1.353705 140.479996
-11.228748 1.654889 2.001064 0.089883 0.023528 1.318367 140.585007
-11.177222 1.867963 2.001064 0.106344 0.024722 1.219070 140.695007
-11.117834 2.068491 2.001064 0.010932 0.022673 1.211734 140.800003
-11.053171 2.278001 2.001064 -0.006563 0.021250 1.221760 140.910004
-10.991427 2.478282 2.001064 -0.004220 0.021927 1.229486 141.014999
-10.926510 2.688455 2.001064 0.000282 0.020219 1.235893 141.125000
-10.866963 2.879580 2.001064 0.002756 0.019755 1.240596 141.225006
-10.806726 3.070617 2.001064 0.003106 0.019017 1.244365 141.324997
-10.745799 3.261509 2.001064 0.001751 0.018788 1.247440 141.425003
-10.678159 3.471345 2.001064 -0.000565 0.017879 1.250169 141.535004
-10.617894 3.662366 2.001064 -0.029028 0.017691 1.305333 141.634995
-10.557312 3.863358 2.001064 -0.008547 -0.007924 1.303559 141.740005
-10.498510 4.061181 2.001064 -0.050997 -0.071297 1.344141 141.845001
-10.443061 4.260050 1.980940 -0.091563 0.014614 1.400620 141.955002
-10.392554 4.487162 1.920216 -0.106040 0.073096 1.508318 142.080002
-10.363260 4.675376 1.858073 -0.097123 0.064351 1.584437 142.179993
-10.343868 4.867672 1.806321 -0.118628 -0.014067 1.693669 142.279999
-10.333755 5.063852 1.746203 -0.052181 -0.113565 1.707049 142.384995
-10.328455 5.262887 1.700473 -0.084722 -0.069376 1.750450 142.500000
-10.333573 5.481007 1.667456 -0.090065 -0.019999 1.818357 142.634995
-10.352324 5.681885 1.636770 -0.085744 0.005968 1.880346 142.764999
-10.386000 5.899794 1.616894 -0.036783 -0.109567 1.802993 142.910004
-10.423596 6.100762 1.616894 0.009881 -0.248290 1.640687 143.065002
-10.467835 6.296404 1.616894 0.049080 -0.149289 1.399846 143.294998
-10.526459 6.488485 1.616894 0.038258 -0.024983 0.844865 143.824997
-10.524891 6.275466 1.669341 -0.022748 0.318031 -1.421631 146.475006
-10.491479 6.071258 1.672742 0.075307 0.204212 -1.401325 146.610001
-10.466232 5.869029 1.685552 0.081739 0.076382 -1.416773 146.725006
-10.449986 5.667065 1.712681 0.016401 0.019364 -1.412096 146.835007
-10.433908 5.454819 1.707667 -0.037106 0.024646 -1.336178 146.949997
-10.412517 5.255348 1.705212 -0.100116 -0.087928 -1.199472 147.059998
-10.380948 5.054044 1.680802 -0.076551 -0.052419 -1.179116 147.179993
-10.332932 4.829237 1.640343 -0.080931 -0.065809 -1.191455 147.324997
-10.279338 4.638870 1.603765 -0.064132 -0.087042 -1.200024 147.460007
-10.209785 4.439435 1.551267 -0.053486 -0.093412 -1.163371 147.619995
-10.134362 4.257597 1.506011 -0.014731 -0.083544 -1.147343 147.789993
-10.053082 4.069928 1.521102 0.051767 0.161415 -1.240244 147.985001
-9.990552 3.883090 1.558523 0.054311 0.118532 -1.410591 148.145004
-9.938152 3.674411 1.597434 0.049828 0.057877 -1.586188 148.300003
-9.899887 3.468402 1.630371 0.060143 0.039132 -1.730849 148.445007
-9.876646 3.265660 1.657466 0.093680 0.045230 -1.866912 148.585007
-9.873907 3.047493 1.690748 0.126239 0.056815 -2.009578 148.735001
-9.898257 2.846234 1.721994 0.137386 0.064130 -2.135459 148.875000
-9.955840 2.628489 1.731506 0.027439 0.049259 -2.128459 149.029999
-10.027256 2.416944 1.730608 0.036192 0.031617 -2.044621 149.179993
-10.100564 2.226502 1.729955 0.034041 0.014037 -1.941577 149.315002
-10.179537 2.037397 1.729429 0.014044 0.006101 -1.853767 149.449997
-10.261997 1.849947 1.729002 0.008481 0.009973 -1.832061 149.585007
-10.355146 1.642078 1.728620 -0.025295 0.016139 -1.840246 149.735001
-10.432338 1.452354 1.728346 -0.085047 0.019420 -1.754793 149.869995
-10.493653 1.254951 1.738236 -0.123661 0.174697 -1.661353 150.005005
-10.533876 1.057367 1.737689 -0.054582 0.149709 -1.622043 150.125000
-10.562757 0.859356 1.737266 -0.080578 0.102540 -1.530244 150.235001
-10.584334 0.651653 1.736908 0.010080 0.064492 -1.547525 150.345001
-10.606886 0.428791 1.736595 -0.007629 0.044518 -1.561896 150.460007
-10.629972 0.182918 1.736312 -0.030241 0.032559 -1.574099 150.585007
-10.645986 -0.025216 1.736112 -0.037262 0.027631 -1.582195 150.690002
-10.658051 -0.234163 1.735943 -0.034704 0.023145 -1.588647 150.794998
-10.667400 -0.452689 1.735793 0.058823 -0.090050 -1.711737 150.904999
-10.684377 -0.693475 1.735646 0.127573 -0.115752 -1.906408 151.035004
-10.712964 -0.891775 1.735534 0.177051 -0.040179 -2.086370 151.154999
-10.763973 -1.087078 1.735434 0.131345 0.017188 -2.149102 151.285004
-10.840815 -1.284275 1.735346 0.130440 0.029082 -2.220125 151.425003
-10.937940 -1.460774 1.735279 0.143433 0.036458 -2.409057 151.559998
-11.055819 -1.622566 1.735224 0.071820 0.034949 -2.458055 151.695007
-11.186275 -1.776480 1.735180 0.073436 0.030396 -2.513991 151.830002
-11.343618 -1.938127 1.735140 -0.027452 0.016794 -2.450070 151.979996
-11.485307 -2.085447 1.735111 -0.060107 0.010484 -2.234281 152.115005
-11.624078 -2.245293 1.735088 -0.056069 0.009568 -2.052506 152.255005
-11.749050 -2.404572 1.735069 -0.071225 0.018699 -1.903245 152.389999
-11.862590 -2.569804 1.737553 -0.057117 0.030012 -1.809237 152.524994
-11.967243 -2.741246 1.742600 -0.010888 0.030567 -1.853568 152.660004
-12.068012 -2.917931 1.756432 -0.050512 0.027488 -1.881842 152.794998
-12.166036 -3.097964 1.758020 0.036367 0.007543 -2.114971 152.929993
-12.273357 -3.283476 1.758039 0.015004 -0.218935 -2.092878 153.074997
-12.378726 -3.455464 1.758039 -0.028580 -0.219239 -1.909629 153.250000
-12.491413 -3.621199 1.758039 -0.054024 -0.098436 -1.600725 153.544998
-12.522559 -3.819805 1.758039 -0.047205 0.320529 -0.540130 154.854996
-12.342066 -3.914055 1.758039 -0.007613 0.160810 -0.403851 155.044998
-12.160263 -4.005079 1.776982 -0.000350 0.065893 -0.258751 155.195007
-11.978795 -4.092794 1.776337 -0.027125 0.031905 -0.125516 155.335007
-11.771442 -4.183424 1.775771 -0.041971 0.034950 -0.016194 155.490005
-11.571415 -4.257177 1.794742 -0.073866 0.046417 0.018453 155.634995
-11.378871 -4.313797 1.793743 -0.062871 0.040320 -0.006940 155.770004
-11.173635 -4.360146 1.792884 -0.079200 0.029721 -0.026707 155.910004
-10.972154 -4.392921 1.792209 -0.024150 0.015644 -0.139437 156.044998
-10.769191 -4.419729 1.791669 -0.051610 0.009230 -0.157143 156.179993
-10.565309 -4.438740 1.791225 0.019371 -0.008659 -0.245865 156.315002
-10.359791 -4.465084 1.790854 0.172110 0.031171 -0.564868 156.455002
-10.137074 -4.536464 1.790511 0.209562 0.077946 -0.809807 156.619995
-9.967620 -4.643633 1.790272 0.232374 0.087514 -1.088914 156.764999
-9.827579 -4.793971 1.790076 0.164587 0.092280 -1.260618 156.914993
-9.720288 -4.967064 1.789924 0.145626 0.077165 -1.410549 157.059998
-9.642749 -5.152028 1.789808 0.130655 0.064503 -1.552592 157.199997
-9.590886 -5.347924 1.789714 0.091995 0.053660 -1.664518 157.339996
-9.558697 -5.550457 1.789640 0.046116 0.043424 -1.694540 157.479996
-9.539127 -5.750309 1.789581 0.062254 0.035098 -1.696870 157.615005
-9.533182 -5.960059 1.789532 0.079383 0.028513 -1.736501 157.755005
-9.542711 -6.162925 1.789493 0.055234 0.021719 -1.724257 157.889999
-9.565418 -6.380811 1.789459 0.069655 0.016634 -1.771564 158.035004
-9.598981 -6.590084 1.789432 0.017417 0.014728 -1.761995 158.175003
-9.635505 -6.793126 1.789412 0.001932 0.146518 -1.754955 158.309998
-9.676277 -7.015690 1.789395 -0.007815 0.149067 -1.749658 158.445007
-9.711938 -7.214379 1.789385 -0.012102 0.094022 -1.746330 158.554993
-9.746444 -7.412655 1.789376 -0.013378 0.060125 -1.743781 158.660004
-9.783826 -7.634990 1.789368 -0.011891 0.037890 -1.741592 158.774994
-9.820480 -7.859982 1.789361 -0.008823 0.027406 -1.739860 158.889999
-9.858141 -8.096036 1.789355 -0.004271 0.023600 -1.738447 159.009995
-9.895003 -8.322651 1.796419 0.035148 0.021379 -1.783626 159.125000
-9.929938 -8.519322 1.831331 -0.006744 0.020448 -1.776571 159.225006
-9.968197 -8.735837 1.858869 -0.011678 0.020804 -1.770170 159.335007
-10.005485 -8.942422 1.862128 0.021650 0.020714 -1.816450 159.440002
-10.047485 -9.147893 1.860615 0.085990 0.022335 -1.903259 159.544998
-10.096582 -9.351418 1.859319 0.067187 0.023633 -1.933821 159.649994
-10.152888 -9.552192 1.858210 0.054586 -0.014764 -1.984123 159.755005
-10.214110 -9.746609 1.857256 0.038767 -0.074002 -1.976450 159.860001
-10.279655 -9.943348 1.857214 0.048102 -0.286546 -2.091312 159.975006
-10.342347 -10.134328 1.857214 0.076106 -0.272773 -2.237911 160.115005
-10.401705 -10.334625 1.857214 0.087607 -0.148493 -2.468280 160.335007
-10.446457 -10.529902 1.857214 0.054038 -0.027855 -2.934255 160.779999
-10.439214 -10.328480 1.857214 0.016652 0.309500 1.501825 163.074997
-10.420785 -10.099837 1.857214 0.059843 0.184431 1.423976 163.220001
-10.394619 -9.893570 1.841326 0.049169 0.103328 1.336264 163.335007
-10.359053 -9.677854 1.837643 0.026950 0.061020 1.256309 163.449997
-10.321027 -9.477311 1.830278 0.042648 0.044854 1.205360 163.554993
-10.277276 -9.275927 1.828442 0.065346 0.037504 1.136937 163.660004
-10.217461 -9.036766 1.814266 0.030561 0.034111 1.131312 163.785004
-10.161680 -8.839022 1.806318 0.145613 -0.109114 0.993192 163.889999
-10.099250 -8.649817 1.779938 0.013985 -0.110519 1.185357 164.000000
-10.035023 -8.459645 1.777124 -0.050333 -0.056421 1.341969 164.119995
-9.973841 -8.262705 1.774608 -0.027304 -0.020027 1.446656 164.250000
-9.912868 -8.048018 1.772345 -0.048160 0.005860 1.523026 164.395004
-9.865240 -7.848823 1.770645 -0.073800 0.020001 1.589680 164.529999
-9.823976 -7.618510 1.769087 -0.043762 0.022583 1.579702 164.684998
-9.794439 -7.393368 1.789610 -0.051735 0.019324 1.565791 164.835007
-9.777365 -7.189287 1.822894 -0.044936 0.014829 1.556575 164.970001
-9.767405 -6.961693 1.862315 -0.026270 0.013063 1.548932 165.119995
-9.763267 -6.768089 1.924289 0.045980 0.168018 1.503422 165.244995
-9.754941 -6.572789 1.973219 0.067751 0.078473 1.409232 165.360001
-9.736192 -6.364208 1.996638 0.134786 -0.059886 1.197982 165.479996
-9.699790 -6.155309 2.040146 0.073235 -0.022111 1.083744 165.610001
-9.649457 -5.960275 2.046760 0.146596 0.015766 0.948320 165.740005
-9.587182 -5.781856 2.112267 -0.034563 0.010575 1.175044 165.865005
-9.509045 -5.568189 2.113176 0.141844 0.021849 0.986760 166.020004
-9.416193 -5.390701 2.113833 0.176944 0.053685 0.775691 166.160004
-9.273697 -5.209929 2.114430 0.136578 0.053685 0.585189 166.320007
-9.102172 -5.051520 2.114894 0.107867 0.045232 0.415222 166.479996
-8.935611 -4.930427 2.101983 0.095705 0.039698 0.276962 166.619995
-8.757998 -4.824792 2.101770 0.067362 0.038594 0.212492 166.759995
-8.578627 -4.734763 2.101606 0.086029 0.038471 0.163184 166.895004
-8.391809 -4.659092 2.101472 0.101123 0.036572 0.103495 167.029999
-8.198654 -4.599228 2.101364 0.071200 0.029835 0.094439 167.164993
-8.000882 -4.552974 2.101278 0.063506 0.025153 0.062257 167.300003
-7.799922 -4.518486 2.101207 0.048974 0.018753 0.072304 167.434998
-7.589492 -4.491544 2.101149 0.046083 0.014583 0.072859 167.574997
-7.375099 -4.475231 2.101100 0.092913 0.165735 -0.017706 167.714996
-7.172409 -4.474827 2.101066 0.057951 0.146599 -0.092933 167.835007
-6.955934 -4.483393 2.101064 0.010278 -0.076826 0.015516 167.955002
-6.754155 -4.493882 2.101064 -0.038950 -0.285615 0.141183 168.074997
-6.548306 -4.508071 2.101064 -0.073497 -0.239538 0.308740 168.235001
-6.348575 -4.529863 2.101064 -0.080031 -0.114288 0.570547 168.485001
-6.151691 -4.567707 2.101064 -0.030463 -0.004045 1.261719 169.145004
-6.221742 -4.377631 2.101064 -0.023953 0.319465 2.122628 170.389999
-6.328091 -4.207646 2.101064 -0.001991 0.242030 2.189676 170.529999
-6.440790 -4.032984 2.101064 0.042108 0.127176 2.245742 170.649994
-6.549770 -3.858651 2.101064 0.063130 0.071923 2.231842 170.759995
-6.672887 -3.649584 2.101064 0.010191 0.044835 2.219563 170.884995
-6.777827 -3.470426 2.101064 -0.025044 0.034331 2.211373 170.990005
-6.891821 -3.283028 2.101064 -0.045085 0.026323 2.204524 171.100006
-7.022312 -3.081252 2.101064 -0.047521 0.021078 2.198667 171.220001
-7.135788 -2.915739 2.101064 -0.039021 0.017693 2.194753 171.320007
-7.258436 -2.744120 2.101064 -0.020636 0.016299 2.191481 171.425003
-7.377136 -2.581867 2.101064 -0.003899 0.016358 2.188925 171.524994
-7.497203 -2.420539 2.101064 -0.064155 0.015041 2.261156 171.625000
-7.620752 -2.262173 2.101064 0.009463 -0.002131 2.271383 171.725006
-7.756199 -2.091699 2.101064 -0.043168 -0.069926 2.359102 171.835007
-7.885231 -1.930980 2.101064 0.070445 -0.136449 2.183272 171.945007
-8.015502 -1.751153 2.101064 0.152018 -0.063595 1.961124 172.074997
-8.118008 -1.573349 2.101064 0.156558 -0.003259 1.775757 172.205002
-8.196768 -1.385300 2.101064 0.146370 0.029266 1.615830 172.339996
-8.250714 -1.185350 2.101064 0.131831 0.044655 1.465089 172.479996
-8.278331 -0.981663 2.101064 0.123298 0.047665 1.326450 172.619995
-8.280717 -0.776765 2.101064 0.115638 0.049135 1.193984 172.759995
-8.258515 -0.573379 2.101064 0.120392 0.052401 1.063156 172.899994
-8.213654 -0.373134 2.101064 0.092978 0.047957 0.998404 173.039993
-8.141657 -0.155549 2.101064 0.081517 0.040131 0.951814 173.195007
-8.061751 0.029245 2.101064 0.087559 0.035247 0.896928 173.330002
-7.954502 0.226810 2.101064 0.087675 0.030398 0.829278 173.479996
-7.842535 0.396192 2.101064 0.079627 0.025942 0.769555 173.615005
-7.713022 0.562924 2.101064 0.073817 0.023606 0.704469 173.755005
-7.577250 0.714821 2.101064 0.058235 -0.058153 0.699531 173.889999
-7.433553 0.861226 2.101064 0.006621 -0.255840 0.856616 174.039993
-7.286291 1.000799 2.101064 -0.042234 -0.167324 1.081770 174.255005
-7.132236 1.129384 2.101064 -0.044936 -0.043793 1.542551 174.695007
-7.097067 1.331504 2.101064 -0.048988 0.317215 1.670601 175.235001
-7.128217 1.550640 2.101064 0.006932 0.262494 1.624886 175.404999
-7.151604 1.750214 2.101064 0.057583 0.160026 1.577569 175.524994
-7.167974 1.951491 2.101064 0.018564 0.093995 1.543700 175.634995
-7.179268 2.152048 2.101064 0.007234 0.058656 1.505230 175.740005
-7.188773 2.356827 2.101064 -0.010660 0.040997 1.519974 175.845001
-7.198522 2.563894 2.101064 0.066512 0.033116 1.483875 175.949997
-7.201274 2.771659 2.101064 0.122585 0.013085 1.386028 176.054993
-7.191165 2.972908 2.101064 0.171673 -0.117427 1.200253 176.160004
-7.165750 3.172388 2.101064 0.145732 -0.061064 1.125762 176.274994
-7.120231 3.377362 2.101064 0.138689 -0.008850 1.060065 176.404999
-7.055693 3.567695 2.101064 0.124039 0.014380 0.998494 176.535004
-6.966244 3.760740 2.101064 0.071745 0.019503 0.952075 176.675003
-6.867112 3.940047 2.101064 0.040095 0.015892 0.949616 176.809998
-6.761258 4.116082 2.097138 0.015584 0.012858 0.965791 176.945007
-6.658139 4.285317 2.063991 -0.036187 0.008922 1.069443 177.074997
-6.551090 4.471324 2.028784 0.010357 0.141106 1.119878 177.214996
-6.454463 4.646252 1.997316 -0.076564 0.151361 1.202682 177.335007
-6.365618 4.824669 1.965308 -0.025375 0.104918 1.216846 177.445007
-6.282454 5.005875 1.934293 -0.062754 0.068626 1.280132 177.550003
-6.204295 5.194519 1.906902 -0.080512 0.048296 1.293414 177.654999
-6.122115 5.416446 1.910632 -0.100829 0.035104 1.318235 177.774994
-6.052480 5.643795 1.913754 -0.123673 -0.039087 1.441847 177.895004
-5.999455 5.872986 1.916443 -0.129092 -0.115445 1.593095 178.020004
-5.967483 6.075031 1.918577 -0.126337 -0.054221 1.667275 178.139999
-5.952225 6.281458 1.920485 -0.120290 -0.007844 1.736275 178.270004
-5.958653 6.511569 1.922239 -0.103224 0.016078 1.816163 178.419998
-5.983991 6.714486 1.923513 -0.082468 0.020153 1.879552 178.554993
-6.026147 6.921679 1.924578 -0.065099 0.020064 1.946757 178.695007
-6.079186 7.118512 1.925413 -0.057385 0.019872 2.011263 178.830002
-6.146405 7.325999 1.925499 -0.018210 -0.232514 1.877052 178.979996
-6.220411 7.528977 1.925499 0.035920 -0.195234 1.667620 179.179993
-6.301682 7.718005 1.925499 0.051743 -0.071797 1.295854 179.535004
-6.198034 7.529201 1.925499 -0.033019 0.119220 -1.163438 182.289993
-6.098618 7.352633 1.925499 -0.020194 0.051730 -1.222087 182.434998
-5.993347 7.168010 1.925499 0.029423 0.032494 -1.290615 182.580002
-5.899199 6.990298 1.925499 0.066151 0.030960 -1.354395 182.714996
-5.815618 6.806381 1.899727 0.086249 0.031536 -1.415218 182.850006
-5.744620 6.609122 1.865372 0.107084 0.032273 -1.491885 182.990005
-5.694338 6.413488 1.832379 0.098419 0.031956 -1.561649 183.125000
-5.660664 6.217674 1.800706 0.030232 0.181762 -1.564236 183.255005
-5.632334 5.988645 1.764069 0.039865 0.139126 -1.551094 183.389999
-5.613630 5.775860 1.730444 0.097190 0.084376 -1.579981 183.505005
-5.605752 5.544727 1.693748 0.047723 0.054067 -1.613562 183.625000
-5.605532 5.338642 1.661476 0.021237 0.038289 -1.607180 183.729996
-5.608857 5.130813 1.680771 0.098268 -0.010985 -1.699614 183.835007
-5.620513 4.929555 1.722470 0.096907 -0.132789 -1.805507 183.940002
-5.641953 4.728361 1.762039 0.107456 -0.080651 -1.893298 184.054993
-5.680184 4.512271 1.802295 0.107019 -0.021730 -1.978565 184.190002
-5.732078 4.317139 1.837516 0.098360 0.006148 -2.047880 184.320007
-5.798699 4.130489 1.871014 0.084528 0.017007 -2.115141 184.449997
-5.885019 3.936772 1.891554 0.071356 0.019727 -2.181841 184.589996
-5.979078 3.755218 1.888366 0.018489 0.015371 -2.177902 184.725006
-6.084153 3.563158 1.888044 0.049181 -0.231815 -2.317532 184.875000
-6.180511 3.384201 1.888044 0.074762 -0.194984 -2.511261 185.059998
-6.268140 3.202899 1.888044 0.067970 -0.069527 -2.851595 185.384995
-6.466033 3.234693 1.888044 -0.011961 0.215241 2.230110 187.190002
-6.586581 3.394909 1.888044 0.010904 0.090254 2.359531 187.345001
-6.717876 3.572773 1.888044 0.013677 0.036597 2.420616 187.500000
-6.840511 3.738900 1.888044 -0.036177 0.030511 2.482495 187.639999
-6.967006 3.895420 1.875324 -0.115202 0.035696 2.583767 187.774994
-7.107845 4.037999 1.841404 -0.099513 0.041975 2.683585 187.910004
-7.262799 4.165389 1.808503 -0.085459 0.038907 2.739853 188.044998
-7.428934 4.280150 1.776238 -0.083150 0.032231 2.788871 188.179993
-7.617417 4.389349 1.740876 -0.084341 0.028318 2.853072 188.324997
-7.821440 4.486152 1.704845 -0.080177 0.025895 2.920387 188.475006
-8.011276 4.559341 1.672154 -0.077614 0.024686 2.984841 188.610001
-8.205328 4.619444 1.650480 -0.061382 -0.065833 3.073940 188.744995
-8.400625 4.671982 1.650480 -0.073885 -0.235806 -3.052168 188.895004
-8.595994 4.727805 1.650480 -0.083847 -0.145911 -2.821788 189.115005
-8.785379 4.795471 1.650480 -0.050858 -0.025046 -2.334848 189.580002
