-12.777350 4.059747 1.000000 -0.024635 0.319999 0.334472 0.000000
-12.581908 4.123365 1.000000 -0.001166 0.264594 0.357764 0.150000
-12.386713 4.183957 1.000000 0.050280 0.145328 0.345347 0.270000
-12.190458 4.240130 1.014541 0.031092 0.082004 0.336361 0.380000
-11.995101 4.293395 1.013528 0.009043 0.053086 0.329390 0.485000
-11.795938 4.347450 1.012671 -0.009408 0.036695 0.323834 0.590000
-11.595316 4.403543 1.011943 -0.019318 0.027860 0.319365 0.695000
-11.384886 4.465223 1.028176 -0.020840 0.023501 0.315616 0.805000
-11.136570 4.541826 1.035387 0.013091 0.019796 0.295603 0.935000
-10.935519 4.602248 1.041799 0.033472 0.018276 0.219212 1.040000
-10.733643 4.659204 1.041392 0.010785 0.020759 0.221357 1.145000
-10.531287 4.715056 1.041050 0.021781 0.020945 0.223152 1.250000
-10.337912 4.766271 1.040771 0.080302 0.019303 0.187122 1.350000
-10.133577 4.813615 1.040521 0.040043 0.021649 0.165801 1.455000
-9.928279 4.856625 1.040308 0.021077 0.022089 0.171619 1.560000
-9.722507 4.897659 1.040128 0.014469 -0.001493 0.176290 1.665000
-9.519332 4.936962 1.039974 0.009173 -0.025546 0.180010 1.770000
-9.290449 4.978614 1.039827 0.078677 0.037984 0.103900 1.890000
-9.077936 5.010204 1.039715 0.008349 0.037917 0.088847 2.000000
-8.872918 5.039085 1.039624 0.003089 0.032480 0.093571 2.105000
-8.666499 5.067731 1.039546 0.011765 0.027019 0.097354 2.210000
-8.419621 5.100380 1.039468 0.018827 0.023251 0.100902 2.335000
-8.211611 5.125910 1.039414 0.018763 0.022118 0.103234 2.440000
-8.003184 5.149692 1.039368 0.014390 0.021554 0.105107 2.545000
-7.795536 5.173831 1.039329 -0.021701 -0.023850 0.165613 2.650000
-7.593658 5.199941 1.039295 -0.006546 -0.088315 0.156528 2.755000
-7.394864 5.224429 1.039265 0.064706 -0.110426 -0.008388 2.865000
-7.186255 5.241682 1.050888 0.112262 -0.047922 -0.191447 2.990000
-6.982669 5.242910 1.087131 0.127616 0.002732 -0.352257 3.120000
-6.780752 5.222696 1.088064 0.138450 0.034350 -0.504620 3.255000
-6.580562 5.175463 1.087669 0.141970 0.052612 -0.650919 3.395000
-6.377820 5.094195 1.087330 0.135923 0.057761 -0.795736 3.545000
-6.202120 4.991218 1.087078 0.140321 0.058054 -0.942238 3.685000
-6.023796 4.851228 1.132305 0.020884 0.042690 -0.926865 3.840000
-5.871739 4.718399 1.170993 0.082230 0.027956 -0.908570 3.975000
-5.709548 4.551301 1.206751 0.032885 0.022362 -0.906842 4.130000
-5.577368 4.395933 1.239010 0.096368 0.017018 -0.968891 4.265000
-5.455122 4.233053 1.240172 0.001088 -0.237083 -0.841082 4.405000
-5.337568 4.066292 1.240172 -0.048141 -0.201278 -0.647351 4.590000
-5.230194 3.897495 1.240172 -0.058741 -0.080240 -0.312248 4.910000
-5.055375 4.022523 1.240172 -0.046737 0.166550 1.422684 6.680000
-5.010386 4.222380 1.240172 -0.073612 0.083682 1.632305 6.835000
-4.982416 4.425526 1.240172 -0.065794 0.056415 1.735491 6.980000
-4.969655 4.650317 1.240172 -0.090297 0.046852 1.857804 7.135000
-4.981401 4.869066 1.240172 -0.116597 0.051948 2.010589 7.285000
-5.024434 5.099456 1.240172 -0.099403 0.048335 2.073453 7.445000
-5.087307 5.304629 1.240172 -0.103154 0.040314 2.141098 7.590000
-5.165630 5.489922 1.240172 -0.081163 0.032871 2.189260 7.725000
-5.256748 5.669139 1.240172 -0.024688 -0.231169 2.042655 7.865000
-5.354692 5.845496 1.240172 0.030523 -0.205344 1.848922 8.050000
-5.463029 6.018520 1.240172 0.051670 -0.079385 1.498108 8.385000
-5.264090 6.040134 1.231067 0.026588 0.151654 -0.400743 10.345000
-5.076476 5.973577 1.203351 0.083811 0.061632 -0.368233 10.490000
-4.882331 5.891879 1.183487 0.050368 0.019507 -0.248775 10.635000
-4.680637 5.798853 1.183905 -0.035669 0.013610 -0.129055 10.785000
-4.470524 5.707168 1.184311 -0.073332 0.034012 -0.016309 10.940000
-4.282759 5.640706 1.210645 -0.091512 0.049322 0.025273 11.075000
-4.059623 5.587177 1.211938 -0.160756 0.048140 0.119626 11.230000
-3.853583 5.567994 1.212869 -0.099384 0.041255 0.125844 11.370000
-3.652062 5.568974 1.213592 -0.078964 0.027777 0.116118 11.505000
-3.449366 5.584244 1.214181 -0.050725 0.018333 0.108753 11.640000
-3.246442 5.608600 1.214658 -0.020204 0.014023 0.103219 11.775000
-3.043753 5.636664 1.230757 0.001047 0.173139 0.099191 11.905000
-2.808448 5.668145 1.232626 0.022320 0.117783 0.095989 12.040000
-2.602736 5.692526 1.254753 0.030929 0.072497 0.093979 12.150000
-2.400054 5.713179 1.238855 0.031001 0.047173 0.092440 12.255000
-2.194113 5.731095 1.237847 0.022237 0.034307 0.091217 12.360000
-1.986440 5.746974 1.237017 0.012795 0.027374 0.090220 12.465000
-1.777841 5.761292 1.236315 0.048645 0.023063 0.045295 12.570000
-1.538819 5.774374 1.235645 -0.013147 0.021825 0.051715 12.690000
-1.329525 5.785784 1.235148 -0.037698 0.017147 0.056444 12.795000
-1.120533 5.798833 1.234728 -0.014014 0.020990 0.048660 12.900000
-0.911553 5.812133 1.241015 0.021201 0.020591 -0.008370 13.005000
-0.662774 5.823672 1.246551 0.034077 0.022045 -0.078214 13.130000
-0.453822 5.829369 1.245593 0.007215 0.024023 -0.069203 13.235000
-0.244544 5.833799 1.244778 0.021432 0.024626 -0.061789 13.340000
-0.034975 5.835715 1.244084 0.032720 0.023734 -0.055814 13.445000
0.174716 5.834006 1.243497 0.034924 0.014220 -0.051055 13.550000
0.382606 5.828624 1.242998 0.027060 -0.049831 -0.047219 13.655000
0.582554 5.820692 1.242573 0.015466 -0.077551 -0.044142 13.760000
0.784829 5.810889 1.242198 0.004595 0.065411 -0.041574 13.870000
1.001195 5.799842 1.241868 -0.006036 0.065726 -0.039454 13.985000
1.223325 5.787009 1.241591 0.072104 0.046099 -0.133960 14.100000
1.428215 5.767335 1.241377 0.074812 0.036765 -0.227308 14.205000
1.633047 5.738746 1.241196 0.081530 0.033725 -0.315469 14.310000
1.835957 5.701793 1.241043 0.098489 -0.083447 -0.422138 14.415000
2.052124 5.653516 1.240895 0.081603 -0.106527 -0.414472 14.535000
2.248007 5.599709 1.240771 0.071458 -0.056276 -0.418802 14.655000
2.438126 5.537020 1.240667 0.089249 -0.032410 -0.401315 14.780000
2.628492 5.454968 1.240573 0.145700 0.005910 -0.609424 14.915000
2.800904 5.349559 1.240497 0.142339 0.027746 -0.791657 15.050000
2.974255 5.208845 1.240430 0.105846 0.030484 -0.961989 15.200000
3.115898 5.066646 1.240380 0.091633 0.031691 -1.105285 15.335000
3.244090 4.912858 1.240341 0.100512 0.035642 -1.241740 15.470000
3.361629 4.742537 1.240308 0.116015 0.043288 -1.360667 15.610000
3.458987 4.561285 1.240281 0.126375 0.050387 -1.494910 15.750000
3.532139 4.370192 1.240260 0.100742 0.053713 -1.587377 15.890000
3.585766 4.163821 1.240242 0.105376 0.049183 -1.638643 16.035000
3.620333 3.943539 1.240227 0.085876 0.036543 -1.645131 16.184999
3.634995 3.719233 1.240216 0.100448 0.029765 -1.714440 16.334999
3.628809 3.493751 1.240207 0.034669 0.021916 -1.723434 16.485001
3.613090 3.267392 1.240200 0.021102 0.016839 -1.708702 16.635000
3.592266 3.040617 1.248560 0.013225 0.012994 -1.698029 16.785000
3.571042 2.839455 1.266034 0.004031 0.171079 -1.691056 16.915001
3.548216 2.634013 1.265628 -0.002155 0.134371 -1.686119 17.035000
3.525687 2.431244 1.265315 -0.006658 0.085602 -1.682551 17.145000
3.503905 2.230251 1.265062 -0.009458 0.056193 -1.679824 17.250000
3.484586 2.025182 1.264847 -0.031778 0.037476 -1.621176 17.355000
3.469857 1.817975 1.264665 -0.019700 0.029985 -1.600389 17.459999
3.457527 1.609621 1.264511 -0.017968 0.025708 -1.599937 17.565001
3.445823 1.370732 1.264363 -0.022107 0.013733 -1.599529 17.684999
3.437423 1.142929 1.264244 -0.020027 0.014152 -1.599221 17.799999
3.431951 0.935778 1.264152 -0.015231 0.028433 -1.598996 17.905001
3.427941 0.727737 1.285440 -0.007042 0.028005 -1.598817 18.010000
3.424587 0.518876 1.285800 -0.000166 0.025316 -1.598673 18.115000
3.421161 0.309526 1.285995 0.004866 0.022582 -1.598558 18.219999
3.417144 0.099941 1.305352 0.007243 0.021944 -1.598465 18.325001
3.412044 -0.119768 1.306221 0.007059 0.021130 -1.598387 18.434999
3.405297 -0.339494 1.306903 0.040841 0.020452 -1.641695 18.545000
3.395284 -0.548409 1.307455 0.050366 -0.017026 -1.681538 18.650000
3.380876 -0.752158 1.307920 0.025428 -0.006868 -1.743332 18.754999
3.363415 -0.952782 1.308318 0.004187 0.047182 -1.735578 18.860001
3.343514 -1.165664 1.308670 0.015552 0.044298 -1.729125 18.969999
3.320967 -1.381058 1.308966 0.023586 0.034672 -1.724015 19.080000
3.295111 -1.597763 1.309218 0.023433 0.027386 -1.719897 19.190001
3.268701 -1.805170 1.309422 -0.061770 0.021008 -1.635395 19.295000
3.247749 -2.013047 1.309594 -0.023684 0.022391 -1.579854 19.400000
3.229912 -2.221233 1.309739 0.000305 0.023393 -1.588117 19.504999
3.212297 -2.429407 1.309864 -0.010791 -0.008951 -1.594775 19.610001
3.198011 -2.633609 1.309970 -0.085037 -0.076687 -1.504292 19.715000
3.188828 -2.858928 1.310072 0.016146 0.049758 -1.576982 19.834999
3.179818 -3.068176 1.310150 -0.004166 0.057845 -1.588785 19.945000
3.171366 -3.272070 1.326034 0.001944 0.046314 -1.597648 20.049999
3.162223 -3.478665 1.326095 0.078336 0.030493 -1.658567 20.155001
3.147293 -3.686076 1.311635 0.020513 0.028066 -1.684076 20.260000
3.129858 -3.894026 1.333764 -0.042971 0.003831 -1.645131 20.365000
3.115252 -4.097069 1.333764 0.011714 -0.206169 -1.755088 20.469999
3.102540 -4.297646 1.333764 0.056697 -0.313894 -1.880752 20.590000
3.094066 -4.499443 1.333764 0.083628 -0.222257 -2.053540 20.754999
3.094465 -4.709363 1.333764 0.079402 -0.090319 -2.357223 21.045000
3.116852 -4.908986 1.333764 0.008239 0.004944 2.779298 22.139999
3.038909 -4.701182 1.333764 0.007156 0.224941 1.878641 23.035000
2.963810 -4.494861 1.333764 0.076671 0.094162 1.797914 23.205000
2.910300 -4.301905 1.333764 0.081622 0.048668 1.766764 23.344999
2.868855 -4.084004 1.333764 0.115969 0.022618 1.669773 23.495001
2.849722 -3.868004 1.333764 0.063118 0.091232 1.596387 23.639999
2.843658 -3.667959 1.333764 0.023469 0.157457 1.595465 23.764999
2.840808 -3.460533 1.320719 0.004442 -0.082543 1.594847 23.885000
2.838891 -3.259674 1.321639 -0.002394 -0.206561 1.594350 24.010000
2.836974 -3.054255 1.322563 -0.004499 -0.151214 1.593886 24.165001
2.834708 -2.851360 1.342150 0.001523 -0.082687 1.559414 24.355000
2.832355 -2.653435 1.378046 -0.001174 -0.031082 1.567324 24.575001
2.829112 -2.444211 1.400095 -0.004416 -0.137136 1.681048 24.834999
2.833905 -2.242949 1.400095 -0.032090 -0.050913 2.152301 25.285000
2.855678 -2.452145 1.400095 -0.031202 0.160744 -1.501934 27.885000
2.862119 -2.663975 1.400095 -0.071601 0.071592 -1.465253 28.040001
2.885165 -2.889142 1.400095 -0.043888 0.032333 -1.479315 28.195000
2.920356 -3.103057 1.400095 -0.070223 0.014461 -1.451272 28.340000
2.964852 -3.298332 1.400095 -0.054169 0.168537 -1.437146 28.471001
3.025026 -3.532245 1.400095 0.002409 0.127141 -1.425696 28.610001
3.076834 -3.750273 1.373862 0.118884 0.080647 -1.510769 28.730000
3.110084 -3.949312 1.345829 0.076613 0.056627 -1.536837 28.834999
3.134837 -4.152747 1.320102 0.038076 0.043165 -1.512422 28.940001
3.155703 -4.358943 1.339659 0.032739 0.033619 -1.507188 29.045000
3.172535 -4.556877 1.365209 0.024261 0.026996 -1.503204 29.145000
3.187927 -4.765589 1.379420 0.014390 0.022975 -1.499803 29.250000
3.202095 -4.974708 1.377864 0.002304 0.021887 -1.497105 29.355000
3.216226 -5.183984 1.376513 -0.006604 0.021660 -1.494948 29.459999
3.231221 -5.393314 1.375356 -0.010403 0.015446 -1.493199 29.565001
3.247334 -5.600988 1.374375 -0.009731 -0.046402 -1.491798 29.670000
3.266416 -5.828924 1.373434 -0.006746 -0.035975 -1.490533 29.790001
3.282908 -6.041121 1.399387 0.117027 -0.050253 -1.661077 29.905001
3.287020 -6.269252 1.429912 0.052845 -0.091236 -1.644493 30.035000
3.280370 -6.471706 1.438638 0.097214 -0.031200 -1.849764 30.160000
3.256780 -6.693342 1.475988 0.107708 0.006923 -2.082450 30.305000
3.216553 -6.888591 1.506958 0.129639 0.037243 -2.279233 30.440001
3.152367 -7.079584 1.546944 0.116890 0.065287 -2.394378 30.580000
3.051735 -7.277315 1.545717 0.164280 0.077355 -2.557366 30.735001
2.928224 -7.444983 1.545453 0.082260 -0.180638 -2.443152 30.885000
2.789961 -7.607101 1.545453 0.005126 -0.195124 -2.233715 31.084999
2.647185 -7.756215 1.545453 -0.035633 -0.079451 -1.856726 31.445000
2.778559 -7.585791 1.508011 -0.086712 0.101697 0.917553 34.930000
2.901204 -7.410222 1.489949 -0.010332 -0.030387 1.075176 35.090000
3.013489 -7.244812 1.466006 -0.022312 -0.081175 1.224298 35.244999
3.133394 -7.064656 1.447637 -0.065677 -0.074386 1.413188 35.435001
3.234662 -6.888267 1.435603 -0.090549 -0.042442 1.589763 35.650002
3.301977 -6.697095 1.420996 -0.071852 0.189310 1.729895 35.895000
3.316231 -6.494005 1.421227 -0.044084 0.057464 1.881421 36.090000
3.307654 -6.292691 1.421385 -0.057497 -0.018728 2.003101 36.270000
3.281790 -6.090630 1.421513 -0.077091 -0.037994 2.127506 36.465000
3.233721 -5.896439 1.421618 -0.065726 -0.042928 2.217831 36.685001
3.164359 -5.703424 1.421696 0.079572 0.222322 2.031546 36.919998
3.102279 -5.512990 1.421737 -0.005289 0.121369 1.883087 37.084999
3.038495 -5.321129 1.421765 0.031757 0.050757 1.703512 37.230000
2.978861 -5.126808 1.440411 0.018315 0.033483 1.612702 37.369999
2.924232 -4.927474 1.439848 0.067450 0.036061 1.535727 37.509998
2.883978 -4.731101 1.451421 0.096693 0.038786 1.471882 37.645000
2.860099 -4.501810 1.450140 0.078538 0.037217 1.423205 37.799999
2.856323 -4.299615 1.449231 0.060769 0.027838 1.438022 37.935001
2.863929 -4.096050 1.448496 0.051091 0.019365 1.449143 38.070000
2.880962 -3.892245 1.447902 0.069652 0.013596 1.418289 38.205002
2.907955 -3.681268 1.447418 0.015828 0.172307 1.425256 38.340000
2.936652 -3.481953 1.447078 0.000296 0.128093 1.430118 38.455002
2.966180 -3.278265 1.446806 -0.010055 0.077265 1.433739 38.564999
2.998373 -3.048104 1.446559 -0.015476 0.047172 1.436851 38.685001
3.029290 -2.813680 1.465806 -0.015686 0.032161 1.439304 38.805000
3.053847 -2.616670 1.501049 -0.012235 0.026718 1.440919 38.904999
3.077534 -2.418855 1.535178 -0.008144 0.023656 1.442235 39.005001
3.100670 -2.220628 1.567716 -0.023193 0.020976 1.455302 39.105000
3.121338 -2.022059 1.588320 -0.020373 0.021368 1.497286 39.205002
3.138945 -1.813224 1.586925 -0.006722 0.020574 1.534186 39.310001
3.153624 -1.604234 1.585637 -0.004435 0.021354 1.566064 39.415001
3.168713 -1.375199 1.584440 0.003341 0.021452 1.558434 39.529999
3.183390 -1.156067 1.583683 -0.011059 -0.028939 1.580037 39.639999
3.196265 -0.954704 1.583683 -0.041904 -0.238939 1.689994 39.744999
3.211514 -0.732189 1.583683 -0.080368 -0.295011 1.836603 39.884998
3.232815 -0.512233 1.583683 -0.095460 -0.173602 2.051279 40.090000
3.263513 -0.312948 1.583683 -0.070443 -0.050560 2.423029 40.445000
3.282746 -0.112161 1.583683 0.024256 0.313179 1.884144 42.395000
3.233013 0.094533 1.583683 -0.008516 0.204146 1.786160 42.634998
3.185759 0.293146 1.583683 -0.005911 0.085639 1.717785 42.790001
3.135708 0.503161 1.583683 0.026055 0.041784 1.625148 42.939999
3.089668 0.728031 1.583683 0.057869 0.030200 1.538719 43.095001
3.059915 0.927382 1.583683 0.038890 0.028515 1.511917 43.230000
3.038557 1.129268 1.583683 0.047441 0.024636 1.523866 43.365002
3.025825 1.332983 1.583683 0.052156 0.018367 1.532845 43.500000
3.022445 1.547887 1.583683 0.042639 0.164819 1.539829 43.639999
3.026695 1.750897 1.583683 0.027185 0.145423 1.544408 43.759998
3.034313 1.952714 1.583683 0.008030 0.092955 1.547705 43.869999
3.042646 2.153692 1.583683 -0.007989 0.059611 1.550217 43.974998
3.050840 2.378729 1.583683 -0.019014 0.038754 1.552386 44.090000
3.056528 2.596411 1.583683 -0.021036 0.029427 1.554041 44.200001
3.059717 2.805286 1.583683 -0.018414 0.024451 1.555303 44.305000
3.061728 3.014635 1.583683 0.058747 0.021269 1.492825 44.410000
3.066440 3.242162 1.583683 -0.078942 -0.111905 1.683411 44.525002
3.062735 3.462578 1.583683 -0.114824 -0.111770 1.779582 44.645000
3.046697 3.663098 1.565570 -0.075360 -0.088690 1.791634 44.764999
3.022566 3.862110 1.565570 -0.051301 -0.270617 1.933007 44.900002
3.000690 4.062751 1.565570 -0.073284 -0.184435 2.131973 45.090000
2.988839 4.263877 1.565570 -0.064643 -0.062478 2.498487 45.439999
2.879050 4.093052 1.565570 -0.046122 0.138564 -1.626941 47.310001
2.822438 3.899552 1.565570 -0.024772 0.083669 -1.558899 47.459999
2.774711 3.689636 1.572745 -0.109160 0.058190 -1.492991 47.610001
2.748996 3.485393 1.587865 -0.115004 0.043119 -1.458830 47.750000
2.742479 3.276949 1.604486 -0.071545 0.029386 -1.470681 47.889999
2.749836 3.074000 1.630107 -0.049855 0.020200 -1.479523 48.025002
2.766188 2.870381 1.634592 -0.026970 0.014270 -1.486162 48.160000
2.787682 2.666636 1.639920 -0.042361 0.013136 -1.440787 48.294998
2.815375 2.465818 1.636336 0.067686 0.169600 -1.463907 48.424999
2.843584 2.260787 1.633614 -0.006127 0.134216 -1.389866 48.544998
2.870342 2.058653 1.631529 0.094137 0.083719 -1.489888 48.654999
2.890226 1.857794 1.629841 0.006679 0.055887 -1.488872 48.759998
2.908408 1.652913 1.628412 -0.004461 0.037950 -1.538428 48.865002
2.926737 1.446055 1.627201 -0.026366 0.028572 -1.529833 48.970001
2.947701 1.238356 1.626169 0.019207 0.024347 -1.543248 49.075001
2.970131 1.010284 1.625221 0.015851 0.023586 -1.544372 49.189999
2.991159 0.771943 1.624610 0.023928 -0.046773 -1.578652 49.310001
3.008920 0.546202 1.624610 0.052335 -0.284853 -1.704320 49.430000
3.026307 0.341873 1.624610 0.083197 -0.290658 -1.845696 49.564999
3.049281 0.140606 1.624610 0.095873 -0.171537 -2.049906 49.759998
3.083784 -0.060593 1.624610 0.067747 -0.044900 -2.442609 50.134998
2.929273 0.068873 1.624610 0.032889 0.151151 1.940709 51.805000
2.823473 0.243829 1.624610 0.057308 0.084685 1.792801 51.959999
2.728937 0.439840 1.632635 0.090677 0.069390 1.639112 52.115002
2.660688 0.630214 1.628566 0.061611 0.057147 1.625383 52.255001
2.607289 0.822828 1.617650 0.141147 0.035686 1.567715 52.389999
2.574409 1.042270 1.616657 0.117461 0.040970 1.444339 52.540001
2.569323 1.272242 1.615854 0.068269 0.032353 1.427969 52.695000
2.578847 1.483049 1.615761 0.011368 -0.212811 1.559571 52.840000
2.595404 1.699666 1.615761 -0.039924 -0.203865 1.763776 53.035000
2.621131 1.902121 1.615761 -0.055524 -0.080905 2.109351 53.365002
2.610742 2.099845 1.584183 -0.009578 0.027371 2.902112 78.945000
2.417782 2.151591 1.564070 0.010215 -0.039933 2.731933 79.695000
2.448115 1.936697 1.564070 0.004155 0.194593 -1.042975 82.404999
2.537863 1.757065 1.564070 -0.035792 0.085597 -1.099025 82.555000
2.635103 1.578426 1.564070 -0.034522 0.032002 -1.159694 82.695000
2.736212 1.404371 1.564070 -0.003117 0.017250 -1.220487 82.830002
2.838228 1.228532 1.566970 0.035870 0.107635 -1.286965 82.964996
2.937937 1.033913 1.594688 0.058890 0.167804 -1.354818 83.099998
3.027963 0.819129 1.609393 0.117174 0.115053 -1.437879 83.230003
3.096003 0.613314 1.616481 0.106509 0.080828 -1.465440 83.345001
3.148364 0.417031 1.616834 0.071710 0.058369 -1.463255 83.449997
3.191281 0.215490 1.617133 0.079816 0.043661 -1.493309 83.555000
3.225736 0.010673 1.629861 0.047478 0.033046 -1.480654 83.660004
3.255295 -0.195103 1.629115 0.029088 -0.090782 -1.538810 83.764999
3.285586 -0.421112 1.629115 0.057609 -0.309420 -1.669713 83.889999
3.317021 -0.634811 1.629115 0.087887 -0.255703 -1.832034 84.044998
3.356340 -0.846170 1.629115 0.090653 -0.123638 -2.088605 84.290001
3.408309 -1.040610 1.629115 0.041771 -0.010383 -2.664564 84.839996
3.348583 -0.818640 1.629115 0.021808 0.178206 1.785859 87.035004
3.297151 -0.623253 1.629115 -0.012654 0.058316 1.722141 87.180000
3.244198 -0.424220 1.629115 0.011048 0.028051 1.651807 87.320000
3.195156 -0.228618 1.629115 0.044059 0.024381 1.583630 87.455002
3.152841 -0.030518 1.629115 0.066884 0.025892 1.544514 87.589996
3.118216 0.192197 1.629115 0.077341 -0.022628 1.471754 87.739998
3.097605 0.398517 1.629115 0.076116 -0.238075 1.314673 87.889999
3.075207 0.600185 1.629115 0.086813 -0.154957 1.094760 88.099998
3.041458 0.798473 1.629115 0.058059 -0.034597 0.654938 88.519997
3.074885 0.596829 1.629115 0.018885 0.312968 -1.412486 90.955002
3.112215 0.392881 1.629115 -0.038254 0.178395 -1.467013 91.084999
3.152182 0.179707 1.629115 0.009818 0.098140 -1.527473 91.205002
3.196084 -0.054530 1.629115 -0.001074 0.056040 -1.543194 91.330002
3.234730 -0.265628 1.629115 0.016080 0.042210 -1.575566 91.440002
3.268829 -0.469814 1.629115 0.041286 0.039519 -1.567280 91.544998
3.298179 -0.676067 1.629115 0.073475 0.033521 -1.560666 91.650002
3.319657 -0.883856 1.629115 0.083816 0.028360 -1.555374 91.754997
3.332272 -1.092644 1.629115 0.074907 0.023379 -1.551090 91.860001
3.337185 -1.301938 1.629115 0.047878 0.021980 -1.547663 91.964996
3.337061 -1.541465 1.629115 0.011727 0.021408 -1.544597 92.084999
3.335304 -1.781167 1.629115 -0.013514 0.020698 -1.542177 92.205002
3.335258 -1.990917 1.629115 -0.027316 0.021229 -1.540494 92.309998
3.338179 -2.200679 1.629115 -0.030665 0.021489 -1.539159 92.415001
3.343622 -2.430284 1.629115 -0.020752 0.008368 -1.565540 92.529999
3.349133 -2.638532 1.629115 0.005934 -0.006343 -1.613747 92.635002
3.352071 -2.843798 1.629115 0.056050 -0.058368 -1.708022 92.739998
3.350592 -3.046106 1.629115 0.064697 -0.276721 -1.823215 92.849998
3.349354 -3.247006 1.629115 0.090689 -0.275740 -1.964588 92.985001
3.353553 -3.449611 1.629115 0.097863 -0.160857 -2.174025 93.184998
3.370038 -3.656174 1.629115 0.063418 -0.035571 -2.598134 93.589996
3.236110 -3.500196 1.629115 0.029666 0.164061 2.003183 95.254997
3.137110 -3.317989 1.629115 -0.003573 0.068715 1.848288 95.410004
3.045440 -3.139646 1.629115 0.058823 0.045320 1.746311 95.550003
2.959906 -2.952969 1.643811 0.038111 0.040319 1.716663 95.690002
2.887166 -2.765918 1.649814 0.140880 0.040099 1.610835 95.824997
2.836050 -2.572456 1.650337 0.125111 0.042653 1.512182 95.959999
2.805748 -2.374686 1.650645 0.075885 -0.040815 1.520408 96.095001
2.787269 -2.172625 1.650645 0.016247 -0.246541 1.677492 96.245003
2.776229 -1.971395 1.650645 -0.034128 -0.168209 1.902647 96.459999
2.778228 -1.770293 1.650645 -0.041671 -0.042685 2.373896 96.910004
2.595400 -1.853131 1.651966 0.080692 0.205628 -2.392000 98.519997
2.434975 -1.979430 1.667460 -0.008444 0.051339 -2.480334 98.669998
2.259082 -2.121081 1.667203 -0.004481 -0.002785 -2.748405 98.830002
2.102191 -2.250347 1.670640 -0.076333 0.029281 -2.782500 98.974998
1.925144 -2.399241 1.675941 0.020237 0.057026 -2.823973 99.135002
1.747419 -2.535431 1.676371 0.095505 0.031763 -2.661586 99.285004
1.578165 -2.649912 1.676683 0.028653 0.002014 -2.461498 99.419998
1.406937 -2.759942 1.676936 -0.004926 -0.005357 -2.281905 99.555000
1.235891 -2.867792 1.677140 0.010531 0.016252 -2.301731 99.690002
1.044874 -2.989213 1.677323 -0.059196 0.028691 -2.318385 99.839996
0.854821 -3.127241 1.677472 -0.064865 -0.044922 -2.330827 99.995003
0.697999 -3.255005 1.677583 -0.038657 -0.223399 -2.339445 100.139999
0.545794 -3.384752 1.677697 -0.025636 -0.197422 -2.347525 100.334999
0.398473 -3.522015 1.677825 -0.002583 -0.060155 -2.245467 100.764999
0.540336 -3.374484 1.666124 -0.023477 0.123002 0.869760 103.769997
0.681854 -3.226850 1.666998 -0.104415 -0.009968 1.058279 103.934998
0.805417 -3.059631 1.683969 -0.078887 -0.058215 1.157307 104.110001
0.910663 -2.877476 1.694598 -0.051772 -0.064251 1.252911 104.309998
1.000193 -2.686715 1.686862 -0.019628 -0.046337 1.234273 104.544998
1.077368 -2.500713 1.672192 0.005086 -0.132051 1.074914 104.815002
1.141611 -2.310646 1.672192 0.024834 -0.024202 0.425652 105.434998
1.345759 -2.315923 1.668191 0.027594 0.255772 -0.342530 106.654999
1.552550 -2.387458 1.668212 -0.113813 0.098542 -0.077896 106.830002
1.769387 -2.435538 1.668228 -0.079830 0.059492 0.099829 106.989998
1.968373 -2.460176 1.668239 -0.136424 0.051769 0.288660 107.129997
2.175055 -2.457649 1.658933 -0.137204 0.065940 0.485270 107.275002
2.384821 -2.421134 1.640418 -0.151382 0.074563 0.644526 107.425003
2.572643 -2.354483 1.614613 -0.153096 0.075226 0.784114 107.565002
2.747940 -2.256952 1.614371 -0.152167 0.069742 0.926879 107.705002
2.906625 -2.131799 1.614208 -0.134323 0.063263 1.058619 107.845001
3.047077 -1.984182 1.614075 -0.129415 0.056123 1.197600 107.985001
3.175378 -1.806302 1.613961 -0.121014 0.051451 1.338901 108.135002
3.284205 -1.606434 1.613869 -0.075608 0.044637 1.409406 108.290001
3.364114 -1.422941 1.613804 -0.095121 0.040892 1.471795 108.425003
3.427835 -1.232366 1.612489 -0.103355 0.038804 1.535554 108.559998
3.473394 -1.036154 1.588986 -0.103262 0.035321 1.597399 108.695000
3.502306 -0.813706 1.580321 -0.094527 0.031334 1.667888 108.845001
3.511983 -0.611232 1.582164 -0.047399 0.024448 1.677837 108.980003
3.512917 -0.377060 1.583854 -0.016874 0.016760 1.654617 109.135002
3.508064 -0.149634 1.585140 -0.028246 0.014587 1.684657 109.285004
3.498572 0.055464 1.586071 -0.036288 0.102853 1.687510 109.419998
3.484603 0.258511 1.586775 0.022607 0.165059 1.695089 109.544998
3.470524 0.473814 1.587334 0.027113 0.105163 1.683111 109.665001
3.458771 0.692073 1.587779 0.011039 0.063052 1.674207 109.779999
3.447114 0.926097 1.588166 -0.002498 0.040705 1.666899 109.900002
3.434599 1.163121 1.576620 -0.010620 0.030115 1.661198 110.019997
3.420906 1.391522 1.565692 -0.012346 0.025464 1.656924 110.135002
3.406806 1.600526 1.539100 -0.009993 0.022790 1.653832 110.239998
3.392223 1.799752 1.527617 -0.005925 0.022052 1.651450 110.339996
3.376929 1.999091 1.509667 -0.001634 0.020678 1.649506 110.440002
3.361363 2.198466 1.474617 0.002655 0.020573 1.647945 110.540001
3.345182 2.407475 1.447365 0.005318 -0.012323 1.646621 110.644997
3.329032 2.621680 1.431400 0.000797 -0.146474 1.698340 110.754997
3.314754 2.822684 1.431400 -0.036004 -0.316540 1.818769 110.870003
3.303055 3.044366 1.431400 -0.072656 -0.240818 1.996794 111.040001
3.300795 3.250193 1.431400 -0.078790 -0.110289 2.269062 111.300003
3.316115 3.452291 1.431400 -0.025240 -0.000788 3.033504 112.029999
3.374424 3.665798 1.431400 0.010449 0.285488 1.196069 115.889999
3.446696 3.853962 1.431400 -0.019939 0.136890 1.241675 116.059998
3.514752 4.044665 1.431400 -0.045394 0.061372 1.269264 116.205002
3.575726 4.241342 1.431400 -0.051315 0.030326 1.289155 116.345001
3.627211 4.437152 1.431400 -0.042585 0.018847 1.303615 116.480003
3.679264 4.670517 1.431400 -0.020351 0.113485 1.315822 116.635002
3.720674 4.869407 1.431400 0.008920 -0.136515 1.323172 116.760002
3.762969 5.069394 1.431400 0.007952 -0.277749 1.329609 116.904999
3.807250 5.278762 1.431400 0.003748 -0.213375 1.336793 117.144997
3.683762 5.439311 1.429745 0.069676 0.296160 -3.108291 119.040001
3.481587 5.463432 1.416598 -0.033366 0.136665 3.126769 119.209999
3.277788 5.479835 1.408681 -0.076863 0.055022 3.084256 119.355003
3.071452 5.482303 1.408536 -0.049975 0.018437 3.019034 119.495003
2.854824 5.474617 1.408415 -0.050424 0.010399 3.007328 119.639999
2.621868 5.457592 1.408313 0.004091 0.017521 3.028079 119.794998
2.402817 5.442740 1.408237 0.045437 0.019977 3.042284 119.940002
2.198325 5.437829 1.408180 0.108060 0.018714 2.988539 120.074997
1.995183 5.449190 1.408135 0.130336 0.178387 2.929180 120.205002
1.762408 5.483696 1.408097 0.094747 0.123997 2.853349 120.339996
1.562303 5.529049 1.424469 0.095702 0.083962 2.779019 120.449997
1.368055 5.584630 1.424348 0.081473 0.056403 2.712425 120.555000
1.173935 5.650636 1.424232 0.099140 0.044074 2.624918 120.660004
0.982596 5.727658 1.424135 0.047626 0.015330 2.606132 120.764999
0.767273 5.828389 1.424037 0.193185 -0.109663 2.340148 120.889999
0.591749 5.933603 1.423959 0.190079 -0.035740 2.194628 121.010002
0.431035 6.060203 1.423890 0.161874 0.014381 2.133797 121.139999
0.272211 6.224358 1.423826 0.089974 0.023192 2.130283 121.290001
0.129716 6.402221 1.423774 0.061378 0.015274 2.148824 121.440002
0.001715 6.582215 1.423735 0.029968 0.011340 2.161870 121.584999
-0.125760 6.772359 1.423702 0.005985 0.009129 2.171880 121.735001
-0.238906 6.944662 1.448063 0.034551 0.009561 2.111533 121.870003
-0.347757 7.119734 1.482754 0.020176 0.069617 2.036930 122.004997
-0.461693 7.316458 1.519737 0.050254 0.161891 1.952866 122.144997
-0.556918 7.499444 1.552594 0.055453 0.109627 1.875745 122.260002
-0.641401 7.678608 1.584762 0.013130 0.071656 1.840539 122.364998
-0.741065 7.900067 1.624110 0.026431 0.048185 1.852424 122.489998
-0.835040 8.117891 1.661196 -0.012923 0.029629 1.923210 122.610001
-0.913280 8.301066 1.692936 0.046215 0.023987 1.949853 122.709999
-0.989889 8.484309 1.716586 0.014501 -0.094796 2.012511 122.809998
-1.078567 8.700239 1.751587 0.006578 -0.124577 1.995041 122.934998
-1.153457 8.890883 1.763509 0.105469 -0.070648 1.810498 123.055000
-1.216260 9.088275 1.761425 0.110733 -0.017237 1.581252 123.184998
-1.265813 9.310885 1.759492 0.100605 0.019095 1.423042 123.334999
-1.292912 9.539218 1.757915 0.118094 0.041960 1.272057 123.489998
-1.290407 9.765921 1.756667 0.132193 0.055076 1.119753 123.644997
-1.258777 9.966565 1.755770 0.143073 0.061926 0.977516 123.785004
-1.189069 10.179477 1.754985 0.142592 0.063855 0.823147 123.940002
-1.084905 10.378533 1.754369 0.132685 0.059333 0.679809 124.095001
-0.964960 10.543445 1.753922 0.125864 0.056432 0.547746 124.235001
-0.823936 10.691764 1.753565 0.126977 0.053408 0.411198 124.375000
-0.646963 10.833821 1.753250 0.117473 0.051022 0.274081 124.529999
-0.471864 10.940650 1.753023 0.125989 0.051520 0.136249 124.669998
-0.278463 11.026961 1.752834 0.132512 0.055538 -0.002960 124.815002
-0.082852 11.084414 1.752689 0.108682 0.057437 -0.106990 124.955002
0.134067 11.121071 1.752565 0.096122 0.049167 -0.150725 125.105003
0.333679 11.134671 1.752475 0.097438 0.040819 -0.202388 125.239998
0.549793 11.128778 1.752398 0.092351 0.033871 -0.264820 125.385002
0.750561 11.105346 1.752339 0.080052 0.028202 -0.323169 125.519997
0.949728 11.067029 1.752292 0.033666 0.022868 -0.349234 125.654999
1.148264 11.020542 1.752253 0.079184 0.017833 -0.388882 125.790001
1.349527 10.958117 1.752221 0.118886 0.024702 -0.568330 125.930000
1.534136 10.877723 1.752196 0.108713 0.031230 -0.723177 126.065002
1.721089 10.771593 1.752174 0.103353 0.036556 -0.870752 126.209999
1.889205 10.651293 1.752157 0.104825 0.040505 -1.005314 126.349998
2.042360 10.513834 1.752144 0.117617 0.048675 -1.144269 126.489998
2.179689 10.360313 1.752134 0.087172 0.046486 -1.183223 126.629997
2.300295 10.199984 1.752126 0.029861 0.034007 -1.154681 126.764999
2.428680 10.005589 1.752118 0.176098 0.029508 -1.294553 126.919998
2.515776 9.817736 1.752112 0.172788 0.044230 -1.522457 127.059998
2.569822 9.621562 1.752108 0.148539 0.051789 -1.732301 127.199997
2.595794 9.421266 1.724711 0.091599 0.053364 -1.839654 127.339996
2.598766 9.196580 1.714879 0.134658 0.058259 -1.977800 127.495003
2.572583 8.995524 1.702987 0.150694 0.062446 -2.123884 127.635002
2.515165 8.801679 1.701887 0.149378 0.065022 -2.267677 127.775002
2.413355 8.593584 1.700889 0.140292 0.058735 -2.433196 127.934998
2.282949 8.409862 1.700134 0.130099 0.054335 -2.590141 128.089996
2.142441 8.262093 1.699587 0.132940 0.056454 -2.734231 128.229996
1.965174 8.121929 1.699109 0.129641 0.055160 -2.884343 128.384995
1.788966 8.018467 1.698762 0.133688 0.054997 -3.019934 128.524994
1.600754 7.939248 1.698484 0.126189 0.056278 3.137092 128.664993
1.382354 7.880911 1.698239 0.131006 0.056490 2.989118 128.820007
1.179810 7.856115 1.698063 0.132060 0.056356 2.857416 128.960007
0.975910 7.858344 1.697921 0.127697 0.056645 2.728014 129.100006
0.766936 7.889030 1.697803 0.120978 0.055077 2.592782 129.244995
0.570555 7.944827 1.706373 0.117214 0.053593 2.465638 129.384995
0.369578 8.031739 1.707742 0.119450 0.053143 2.322923 129.535004
0.169991 8.153447 1.708889 0.125616 0.052281 2.173603 129.695007
0.012260 8.280973 1.709255 0.094975 -0.107519 2.198564 129.835007
-0.135794 8.419756 1.709255 0.022566 -0.231464 2.371353 130.000000
-0.278645 8.566743 1.709255 -0.031163 -0.129476 2.648856 130.264999
-0.404905 8.721886 1.709255 -0.021940 -0.009006 -2.848942 131.014999
-0.590926 8.639210 1.709255 -0.001750 0.319151 -2.569105 132.649994
-0.776209 8.517694 1.709255 -0.069247 0.085736 -2.534718 132.820007
-0.937752 8.394954 1.709255 -0.096735 0.039785 -2.311732 132.960007
-1.105177 8.247913 1.709255 0.003687 0.024702 -2.322492 133.110001
-1.257407 8.112845 1.709255 -0.016120 -0.051334 -2.291374 133.244995
-1.406912 7.978985 1.709255 -0.053628 -0.245846 -2.139533 133.389999
-1.561323 7.846076 1.709255 -0.075215 -0.161543 -1.919623 133.600006
-1.720695 7.724195 1.709255 -0.056130 -0.040240 -1.485032 134.014999
-1.568887 7.566410 1.709255 -0.008942 0.204733 -0.318727 135.134995
-1.379503 7.490937 1.711639 -0.033498 0.092559 -0.300382 135.289993
-1.175259 7.420546 1.700208 0.036510 0.040602 -0.396936 135.440002
-0.973910 7.346446 1.700427 0.038352 0.018776 -0.595081 135.585007
-0.783027 7.266448 1.700625 0.065345 -0.012303 -0.750897 135.725006
-0.599960 7.177269 1.700788 0.114629 -0.063356 -0.907746 135.869995
-0.425234 7.070138 1.700934 0.132864 -0.041663 -1.047402 136.035004
-0.269316 6.938401 1.701061 0.108640 -0.035705 -1.150611 136.225006
-0.139469 6.782294 1.701170 0.077976 -0.036166 -1.266107 136.445007
-0.036558 6.606738 1.701257 0.044275 -0.037066 -1.346474 136.705002
0.066484 6.433817 1.737992 -0.083899 0.228110 -1.021072 136.949997
0.189410 6.271024 1.737948 0.040636 -0.114432 -1.189840 137.125000
0.311785 6.107724 1.737948 0.069671 -0.158369 -1.414990 137.339996
0.441170 5.953423 1.737948 0.053311 -0.038939 -1.860052 137.764999
0.258393 5.863916 1.710802 -0.018794 0.199294 -3.129535 139.300003
0.053404 5.853645 1.685289 0.073082 0.085847 3.136832 139.455002
-0.177581 5.859406 1.655607 0.054642 0.037470 3.121703 139.615005
-0.378029 5.874961 1.644074 -0.015827 0.023028 -3.125373 139.750000
-0.581677 5.892255 1.619173 0.014218 0.143447 -3.134762 139.884995
-0.787916 5.909635 1.599998 -0.008301 0.156154 3.141577 140.009995
-1.015167 5.925678 1.574916 -0.029342 0.097861 3.136284 140.134995
-1.225551 5.936275 1.542205 -0.034692 0.059787 3.132680 140.244995
-1.430974 5.942702 1.510012 -0.030105 0.040437 3.129944 140.350006
-1.628733 5.945953 1.479087 -0.019435 0.030501 3.127848 140.449997
-1.827537 5.947413 1.448232 -0.008796 0.025593 3.126130 140.550003
-2.026862 5.948157 1.425537 0.002057 0.022797 3.124744 140.649994
-2.236338 5.949244 1.427808 0.009727 0.020816 3.123558 140.755005
-2.435858 5.951296 1.455552 0.013074 0.021708 3.122656 140.854996
-2.645453 5.954840 1.455807 -0.003771 0.021273 3.131925 140.960007
-2.854916 5.955934 1.458160 -0.057047 0.019274 -3.050569 141.065002
-3.063499 5.949467 1.473278 -0.035714 0.024054 -2.992050 141.169998
-3.291606 5.936538 1.485045 -0.040411 0.027416 -2.993648 141.285004
-3.519807 5.917850 1.486435 -0.053804 0.025548 -2.994920 141.399994
-3.737769 5.893233 1.487541 -0.051380 0.022851 -2.995872 141.509995
-3.984768 5.857732 1.488594 -0.034123 0.021439 -2.996721 141.634995
-4.200332 5.822266 1.488894 0.005294 -0.119198 -3.070256 141.744995
-4.398065 5.788368 1.488894 0.046944 -0.317106 3.097740 141.854996
-4.595129 5.751576 1.488894 0.082629 -0.270466 2.951134 141.994995
-4.790631 5.708148 1.488894 0.092149 -0.150365 2.731226 142.205002
-4.993709 5.695144 1.488894 0.197373 0.303088 2.542786 142.589996
-5.141161 5.833383 1.488894 0.070139 0.189666 2.353261 142.794998
-5.275190 5.984591 1.488894 -0.038621 0.068929 2.214722 142.945007
-5.415267 6.130850 1.495302 -0.067559 0.019508 2.171551 143.085007
-5.571787 6.277913 1.532707 0.002490 0.018924 2.117385 143.229996
-5.718105 6.416800 1.566172 0.056887 0.027616 2.059753 143.365005
-5.861534 6.569469 1.599907 0.080267 0.035796 2.008326 143.505005
-5.988677 6.727351 1.632918 0.081262 0.033062 2.019353 143.639999
-6.112555 6.908119 1.667705 0.086094 0.020850 2.028193 143.785004
-6.215088 7.085333 1.700856 0.066903 0.014476 2.034381 143.919998
-6.307506 7.268384 1.733390 0.047125 0.173646 2.038864 144.050003
-6.392968 7.450786 1.765096 0.015337 0.125070 2.041913 144.164993
-6.479487 7.637773 1.797130 -0.008718 0.078798 2.044243 144.274994
-6.575030 7.839525 1.797869 -0.025079 0.046956 2.046147 144.389999
-6.685029 8.060825 1.797175 -0.001777 0.028452 2.034591 144.514999
-6.789173 8.264983 1.796647 -0.011555 0.023036 2.016055 144.630005
-6.894356 8.469346 1.796206 0.034408 -0.005546 1.976326 144.744995
-6.988298 8.655369 1.795866 -0.049881 0.016523 2.024528 144.850006
-7.096544 8.856202 1.795552 -0.084355 0.023178 2.147142 144.964996
-7.225503 9.068433 1.795269 -0.081509 0.024842 2.264291 145.089996
-7.342443 9.241184 1.795067 -0.082981 0.026381 2.349419 145.195007
-7.467231 9.408067 1.794897 -0.102138 0.031095 2.432790 145.300003
-7.614237 9.582079 1.794740 -0.078046 0.035200 2.493208 145.414993
-7.783812 9.763484 1.794599 -0.051337 0.031414 2.476029 145.539993
-7.931479 9.911600 1.794499 -0.061997 -0.016750 2.464628 145.645004
-8.080322 10.052047 1.794415 -0.059798 -0.081743 2.455510 145.750000
-8.232527 10.185542 1.794340 -0.133366 -0.110038 2.597987 145.860001
-8.394580 10.308194 1.794272 -0.143507 -0.051608 2.771082 145.979996
-8.576348 10.419778 1.794209 -0.137437 0.001329 2.933931 146.115005
-8.761381 10.508612 1.794157 -0.084922 0.022264 2.995613 146.250000
-8.958076 10.583882 1.794115 -0.093703 0.030352 3.056005 146.389999
-9.152737 10.639766 1.794082 -0.099006 0.031762 3.118196 146.524994
-9.351459 10.678238 1.794055 -0.087196 0.029616 -3.107118 146.660004
-9.552861 10.700223 1.794033 -0.086026 0.027125 -3.042875 146.794998
-9.778098 10.706288 1.819984 -0.076835 0.025490 -2.970543 146.945007
-9.981025 10.697282 1.834261 -0.026517 0.020745 -2.950093 147.080002
-10.218278 10.678933 1.832337 -0.006663 0.171777 -2.968442 147.235001
-10.422139 10.659290 1.831126 -0.015593 0.141943 -2.979195 147.354996
-10.623898 10.636608 1.830200 -0.018319 0.090105 -2.986893 147.464996
-10.824022 10.611523 1.829454 -0.013505 0.056986 -2.992751 147.570007
-11.027941 10.584152 1.828928 -0.006686 0.002203 -2.975739 147.675003
-11.236298 10.555110 1.828928 -0.019076 -0.217797 -2.975739 147.785004
-11.437573 10.524850 1.828928 0.013314 -0.312635 -3.106637 147.910004
-11.638682 10.489112 1.828928 0.053999 -0.217314 2.993291 148.085007
-11.837790 10.465685 1.828928 0.117397 0.226399 2.967603 148.339996
-12.036661 10.504029 1.828928 0.063118 0.313763 2.975866 148.524994
-12.232499 10.554722 1.828928 0.007762 0.207252 2.980039 148.654999
-12.432111 10.604821 1.828928 -0.041892 0.115382 2.982854 148.770004
-12.635917 10.648953 1.828928 -0.134780 0.068033 3.055331 148.880005
-12.856627 10.679840 1.828928 -0.141271 0.050370 -3.125823 148.994995
-13.091013 10.692641 1.828928 -0.079094 0.042070 -3.054762 149.115005
-13.327629 10.693551 1.828928 -0.025119 0.033978 -3.065108 149.235001
-13.536038 10.690786 1.828928 -0.023307 0.027985 -3.072271 149.339996
-13.745121 10.685307 1.828928 -0.022037 0.024878 -3.078007 149.445007
-13.954500 10.677343 1.828928 -0.016916 0.021907 -3.082577 149.550003
-14.163729 10.669995 1.828928 0.078439 -0.002312 3.081968 149.654999
-14.369230 10.669617 1.828928 -0.005537 -0.096487 3.122694 149.759995
-14.605640 10.666131 1.828928 -0.148679 -0.107173 -2.835775 149.889999
-14.816646 10.645547 1.859679 -0.155604 -0.018639 -2.648027 150.020004
-15.017179 10.601387 1.887335 -0.160905 0.033689 -2.494584 150.154999
-15.209279 10.527246 1.886628 -0.159645 0.056336 -2.344917 150.294998
-15.391003 10.420134 1.886036 -0.150104 0.059942 -2.200304 150.440002
-15.563962 10.275345 1.849885 -0.137613 0.057045 -2.046557 150.595001
-15.699646 10.122383 1.844740 -0.122631 0.053718 -1.916332 150.735001
-15.815448 9.952991 1.830057 -0.121510 0.050126 -1.781693 150.875000
-15.907010 9.777501 1.797563 -0.122800 0.049941 -1.655444 151.009995
-15.979320 9.585811 1.778416 -0.122786 0.052916 -1.525424 151.149994
-16.028114 9.386895 1.771095 -0.082630 0.049520 -1.458403 151.289993
-16.058165 9.182684 1.770248 -0.126554 0.045921 -1.361548 151.429993
-16.063536 8.976877 1.769565 -0.117128 0.047624 -1.237617 151.570007
-16.042170 8.765179 1.756358 -0.098596 0.047403 -1.145337 151.714996
-15.999567 8.562796 1.755330 -0.098795 0.042367 -1.085856 151.854996
-15.929300 8.342909 1.754428 -0.053784 0.031606 -1.055245 152.009995
-15.855044 8.153811 1.753800 -0.034909 0.021483 -1.074772 152.145004
-15.773736 7.966081 1.753289 -0.027741 0.015566 -1.089537 152.279999
-15.687251 7.779863 1.752875 -0.016935 0.011614 -1.100616 152.414993
-15.597744 7.594700 1.752538 0.025045 0.009188 -1.141016 152.550003
-15.508451 7.407225 1.752266 0.008438 0.151531 -1.151660 152.684998
-15.423146 7.224240 1.752067 0.017200 0.150201 -1.155749 152.804993
-15.339151 7.041066 1.751915 -0.048043 0.092683 -1.096148 152.914993
-15.233028 6.826138 1.751770 -0.062771 0.053543 -0.986061 153.039993
-15.134540 6.645954 1.751669 -0.072373 0.039384 -0.896071 153.145004
-15.027699 6.468960 1.751583 -0.083685 0.035568 -0.815828 153.250000
-14.911956 6.297114 1.751510 -0.109604 0.038235 -0.737667 153.354996
-14.779468 6.125228 1.751444 -0.129640 0.042334 -0.657657 153.464996
-14.641212 5.971174 1.751393 -0.148358 0.046314 -0.583151 153.570007
-14.491421 5.828244 1.751348 -0.085845 0.034817 -0.562853 153.675003
-14.327407 5.687099 1.751308 -0.073871 0.011838 -0.576187 153.785004
-14.166341 5.559233 1.751276 -0.066415 0.036906 -0.586468 153.889999
-13.999510 5.436035 1.751249 -0.054200 0.031695 -0.594727 153.994995
-13.803463 5.299422 1.751223 -0.027058 0.023881 -0.602110 154.115005
-13.604493 5.164836 1.751202 -0.002502 0.019402 -0.607897 154.235001
-13.438259 5.052442 1.751187 0.012584 0.017178 -0.611728 154.335007
-13.264488 4.932932 1.751174 0.021012 0.016678 -0.614956 154.440002
-13.100234 4.817150 1.751163 0.021603 0.012223 -0.617426 154.539993
-12.938050 4.700067 1.751153 0.015563 -0.037544 -0.619454 154.639999
-12.773666 4.579193 1.751145 0.007133 -0.049835 -0.621158 154.744995
-12.607606 4.453109 1.751137 0.084950 0.048814 -0.719023 154.854996
-12.452553 4.323878 1.751131 0.083627 0.051152 -0.816151 154.960007
-12.301584 4.185387 1.751126 0.081016 0.042507 -0.904786 155.065002
-12.134834 4.017840 1.751121 0.016725 0.032814 -0.938608 155.184998
-11.991348 3.866647 1.751118 0.083566 0.031444 -0.991251 155.289993
-11.852088 3.710484 1.751115 0.035364 0.027033 -0.980174 155.395004
-11.722034 3.558530 1.751113 0.045283 0.023999 -0.971495 155.494995
-11.595250 3.403430 1.751110 0.053781 -0.003687 -0.964544 155.595001
-11.444847 3.208509 1.751107 0.046022 -0.081553 -0.957590 155.720001
-11.316426 3.032847 1.757465 -0.000646 0.040451 -0.933183 155.835007
-11.197673 2.871590 1.791379 -0.064559 0.054310 -0.832503 155.940002
-11.070862 2.712086 1.790083 -0.079886 0.045197 -0.739629 156.044998
-10.935440 2.556983 1.788928 -0.062437 0.039273 -0.671906 156.149994
-10.793674 2.405396 1.787946 -0.023283 0.033885 -0.684135 156.255005
-10.646701 2.257057 1.787117 -0.070285 0.029917 -0.628892 156.360001
-10.493636 2.114101 1.786403 -0.051450 0.026534 -0.638064 156.464996
-10.343675 1.981574 1.785827 -0.054797 0.022718 -0.645076 156.565002
-10.183117 1.847174 1.785311 -0.048838 -0.039629 -0.651004 156.669998
-10.002227 1.703095 1.784817 -0.030836 -0.021118 -0.656349 156.789993
-9.827581 1.565933 1.802749 0.075675 -0.101953 -0.826082 156.910004
-9.664673 1.426271 1.810137 0.109160 -0.061904 -0.981497 157.035004
-9.522214 1.285578 1.810760 0.121991 -0.011847 -1.081735 157.160004
-9.388952 1.126795 1.811309 0.106946 0.018881 -1.186336 157.294998
-9.270071 0.952297 1.811770 0.104873 0.030176 -1.249657 157.434998
-9.172458 0.774398 1.812129 0.099773 0.030363 -1.310519 157.570007
-9.085684 0.574355 1.812440 0.089701 0.027382 -1.377877 157.714996
-9.020563 0.381775 1.812672 0.079008 0.024250 -1.441296 157.850006
-8.967386 0.177579 1.812867 0.070979 0.022846 -1.508100 157.990005
-8.928864 -0.022302 1.813018 0.066893 0.022326 -1.573073 158.125000
-8.900223 -0.247713 1.813154 0.073253 0.147130 -1.644132 158.274994
-8.890138 -0.452996 1.813245 0.074130 0.161805 -1.711643 158.399994
-8.893126 -0.659923 1.813315 0.003367 0.104351 -1.736325 158.514999
-8.900321 -0.877759 1.813373 0.002036 0.066199 -1.721090 158.630005
-8.910799 -1.101410 1.813421 0.063774 0.046383 -1.756865 158.744995
-8.929533 -1.306983 1.813458 0.129284 0.040543 -1.849833 158.850006
-8.966602 -1.530187 1.834362 0.135665 0.041464 -1.941455 158.964996
-9.027327 -1.768555 1.864059 0.076317 0.039217 -2.001488 159.089996
-9.090635 -1.966096 1.862353 0.091138 0.037357 -2.051352 159.195007
-9.162739 -2.161534 1.860914 0.029845 0.029893 -2.037821 159.300003
-9.239238 -2.356339 1.866087 0.059105 0.026732 -2.044470 159.404999
-9.318520 -2.539585 1.896928 0.112650 0.006477 -2.132160 159.505005
-9.409683 -2.722061 1.928815 0.101798 -0.126559 -2.237958 159.610001
-9.519339 -2.915638 1.963996 0.123343 -0.083932 -2.339780 159.735001
-9.633052 -3.085591 1.996181 0.112653 -0.025522 -2.442731 159.860001
-9.759758 -3.243843 2.028187 0.104064 0.006681 -2.506551 159.990005
-9.913294 -3.403307 2.062881 0.095929 0.019568 -2.575631 160.134995
-10.067688 -3.537591 2.095100 0.087384 0.022466 -2.639126 160.270004
-10.244111 -3.668097 2.120244 0.093715 0.020614 -2.720528 160.414993
-10.416859 -3.776250 2.118476 0.071159 0.022028 -2.798991 160.550003
-10.596232 -3.872819 2.117053 0.069386 0.022536 -2.859430 160.684998
-10.802084 -3.967020 2.115773 0.066660 0.022516 -2.926046 160.835007
-10.991879 -4.042121 2.114850 0.027382 0.019107 -2.908522 160.970001
-11.184319 -4.112518 2.114103 0.033246 0.016064 -2.895240 161.104996
-11.379045 -4.177710 2.113497 0.032147 0.013535 -2.885204 161.240005
-11.575591 -4.237868 2.113004 0.024301 0.011429 -2.877620 161.375000
-11.771029 -4.293622 2.112620 0.013617 0.168660 -2.872126 161.505005
-11.971438 -4.348876 2.112327 0.003460 0.132986 -2.868177 161.625000
-12.169114 -4.403363 2.112102 -0.003710 0.081671 -2.865346 161.735001
-12.365000 -4.456034 2.111921 0.084421 0.049165 -2.961915 161.839996
-12.565677 -4.501135 2.111767 0.099176 0.038034 -3.062559 161.945007
-12.769303 -4.535771 2.111636 0.105392 0.036774 3.130501 162.050003
-12.974698 -4.558792 2.111523 0.116590 0.038627 3.043432 162.154999
-13.191108 -4.571993 2.111425 0.044562 0.036820 3.054822 162.264999
-13.398998 -4.578803 2.111346 0.053993 0.032137 3.063485 162.369995
-13.607742 -4.579544 2.111279 0.058694 0.028160 3.070508 162.475006
-13.836826 -4.573069 2.111216 0.046941 0.023527 3.076538 162.589996
-14.075013 -4.559837 2.111162 0.025214 -0.040203 3.081501 162.710007
-14.306027 -4.543398 2.111116 -0.031578 -0.033636 -3.140465 162.830002
-14.507965 -4.533506 2.111082 -0.133099 -0.105151 -2.928548 162.940002
-14.733878 -4.539858 2.105356 -0.132629 -0.036571 -2.808295 163.074997
-14.931755 -4.571510 2.103094 -0.282005 0.020142 -2.454154 163.205002
-15.117398 -4.645289 2.061495 -0.165158 0.075577 -2.280780 163.345001
-15.290375 -4.755907 2.025383 -0.143055 0.075696 -2.143196 163.490005
-15.440421 -4.889725 1.992155 -0.132705 0.065430 -2.015957 163.630005
-15.576103 -5.050653 1.991452 -0.128627 0.057351 -1.876633 163.774994
-15.697285 -5.249171 1.991958 -0.152679 0.057554 -1.658110 163.934998
-15.783012 -5.456778 1.992343 -0.089542 0.054377 -1.574701 164.089996
-15.844459 -5.667772 1.992637 -0.103424 0.049875 -1.493924 164.240005
-15.883753 -5.871177 1.992858 -0.071403 0.039864 -1.498296 164.380005
-15.915111 -6.093950 1.993044 0.030877 0.017249 -1.682504 164.529999
-15.943380 -6.295938 1.993180 -0.036937 0.012322 -1.728132 164.664993
-15.969177 -6.502158 1.993215 0.036372 -0.189408 -1.892304 164.804993
-15.993576 -6.703046 1.993215 0.067369 -0.218689 -2.070328 164.975006
-16.010277 -6.903628 1.993215 0.072313 -0.096612 -2.363539 165.255005
-16.011250 -7.103653 1.993215 0.006985 -0.009134 -2.180282 166.279999
-16.047464 -7.318531 1.993215 0.003625 0.247627 -1.699827 167.089996
-16.076550 -7.516438 1.993215 0.026210 0.106266 -1.621193 167.250000
-16.113401 -7.739734 2.005505 0.000499 0.045941 -1.545708 167.410004
-16.145748 -7.943083 2.017294 -0.039819 0.033293 -1.478291 167.550003
-16.171062 -8.164837 2.057029 -0.075966 0.032928 -1.407207 167.699997
-16.179735 -8.366264 2.091657 -0.052459 0.031535 -1.389412 167.835007
-16.177193 -8.569222 2.125313 -0.080516 0.025424 -1.383363 167.970001
-16.157429 -8.786605 2.153892 -0.137618 0.026195 -1.251274 168.115005
-16.115044 -8.984072 2.157244 -0.095971 0.028914 -1.116571 168.250000
-16.054749 -9.176794 2.180375 -0.057804 0.025804 -1.058905 168.384995
-15.984651 -9.367313 2.179000 -0.040515 0.021837 -1.045668 168.520004
-15.903828 -9.562702 2.209441 -0.024262 0.017738 -1.017190 168.660004
-15.808261 -9.774302 2.225798 -0.040672 -0.163268 -0.932469 168.815002
-15.723617 -9.959225 2.225798 -0.071172 -0.223929 -0.759682 168.979996
-15.646055 -10.143911 2.225798 -0.076723 -0.108246 -0.487411 169.240005
-15.583491 -10.335238 2.225798 -0.023479 -0.000260 0.303223 169.994995
-15.570643 -10.130530 2.211462 0.058974 0.318269 1.518434 171.705002
-15.553823 -9.928296 2.181050 -0.021713 0.229078 1.470195 171.845001
-15.532753 -9.715924 2.164768 -0.014038 -0.013822 1.414078 171.970001
-15.513875 -9.504803 2.130244 -0.043901 -0.050012 1.520146 172.095001
-15.500290 -9.302777 2.087847 0.007438 -0.029484 1.547893 172.220001
-15.485347 -9.099575 2.053241 -0.009856 -0.011063 1.623337 172.350006
-15.469889 -8.877491 2.026304 0.044834 -0.002565 1.636799 172.494995
-15.451550 -8.672806 1.998703 -0.000317 0.010635 1.603912 172.630005
-15.431941 -8.453255 1.963961 -0.056169 0.014729 1.614718 172.774994
-15.423798 -8.248920 1.950275 -0.100157 0.018501 1.722565 172.910004
-15.431254 -8.045520 1.942199 -0.031908 0.019595 1.738012 173.044998
-15.447951 -7.826479 1.943805 -0.039149 0.174078 1.756114 173.184998
-15.469995 -7.626684 1.944892 -0.002125 0.125516 1.740764 173.300003
-15.494104 -7.422729 1.945756 0.003229 0.077264 1.729328 173.410004
-15.518122 -7.221502 1.946461 0.004973 0.051502 1.720506 173.514999
-15.544728 -6.997124 1.947114 0.006026 0.035327 1.712775 173.630005
-15.570693 -6.780574 1.947639 -0.077550 0.028888 1.775474 173.740005
-15.600039 -6.573949 1.948067 0.083896 0.018884 1.658404 173.845001
-15.622493 -6.357014 1.948445 0.113335 0.026119 1.534690 173.955002
-15.631162 -6.149663 1.948749 0.103329 0.031129 1.443681 174.059998
-15.631047 -5.942096 1.949008 0.010235 0.030137 1.460927 174.164993
-15.628613 -5.703855 1.949253 0.007246 0.026931 1.476330 174.285004
-15.624512 -5.454799 1.949468 0.014609 0.024055 1.488947 174.410004
-15.618256 -5.215305 1.949638 0.016827 0.021927 1.498295 174.529999
-15.610358 -4.996623 1.949768 0.014123 -0.034038 1.505053 174.639999
-15.601564 -4.794285 1.949873 0.009434 -0.093351 1.510197 174.744995
-15.591781 -4.590581 1.949967 0.001690 0.055608 1.514517 174.854996
-15.581550 -4.383626 1.950045 -0.003828 0.066028 1.517923 174.964996
-15.571375 -4.171321 1.950112 -0.006684 0.049958 1.520649 175.074997
-15.561539 -3.935732 1.950173 -0.076677 0.032190 1.586496 175.195007
-15.559026 -3.728032 1.950217 -0.018101 0.029515 1.604983 175.300003
-15.560741 -3.519560 1.950255 -0.017984 0.026464 1.637254 175.404999
-15.565831 -3.270722 1.950292 -0.033584 0.024213 1.647607 175.529999
-15.575016 -3.052290 1.950320 -0.083611 -0.019111 1.743679 175.639999
-15.592197 -2.849661 1.950343 -0.093093 -0.006178 1.830096 175.744995
-15.616924 -2.641649 1.950362 0.054186 0.049276 1.721123 175.854996
-15.636965 -2.439659 1.950378 0.013155 0.046185 1.646258 175.960007
-15.655847 -2.234709 1.950392 -0.034775 0.036620 1.649105 176.065002
-15.678329 -2.028238 1.950403 -0.024530 0.028728 1.651366 176.169998
-15.703571 -1.821025 1.950413 -0.005171 0.025430 1.653208 176.274994
-15.734318 -1.573686 1.950422 0.015938 0.022943 1.654904 176.399994
-15.758616 -1.365448 1.950430 0.024249 0.021268 1.656045 176.505005
-15.780521 -1.156976 1.950435 0.024505 -0.002384 1.656955 176.610001
-15.802301 -0.922400 1.950441 0.017513 -0.071862 1.657778 176.729996
-15.820246 -0.711800 1.950442 0.013586 -0.269246 1.558416 176.845001
-15.839319 -0.510803 1.950442 0.049717 -0.290501 1.417043 176.979996
-15.866549 -0.296945 1.950442 0.076252 -0.164371 1.191894 177.195007
-15.903880 -0.100222 1.950442 0.057873 -0.042606 0.773014 177.595001
-15.702156 -0.138964 1.950442 -0.014240 0.315967 -0.621448 179.470001
-15.530501 -0.255966 1.950442 -0.018117 0.204171 -0.612031 179.604996
-15.345294 -0.382138 1.950442 0.029047 0.110218 -0.651841 179.729996
-15.174767 -0.504322 1.950442 0.061094 0.062782 -0.738195 179.839996
-15.012681 -0.629941 1.950442 0.070612 0.042167 -0.825181 179.945007
-14.854491 -0.763360 1.950442 0.086590 0.035449 -0.908167 180.050003
-14.693544 -0.910129 1.950442 0.035118 0.031497 -0.906869 180.160004
-14.543514 -1.055474 1.950442 0.060128 0.030475 -0.950438 180.264999
-14.397993 -1.206198 1.950442 0.036322 0.026987 -0.933722 180.369995
-14.241659 -1.375366 1.950442 0.040177 0.022195 -0.919328 180.485001
-14.090640 -1.549730 1.950442 0.121138 0.018673 -0.999897 180.600006
-13.962371 -1.714955 1.950442 0.041114 -0.034757 -1.004426 180.705002
-13.829416 -1.893870 1.950442 -0.034017 -0.067593 -0.929213 180.820007
-13.700864 -2.061584 1.950442 -0.078644 -0.111440 -0.780245 180.934998
-13.570017 -2.216843 1.950442 -0.111492 -0.057874 -0.607461 181.054993
-13.426769 -2.365567 1.950442 -0.081755 -0.009365 -0.546654 181.184998
-13.278792 -2.500600 1.950442 -0.087290 0.012548 -0.486489 181.315002
-13.123466 -2.623001 1.983367 -0.088112 0.020494 -0.428185 181.445007
-12.953793 -2.736730 2.017746 -0.063379 0.022311 -0.380521 181.580002
-12.757895 -2.851933 2.053933 -0.036089 0.017505 -0.400113 181.729996
-12.584148 -2.946109 2.095838 -0.095803 0.015443 -0.355772 181.860001
-12.405096 -3.028225 2.140994 -0.092072 0.018382 -0.248056 181.990005
-12.199545 -3.101721 2.175807 -0.107661 0.024359 -0.068122 182.134995
-12.004086 -3.150519 2.178626 -0.100474 0.030918 0.076386 182.270004
-11.791738 -3.182470 2.176666 -0.098188 0.037253 0.216202 182.414993
-11.586067 -3.192153 2.175143 -0.113210 0.045487 0.354943 182.554993
-11.381450 -3.179085 2.173928 -0.116057 0.051170 0.455550 182.695007
-11.171937 -3.142151 2.172908 -0.024601 0.039307 0.441676 182.839996
-10.975131 -3.099791 2.172143 0.011210 0.024388 0.291742 182.975006
-10.775708 -3.057701 2.171525 0.000677 0.014372 0.179896 183.110001
-10.575612 -3.015635 2.171022 0.011504 0.011359 0.088999 183.244995
-10.360861 -2.970792 2.170688 0.031444 -0.057251 0.025396 183.389999
-10.159556 -2.930307 2.170688 0.066632 -0.245830 -0.131684 183.539993
-9.961781 -2.886057 2.170688 0.082762 -0.150907 -0.356831 183.755005
-9.762318 -2.855446 2.170688 0.114653 0.285766 -0.560794 184.160004
-9.587591 -2.968856 2.170688 0.058395 0.314869 -0.552930 184.389999
-9.423026 -3.094487 2.170688 0.004810 0.226690 -0.549656 184.529999
-9.260793 -3.215359 2.170688 -0.040955 0.129901 -0.547613 184.645004
-9.090797 -3.334408 2.170688 -0.061250 0.077139 -0.546055 184.755005
-8.919254 -3.445924 2.170688 -0.107898 0.043628 -0.515534 184.860001
-8.739872 -3.549781 2.170688 -0.071621 0.031807 -0.465180 184.964996
-8.528879 -3.661186 2.170688 -0.026816 0.025065 -0.468696 185.085007
-8.315183 -3.770041 2.170688 -0.010888 0.021091 -0.471470 185.205002
-8.136235 -3.860212 2.170688 -0.002170 0.019610 -0.473309 185.304993
-7.957122 -3.950647 2.170688 0.003569 0.017911 -0.474794 185.404999
-7.778206 -4.041770 2.170688 0.006258 0.017671 -0.476005 185.505005
-7.572917 -4.147648 2.170688 0.005820 0.016525 -0.477119 185.619995
-7.368491 -4.254414 2.170688 0.003055 0.006100 -0.477994 185.735001
-7.174108 -4.356803 2.170688 -0.000559 0.019377 -0.478653 185.845001
-6.990511 -4.451657 2.170688 -0.049746 -0.133762 -0.367332 185.949997
-6.810078 -4.539940 2.197694 -0.052437 -0.112350 -0.366539 186.059998
-6.625528 -4.622623 2.195771 -0.066075 -0.057900 -0.319672 186.179993
-6.432386 -4.697789 2.194054 -0.020044 -0.019371 -0.332915 186.309998
-6.242218 -4.765406 2.192640 -0.039312 -0.003429 -0.338659 186.440002
-6.030993 -4.835270 2.191375 0.022739 0.005304 -0.411317 186.585007
-5.836581 -4.902818 2.190421 -0.005079 0.008805 -0.441977 186.720001
-5.649905 -4.968389 2.155694 -0.004611 0.009788 -0.428866 186.850006
-5.436797 -5.043563 2.114908 0.003886 0.168353 -0.418007 186.994995
-5.216216 -5.125006 2.101208 0.017501 0.125062 -0.410354 187.130005
-5.023583 -5.199193 2.094130 -0.037883 0.074872 -0.348457 187.240005
-4.833181 -5.271329 2.091261 -0.032516 0.047406 -0.317377 187.345001
-4.638841 -5.341737 2.084287 -0.014477 0.033594 -0.264562 187.449997
-4.422765 -5.414053 2.085492 -0.083634 0.029333 -0.165941 187.565002
-4.194041 -5.479478 2.086611 -0.032794 0.028579 -0.128390 187.684998
-3.994484 -5.531424 2.086782 -0.055308 -0.141403 -0.041340 187.789993
-3.797488 -5.580637 2.086782 -0.087457 -0.310469 0.079087 187.904999
-3.602533 -5.632077 2.086782 -0.106420 -0.242214 0.236167 188.054993
-3.409004 -5.690836 2.086782 -0.098350 -0.113446 0.482259 188.289993
-3.220914 -5.761345 2.086782 -0.044139 -0.009002 1.042508 188.824997
-3.412680 -5.674703 2.086782 -0.009826 0.114725 2.802043 190.544998
-3.596767 -5.584940 2.101830 -0.059883 0.014897 2.770741 190.710007
-3.787110 -5.506297 2.101964 -0.024283 -0.036493 2.637457 190.875000
-3.975618 -5.436988 2.107614 0.023484 -0.073990 2.511983 191.044998
-4.162415 -5.364801 2.120811 -0.002608 0.152346 2.440932 191.225006
-4.347718 -5.276069 2.120211 0.060706 0.108694 2.385126 191.384995
-4.528947 -5.166923 2.119765 0.088657 0.066915 2.318249 191.535004
-4.705100 -5.035139 2.119414 0.091381 0.041659 2.258330 191.684998
-4.854391 -4.900281 2.119159 0.096320 0.033134 2.181345 191.820007
-4.997078 -4.746153 2.118946 0.085995 0.027668 2.109535 191.960007
-5.123546 -4.586745 2.118781 0.060181 0.032396 2.071128 192.095001
-5.249090 -4.404510 2.118643 0.043453 0.174421 2.016537 192.235001
-5.356261 -4.232580 2.118547 -0.009463 0.118798 2.031609 192.350006
-5.470256 -4.048801 2.118469 0.003946 0.073652 2.043646 192.464996
-5.577148 -3.874804 2.118408 0.018716 0.047121 2.052364 192.570007
-5.684054 -3.696888 2.118357 0.025384 0.033547 2.059412 192.675003
-5.800092 -3.503148 2.118311 -0.080984 -0.129455 2.259938 192.789993
-5.918660 -3.321751 2.118270 -0.132926 -0.095144 2.458745 192.910004
-6.053689 -3.146823 2.118232 -0.158390 -0.018213 2.632467 193.044998
-6.198889 -2.999612 2.118201 -0.166065 0.032209 2.779884 193.179993
-6.377286 -2.867201 2.118173 -0.160060 0.053269 2.930985 193.330002
-6.579376 -2.764484 2.118151 -0.141087 0.055706 3.082125 193.485001
-6.773248 -2.700518 2.118134 -0.133761 0.056473 -3.064183 193.625000
-6.988393 -2.662010 2.118120 -0.134024 0.056375 -2.914823 193.774994
-7.192089 -2.654369 2.118110 -0.121143 0.054956 -2.784963 193.914993
-7.409750 -2.674944 2.118103 -0.120937 0.053592 -2.645978 194.065002
-7.608829 -2.720370 2.118096 -0.122388 0.054277 -2.513971 194.205002
-7.800743 -2.790562 2.146939 -0.092900 0.052088 -2.415571 194.345001
-7.986068 -2.880893 2.181493 -0.079444 0.043237 -2.377940 194.485001
-8.158849 -2.983485 2.214212 -0.058124 0.035118 -2.353400 194.619995
-8.332899 -3.102036 2.245709 -0.047931 0.025138 -2.372523 194.759995
-8.496467 -3.225158 2.243794 -0.048967 0.017305 -2.386213 194.895004
-8.656036 -3.354758 2.242201 -0.034053 0.010968 -2.431218 195.029999
-8.823725 -3.499007 2.235415 -0.022842 0.009742 -2.433597 195.175003
-8.971789 -3.631716 2.199827 -0.007629 0.089318 -2.435184 195.304993
-9.120668 -3.771046 2.165352 -0.078544 0.110375 -2.322342 195.429993
-9.259366 -3.912843 2.132381 -0.058553 -0.052242 -2.202136 195.544998
-9.393676 -4.059739 2.099716 -0.049134 -0.044617 -2.098258 195.664993
-9.527510 -4.216404 2.066453 -0.066007 -0.010748 -2.028111 195.794998
-9.649809 -4.375109 2.035058 -0.085893 0.011705 -1.961803 195.925003
-9.762778 -4.546176 2.008868 -0.099469 0.023538 -1.895514 196.059998
-9.864171 -4.739055 1.990976 -0.200027 0.030411 -1.680669 196.205002
-9.928299 -4.933331 1.982875 -0.107776 0.048412 -1.510944 196.345001
-9.974559 -5.148202 1.981335 -0.038022 0.041292 -1.534890 196.494995
-10.007421 -5.346945 1.982047 -0.096040 0.034094 -1.509973 196.630005
-10.025050 -5.562856 1.982424 -0.069107 -0.088654 -1.403459 196.774994
-10.032413 -5.776245 1.982424 -0.073822 -0.232714 -1.230666 196.940002
-10.044288 -5.976542 1.982424 -0.080671 -0.122991 -0.979331 197.179993
-10.071404 -6.174902 1.982424 -0.036916 -0.009545 -0.361465 197.770004
-10.048842 -6.374032 1.982424 0.005754 0.304539 -1.256414 200.774994
-9.985588 -6.577132 1.982424 -0.009242 0.137016 -1.331661 200.960007
-9.925594 -6.768759 1.982424 0.000742 0.061604 -1.401172 201.104996
-9.866149 -6.964496 1.982424 0.026422 0.034613 -1.473057 201.244995
-9.812184 -7.158247 1.982424 0.011037 0.026105 -1.478603 201.380005
-9.755117 -7.376989 1.982424 0.031482 0.021509 -1.462199 201.529999
-9.709019 -7.577105 1.982424 0.038495 0.128056 -1.451211 201.664993
-9.670655 -7.779075 1.982424 0.087452 0.157374 -1.472401 201.789993
-9.644383 -7.984688 1.982424 0.061950 0.104871 -1.530500 201.904999
-9.626995 -8.192524 1.982424 0.025602 0.067189 -1.526711 202.014999
-9.610016 -8.445506 1.982424 0.016615 0.041823 -1.523228 202.145004
-9.598116 -8.652769 2.001368 0.011538 0.031814 -1.521025 202.250000
-9.587248 -8.861292 2.002046 0.005774 0.025168 -1.519271 202.354996
-9.576827 -9.070400 2.022139 0.000688 0.022126 -1.517847 202.460007
-9.566324 -9.279735 2.026993 -0.003571 0.021284 -1.516718 202.565994
-9.555867 -9.479093 2.043842 -0.005158 0.001517 -1.515836 202.664993
-9.542787 -9.713859 2.044642 0.004237 -0.154613 -1.578226 202.785004
-9.529936 -9.922375 2.044642 0.041754 -0.316465 -1.703893 202.904999
-9.513570 -10.124340 2.044642 0.074096 -0.247897 -1.866214 203.059998
-9.488479 -10.330015 2.044642 0.080976 -0.114353 -2.133258 203.315002
-9.447760 -10.527111 2.044642 0.030819 -0.004035 -2.824405 203.975006
-9.490507 -10.327645 2.044642 -0.012139 0.209914 1.786126 206.065002
-9.542373 -10.130774 2.041053 -0.039694 0.089470 1.771170 206.220001
-9.601518 -9.930134 2.006360 -0.019217 0.041197 1.783576 206.365005
-9.661547 -9.738030 1.973395 0.006325 0.024898 1.792221 206.500000
-9.723592 -9.535914 1.939178 0.021241 0.017809 1.798933 206.639999
-9.778464 -9.338438 1.906700 0.035953 0.084963 1.744161 206.774994
-9.825952 -9.142159 1.875432 0.010369 0.164786 1.753177 206.899994
-9.871280 -8.941863 1.860721 0.083386 0.104483 1.699236 207.014999
-9.909547 -8.724393 1.864059 0.099170 -0.083413 1.554672 207.134995
-9.934218 -8.518522 1.868359 0.036513 -0.070446 1.556078 207.255005
-9.951653 -8.316306 1.891070 0.083528 -0.028313 1.520007 207.380005
-9.958803 -8.113308 1.891976 0.034773 -0.004246 1.525085 207.509995
-9.959250 -7.905900 1.892742 0.023342 0.006081 1.536451 207.645004
-9.955656 -7.699759 1.893360 0.008545 0.008979 1.544976 207.779999
-9.950515 -7.494150 1.893867 -0.003175 0.010828 1.551477 207.914993
-9.947068 -7.288846 1.894278 -0.058737 0.009815 1.639539 208.050003
-9.951086 -7.059417 1.894629 -0.014525 0.170426 1.640341 208.195007
-9.960001 -6.819924 1.894895 -0.021926 0.112322 1.640737 208.330002
-9.971133 -6.612016 1.895073 -0.022958 0.068836 1.640985 208.440002
-9.986217 -6.388551 1.895230 -0.017900 0.043499 1.641191 208.554993
-10.004707 -6.152227 1.895365 -0.008714 0.030738 1.641358 208.675003
-10.020654 -5.934252 1.895470 0.079113 0.024995 1.546273 208.785004
-10.030197 -5.695869 1.924558 0.008182 0.024702 1.535502 208.904999
-10.035940 -5.497375 1.956049 0.099985 -0.075294 1.393092 209.005005
-10.033759 -5.291457 1.965958 0.196449 -0.111403 1.211556 209.115005
-10.011343 -5.091597 1.961369 0.240320 -0.026467 1.019600 209.235001
-9.953981 -4.893289 1.957110 0.185191 0.037279 0.905362 209.369995
-9.862509 -4.706721 1.953561 0.145519 0.042988 0.838598 209.509995
-9.749860 -4.540364 1.950787 0.112355 0.034478 0.775046 209.645004
-9.614700 -4.376568 1.950245 0.053984 -0.197161 0.641371 209.789993
-9.483537 -4.222258 1.950245 0.072034 -0.207007 0.458112 209.964996
-9.358684 -4.063387 1.950245 0.072109 -0.087933 0.149188 210.259995
-9.247492 -3.897100 1.950245 0.000890 -0.003969 0.725146 211.710007
-9.116606 -3.742401 1.950245 -0.008253 0.263030 0.902762 212.320007
-8.986347 -3.585167 1.950245 -0.004215 0.114212 0.965949 212.485001
-8.852201 -3.420550 1.950245 -0.012678 0.051363 1.023510 212.634995
-8.714103 -3.246642 1.950245 -0.029452 0.028492 1.065899 212.785004
-8.592595 -3.084086 1.950245 -0.061229 0.023441 1.137036 212.919998
-8.479616 -2.914592 1.950245 -0.075184 0.072179 1.201203 213.054993
-8.374280 -2.726492 1.950245 -0.087166 0.176863 1.274166 213.190002
-8.279064 -2.516078 1.950245 -0.085472 0.116680 1.352361 213.320007
-8.206175 -2.322374 1.950245 -0.069569 0.076613 1.408557 213.429993
-8.143003 -2.129576 1.950245 -0.032584 0.054945 1.412913 213.535004
-8.080524 -1.922683 1.950245 -0.047369 0.041332 1.402342 213.645004
-8.025469 -1.721845 1.950245 -0.059551 0.031721 1.394197 213.750000
-7.968491 -1.499962 1.950245 0.033120 0.019442 1.262127 213.865005
-7.912866 -1.298420 1.950245 0.055333 0.018440 1.158353 213.970001
-7.850866 -1.099539 1.950245 0.083823 0.024931 1.062743 214.074997
-7.774118 -0.885234 1.950245 0.040796 0.032868 1.059842 214.190002
-7.686747 -0.663258 1.950245 0.058325 0.030713 1.069253 214.309998
-7.590631 -0.443888 1.950245 0.066286 0.024977 1.076546 214.429993
-7.494436 -0.245967 1.950245 0.054841 0.020121 1.081808 214.539993
-7.397079 -0.060058 1.950245 0.030338 -0.021108 1.085835 214.645004
-7.298217 0.119860 1.950245 0.013941 -0.104580 1.078189 214.750000
-7.197480 0.304226 1.950245 -0.123170 -0.113619 1.298122 214.865005
-7.110139 0.492899 1.950245 -0.155759 -0.034766 1.476087 214.990005
-7.045783 0.684051 1.950245 -0.159466 0.016469 1.631655 215.119995
-7.007338 0.881879 1.950245 -0.151130 0.043660 1.772378 215.255005
-6.997197 1.087253 1.950245 -0.139416 0.052336 1.910201 215.395004
-7.014267 1.291710 1.950245 -0.078698 0.045584 1.966426 215.535004
-7.046928 1.489116 1.950245 -0.005365 0.031755 1.901507 215.669998
-7.084273 1.688788 1.950245 -0.012279 0.019486 1.794853 215.804993
-7.124415 1.889352 1.950245 -0.014594 0.009953 1.705379 215.940002
-7.166660 2.089537 1.950245 0.037307 0.010292 1.600564 216.074997
-7.207439 2.311822 1.950245 0.043418 0.018483 1.498300 216.225006
-7.235496 2.512525 1.950245 0.063895 0.025835 1.447935 216.360001
-7.252122 2.729206 1.950245 0.093719 0.031671 1.376530 216.505005
-7.249761 2.931178 1.950245 0.097321 0.032165 1.309065 216.639999
-7.229011 3.132132 1.950245 0.119082 0.031420 1.218392 216.774994
-7.186911 3.328922 1.950245 0.130990 0.032777 1.051812 216.910004
-7.116775 3.531739 1.950245 0.096420 0.037301 0.927786 217.054993
-7.029119 3.719471 1.950245 0.082307 0.037797 0.829999 217.195007
-6.920094 3.905071 1.950245 0.096669 0.037176 0.732672 217.339996
-6.792202 4.078394 1.950245 0.091687 0.037566 0.611295 217.485001
-6.657942 4.228039 1.950245 0.078969 0.034920 0.565378 217.619995
-6.511911 4.368020 1.950245 0.056871 0.029830 0.530013 217.755005
-6.339474 4.514835 1.950245 0.071046 0.021936 0.507719 217.904999
-6.176367 4.638248 1.950245 0.092382 0.019505 0.461367 218.039993
-6.005710 4.751182 1.938634 0.048696 0.017249 0.471093 218.175003
-5.829818 4.856939 1.939340 0.040019 0.013154 0.478516 218.309998
-5.650187 4.957123 1.939924 0.028017 0.010483 0.484171 218.445007
-5.461516 5.057052 1.940410 0.011979 0.009644 0.488513 218.585007
-5.278685 5.151782 1.940792 0.000305 0.010027 0.491697 218.720001
-5.095347 5.245499 1.956816 0.053335 0.008169 0.400995 218.854996
-4.912535 5.331221 1.957043 0.061200 0.163867 0.326087 218.985001
-4.722564 5.408407 1.957217 0.011625 0.136182 0.266162 219.104996
-4.505728 5.487619 1.989728 0.045414 0.085497 0.195846 219.229996
-4.304993 5.554045 1.989698 0.044325 0.057771 0.192873 219.339996
-4.107895 5.612075 1.965237 0.080696 0.044706 0.131484 219.445007
-3.906815 5.661906 1.974270 0.057265 0.036180 0.139293 219.550003
-3.703051 5.705300 1.973271 0.082854 -0.009453 0.127589 219.654999
-3.504052 5.740654 1.973271 0.012268 -0.219453 0.237545 219.759995
-3.287306 5.775458 1.973271 -0.045114 -0.309802 0.378917 219.895004
-3.088097 5.802163 1.973271 -0.075125 -0.207993 0.562176 220.070007
-2.878454 5.820100 1.973271 -0.070317 -0.074575 0.902514 220.395004
-3.078415 5.857875 1.973271 -0.036569 0.125475 -3.083176 222.535004
-3.286265 5.868945 1.980323 -0.044878 0.067071 -3.000972 222.684998
-3.511988 5.863481 1.945129 -0.106194 0.042875 -2.895729 222.839996
-3.710778 5.840039 1.911549 -0.056457 0.032073 -2.890747 222.975006
-3.910269 5.804717 1.878549 -0.047981 0.183242 -2.895291 223.104996
-4.105752 5.761521 1.846091 -0.038681 0.131639 -2.898423 223.220001
-4.305085 5.712098 1.830013 -0.021632 0.080384 -2.900783 223.330002
-4.520506 5.655608 1.821828 -0.002764 0.048566 -2.902737 223.445007
-4.720512 5.602545 1.801521 0.011188 0.034656 -2.904157 223.550003
-4.922018 5.549990 1.802877 0.010962 -0.060059 -2.951963 223.654999
-5.122443 5.498742 1.802877 0.018186 -0.278841 -2.878661 223.764999
-5.348165 5.444602 1.802877 -0.032392 -0.287571 -2.716347 223.919998
-5.553934 5.402506 1.802877 -0.064940 -0.165286 -2.491203 224.134995
-5.752941 5.373949 1.802877 -0.053150 -0.043132 -2.051376 224.554993
-5.625411 5.512620 1.711132 0.001403 0.176194 0.410674 227.895004
-5.444049 5.609429 1.716896 0.066896 0.083031 0.268187 228.050003
-5.254894 5.690012 1.726389 0.088494 0.053650 0.051326 228.195007
-5.054947 5.752433 1.705327 0.074310 0.049110 -0.026038 228.339996
-4.837330 5.803020 1.706097 0.054777 -0.172219 0.084932 228.494995
-4.638281 5.840400 1.706097 -0.001148 -0.219039 0.268197 228.669998
-4.438021 5.868731 1.706097 -0.040818 -0.107242 0.577130 228.964996
-4.238132 5.876090 1.706097 -0.002173 -0.003035 0.592838 230.449997
-4.422431 5.956356 1.673594 0.001937 0.230395 2.920827 232.940002
-4.614650 6.022740 1.666022 -0.117215 0.101258 -2.997530 233.110001
-4.814077 6.066826 1.656066 0.108887 0.073528 3.129172 233.264999
-5.013684 6.122778 1.655923 0.027236 0.051352 2.929685 233.410004
-5.206045 6.182092 1.655816 -0.023669 0.018205 2.773071 233.544998
-5.415030 6.243918 1.655726 0.005955 -0.008857 2.614865 233.690002
-5.621800 6.307336 1.655726 0.036315 -0.248459 2.777171 233.845001
-5.812792 6.373123 1.655726 -0.018862 -0.182475 2.991833 234.050003
-5.997983 6.449828 1.655726 -0.041639 -0.060248 -2.872498 234.449997
-6.074094 6.638388 1.655726 -0.005551 0.318669 1.211667 237.505005
-6.007100 6.831015 1.655726 -0.003629 0.302963 1.219494 237.679993
-5.926388 7.060738 1.655726 -0.003199 0.167263 1.224232 237.830002
-5.859282 7.251198 1.655726 -0.004536 0.095624 1.226883 237.940002
-5.792327 7.441446 1.655726 -0.005907 0.058345 1.228896 238.044998
-5.725683 7.636405 1.655726 -0.018722 0.038256 1.265179 238.149994
-5.660260 7.834055 1.674894 -0.013036 0.028553 1.266626 238.255005
-5.598623 8.023603 1.711096 -0.016209 0.023200 1.267708 238.354996
-5.532001 8.233076 1.750143 -0.016757 0.021380 1.268680 238.464996
-5.472610 8.424181 1.768406 -0.014727 0.019811 1.269385 238.565002
-5.413670 8.615520 1.803706 0.056797 0.017070 1.210959 238.664993
-5.350077 8.804515 1.825590 0.039693 -0.023935 1.156124 238.764999
-5.281239 8.993716 1.825590 0.011462 -0.233935 1.266083 238.869995
-5.208561 9.183266 1.825590 -0.037151 -0.312060 1.396987 238.994995
-5.130412 9.370781 1.825590 -0.070581 -0.213073 1.580252 239.169998
-5.040380 9.558260 1.825590 -0.070001 -0.078070 1.910112 239.485001
-5.143841 9.385787 1.802806 -0.056016 0.267932 -2.087650 242.259995
-5.245187 9.200894 1.797153 -0.004624 0.150935 -2.069171 242.384995
-5.347791 9.006057 1.779071 -0.068136 -0.053297 -1.928548 242.505005
-5.443128 8.806859 1.762949 -0.064696 -0.080107 -1.846110 242.630005
-5.525494 8.617893 1.762961 -0.046101 -0.039173 -1.854296 242.755005
-5.604475 8.419802 1.762971 -0.048097 -0.009878 -1.861128 242.889999
-5.672046 8.230415 1.762980 -0.041683 0.000616 -1.866162 243.020004
-5.734028 8.033145 1.762986 -0.070783 0.007718 -1.798403 243.154999
-5.789811 7.811646 1.762993 -0.052250 0.011922 -1.704790 243.309998
-5.831157 7.610676 1.762997 0.010934 0.082429 -1.687268 243.445007
-5.871367 7.412778 1.763000 0.012736 0.163645 -1.699582 243.565002
-5.911402 7.211609 1.740099 -0.077447 0.115162 -1.647279 243.679993
-5.941312 7.016292 1.706881 -0.094624 0.074934 -1.565132 243.785004
-5.960886 6.814821 1.672912 -0.099966 0.055544 -1.482538 243.889999
-5.969555 6.610276 1.638976 -0.043520 0.044846 -1.449653 243.994995
-5.972171 6.383977 1.602390 -0.058859 0.037751 -1.448105 244.110001
-5.965621 6.146627 1.564432 -0.055942 0.033364 -1.415153 244.229996
-5.951445 5.928653 1.530228 -0.039283 0.027844 -1.426405 244.339996
-5.934132 5.730280 1.498466 -0.031695 0.025136 -1.434589 244.440002
-5.913521 5.531857 1.466588 -0.021046 0.023093 -1.441217 244.539993
-5.889744 5.325182 1.457139 -0.015224 -0.128361 -1.364450 244.645004
-5.865506 5.119369 1.457139 -0.048936 -0.316170 -1.244030 244.759995
-5.844392 4.918777 1.457139 -0.079658 -0.261442 -1.092195 244.904999
-5.829934 4.715876 1.457139 -0.087709 -0.137179 -0.856590 245.130005
-5.829228 4.515652 1.457139 -0.048499 -0.019758 -0.437736 245.619995
-6.015002 4.436723 1.457139 -0.008051 0.319897 3.035195 248.750000
-6.220038 4.454657 1.457139 -0.005116 0.274200 3.040645 248.904999
-6.421451 4.472192 1.457139 -0.002543 0.158420 3.043814 249.024994
-6.624056 4.489883 1.457139 -0.001623 0.089541 3.046076 249.134995
-6.835207 4.508383 1.457139 -0.001591 0.053546 3.047881 249.244995
-7.040659 4.526412 1.457139 -0.001776 0.037897 3.049259 249.350006
-7.247830 4.545939 1.457139 0.025598 0.028308 3.017088 249.455002
-7.455522 4.568881 1.453700 0.037142 0.025117 3.008303 249.559998
-7.653315 4.594717 1.419464 0.042787 0.022038 3.001490 249.660004
-7.850715 4.624897 1.386920 0.050005 0.018914 2.990353 249.759995
-8.047021 4.660407 1.354577 0.043309 -0.001077 2.958392 249.860001
