94.375000 0.000000 0.207000 0.045000
110.125000 0.200763 0.207000 0.155000
120.375000 0.200763 0.207000 0.255000
130.375000 0.421752 0.207000 0.360000
138.625000 0.628569 0.207000 0.460000
145.250000 0.832162 0.207000 0.560000
150.875000 1.038162 0.207000 0.655000
157.000000 1.285699 0.207000 0.750000
163.750000 1.494869 0.233000 0.860000
168.625000 1.702335 0.233000 0.955000
173.750000 1.906683 0.233000 1.060000
177.625000 1.906683 0.233000 1.145000
181.375000 2.109753 0.233000 1.255000
184.250000 2.109753 0.233000 1.355000
186.000000 2.310041 0.233000 1.440000
189.000000 2.310041 0.233000 1.550000
190.250000 2.310041 0.233000 1.655000
191.875000 2.310041 0.233000 1.760000
193.500000 2.310041 0.233000 1.855000
195.125000 2.510508 0.257000 1.960000
195.875000 2.510508 0.257000 2.045000
197.125000 2.510508 0.257000 2.155000
197.750000 2.510508 0.257000 2.260000
198.875000 2.510508 0.257000 2.355000
200.000000 2.510508 0.257000 2.455000
201.000000 2.510508 0.257000 2.545000
202.250000 2.510508 0.257000 2.655000
203.250000 2.510508 0.257000 2.745000
203.500000 2.510508 0.230000 2.855000
203.875000 2.510508 0.230000 2.960000
204.750000 2.510508 0.230000 3.045000
206.875000 2.713175 0.230000 3.150000
207.750000 2.914766 0.230000 3.255000
209.500000 3.115556 0.230000 3.360000
211.000000 3.115556 0.230000 3.450000
213.000000 3.323946 0.230000 3.550000
215.375000 3.524415 0.230000 3.655000
218.500000 3.729678 0.230000 3.760000
223.375000 3.937298 0.222000 3.855000
226.875000 4.146060 0.222000 3.955000
230.750000 4.355375 0.222000 4.055000
236.125000 4.564972 0.222000 4.150000
239.375000 4.814750 0.222000 4.250000
243.125000 5.024650 0.222000 4.350000
246.125000 5.234426 0.222000 4.450000
248.625000 5.444249 0.222000 4.555000
252.125000 5.654150 0.222000 4.650000
256.375000 5.864065 0.222000 4.755000
260.250000 6.073962 0.222000 4.855000
264.125000 6.073962 0.293000 4.945000
267.250000 6.283049 0.293000 5.060000
270.375000 6.531542 0.293000 5.160000
274.375000 6.740387 0.293000 5.260000
278.375000 6.949421 0.293000 5.345000
279.375000 7.151304 0.293000 5.455000
282.500000 7.351727 0.293000 5.560000
284.750000 7.561594 0.293000 5.655000
286.625000 7.771572 0.293000 5.760000
289.125000 8.011621 0.267000 5.860000
290.875000 8.222196 0.267000 5.950000
293.250000 8.430424 0.267000 6.055000
294.875000 8.430424 0.267000 6.140000
295.875000 8.634832 0.267000 6.245000
297.000000 8.837959 0.267000 6.350000
297.500000 8.837959 0.267000 6.460000
298.250000 9.038408 0.267000 6.560000
299.000000 9.038408 0.267000 6.655000
299.750000 9.038408 0.267000 6.745000
300.000000 9.038408 0.262000 6.845000
300.375000 9.038408 0.262000 6.945000
300.750000 9.038408 0.262000 7.050000
300.875000 9.239104 0.262000 7.155000
300.875000 9.239104 0.262000 7.255000
301.250000 9.239104 0.262000 7.355000
301.750000 9.239104 0.262000 7.455000
301.875000 9.239104 0.262000 7.550000
302.250000 9.239104 0.262000 7.655000
302.375000 9.239104 0.262000 7.760000
302.375000 9.239104 0.226000 7.850000
302.625000 9.239104 0.226000 7.955000
302.875000 9.239104 0.226000 8.060000
303.125000 9.239104 0.226000 8.145000
303.250000 9.239104 0.226000 8.255000
303.500000 9.239104 0.226000 8.350000
303.750000 9.239104 0.226000 8.440000
303.750000 9.239104 0.226000 8.545000
303.875000 9.239104 0.226000 8.655000
304.000000 9.239104 0.226000 8.755000
304.125000 9.239104 0.231000 8.855000
304.250000 9.239104 0.231000 8.950000
304.250000 9.239104 0.231000 9.060000
304.500000 9.239104 0.231000 9.155000
304.500000 9.239104 0.231000 9.245000
304.750000 9.239104 0.231000 9.360000
304.750000 9.239104 0.231000 9.455000
305.000000 9.239104 0.231000 9.545000
305.000000 9.239104 0.231000 9.650000
305.125000 9.239104 0.231000 9.755000
305.125000 9.239104 0.207000 9.855000
305.375000 9.239104 0.207000 9.955000
305.375000 9.239104 0.207000 10.055000
305.375000 9.239104 0.207000 10.155000
305.500000 9.239104 0.207000 10.245000
305.500000 9.239104 0.207000 10.355000
305.875000 9.239104 0.207000 10.455000
306.250000 9.239104 0.207000 10.555000
306.375000 9.239104 0.207000 10.645000
306.625000 9.239104 0.207000 10.755000
306.875000 9.239104 0.205000 10.855000
306.875000 9.239104 0.205000 10.945000
307.000000 9.239104 0.205000 11.055000
307.000000 9.239104 0.205000 11.160000
307.000000 9.239104 0.205000 11.245000
307.125000 9.239104 0.205000 11.355000
307.250000 9.239104 0.205000 11.455000
307.250000 9.239104 0.205000 11.545000
307.250000 9.239104 0.205000 11.650000
307.250000 9.239104 0.205000 11.760000
307.500000 9.239104 0.197000 11.855000
307.500000 9.239104 0.197000 11.945000
308.000000 9.239104 0.197000 12.060000
308.000000 9.239104 0.197000 12.145000
308.125000 9.239104 0.197000 12.255000
308.250000 9.239104 0.197000 12.345000
308.500000 9.239104 0.197000 12.455000
308.500000 9.239104 0.197000 12.550000
308.500000 9.239104 0.197000 12.655000
308.500000 9.239104 0.197000 12.755000
309.000000 9.239104 0.193000 12.850000
309.125000 9.239104 0.193000 12.950000
309.125000 9.239104 0.193000 13.060000
309.375000 9.239104 0.193000 13.155000
309.375000 9.239104 0.193000 13.245000
309.375000 9.239104 0.193000 13.355000
309.500000 9.239104 0.193000 13.460000
309.625000 9.239104 0.193000 13.555000
309.750000 9.239104 0.193000 13.660000
309.750000 9.239104 0.193000 13.765000
310.000000 9.239104 0.191000 13.855000
310.000000 9.239104 0.191000 13.950000
310.250000 9.239104 0.191000 14.045000
310.375000 9.239104 0.191000 14.145000
310.375000 9.442658 0.191000 14.255000
310.750000 9.642714 0.191000 14.350000
310.875000 9.642714 0.191000 14.455000
310.875000 9.844860 0.191000 14.545000
310.875000 10.060048 0.191000 14.655000
311.125000 10.262959 0.191000 14.760000
311.500000 10.262959 0.209000 14.855000
311.625000 10.470249 0.209000 14.945000
312.000000 10.674238 0.209000 15.055000
312.125000 10.887484 0.209000 15.155000
312.875000 11.091197 0.209000 15.265000
312.875000 11.091197 0.209000 15.355000
313.000000 11.291461 0.209000 15.460000
313.250000 11.291461 0.209000 15.555000
314.000000 11.291461 0.209000 15.640000
314.125000 11.493993 0.209000 15.745000
314.375000 11.493993 0.261000 15.845000
314.375000 11.493993 0.261000 15.945000
314.750000 11.493993 0.261000 16.040001
314.750000 11.493993 0.261000 16.145000
314.875000 11.493993 0.261000 16.240000
315.000000 11.694185 0.261000 16.344999
315.125000 11.694185 0.261000 16.455000
315.125000 11.694185 0.261000 16.555000
315.625000 11.694185 0.261000 16.660000
315.750000 11.694185 0.261000 16.754999
315.875000 11.694185 0.250000 16.860001
315.875000 11.694185 0.250000 16.945000
316.000000 11.694185 0.250000 17.049999
316.125000 11.694185 0.250000 17.155001
316.125000 11.897823 0.250000 17.254999
316.250000 11.897823 0.250000 17.350000
316.375000 12.102415 0.250000 17.455000
316.625000 12.309604 0.250000 17.559999
317.000000 12.309604 0.250000 17.650000
317.125000 12.509699 0.250000 17.754999
319.750000 12.712224 0.263000 17.865000
320.875000 12.712224 0.263000 17.950001
322.000000 12.920074 0.263000 18.059999
324.000000 13.125289 0.263000 18.139999
329.125000 13.328440 0.263000 18.250000
332.500000 13.530190 0.263000 18.350000
334.125000 13.775479 0.263000 18.445000
334.750000 13.983545 0.263000 18.549999
336.875000 14.192386 0.263000 18.655001
338.375000 14.401639 0.263000 18.754999
340.250000 14.610868 0.263000 18.860001
340.750000 14.818405 0.283000 18.955000
341.375000 15.025106 0.283000 19.059999
341.625000 15.025106 0.283000 19.160000
341.750000 15.240205 0.283000 19.254999
341.750000 15.466173 0.283000 19.344999
342.000000 15.466173 0.283000 19.450001
342.375000 15.669197 0.283000 19.545000
342.375000 15.877791 0.283000 19.650000
342.375000 16.078064 0.283000 19.760000
342.500000 16.078064 0.283000 19.840000
342.500000 16.283482 0.305000 19.955000
342.750000 16.488512 0.305000 20.045000
343.375000 16.690767 0.305000 20.155001
343.375000 16.690767 0.305000 20.240000
343.500000 16.897425 0.305000 20.355000
343.500000 17.130545 0.305000 20.445000
343.875000 17.130545 0.305000 20.555000
344.250000 17.344156 0.305000 20.639999
344.375000 17.566011 0.305000 20.750000
344.750000 17.566011 0.305000 20.860001
345.375000 17.788521 0.258000 20.955000
345.625000 17.992172 0.258000 21.040001
346.000000 17.992172 0.258000 21.150000
346.125000 18.197386 0.258000 21.254999
346.250000 18.425558 0.258000 21.340000
346.625000 18.425558 0.258000 21.450001
346.625000 18.639435 0.258000 21.559999
346.875000 18.846304 0.258000 21.645000
347.000000 19.050653 0.258000 21.754999
347.000000 19.050653 0.235000 21.855000
347.125000 19.256447 0.235000 21.940001
347.250000 19.470997 0.235000 22.049999
347.750000 19.470997 0.235000 22.160000
348.000000 19.694185 0.235000 22.245001
348.125000 19.896164 0.235000 22.355000
348.625000 19.896164 0.235000 22.440001
349.000000 20.101492 0.235000 22.549999
349.250000 20.305771 0.235000 22.660000
349.750000 20.518393 0.235000 22.745001
350.000000 20.719175 0.200000 22.860001
350.125000 20.719175 0.200000 22.955000
350.375000 20.921219 0.200000 23.040001
350.750000 21.121414 0.200000 23.155001
351.125000 21.121414 0.200000 23.240000
351.250000 21.326139 0.200000 23.355000
351.625000 21.537518 0.200000 23.440001
351.625000 21.537518 0.200000 23.559999
351.750000 21.761068 0.200000 23.655001
352.000000 21.761068 0.200000 23.735001
352.250000 21.970341 0.198000 23.844999
352.250000 21.970341 0.198000 23.955000
352.375000 22.184071 0.198000 24.040001
352.625000 22.184071 0.198000 24.155001
352.750000 22.184071 0.198000 24.245001
352.750000 22.184071 0.198000 24.360001
352.750000 22.385117 0.198000 24.465000
353.250000 22.385117 0.198000 24.555000
353.375000 22.385117 0.198000 24.639999
353.500000 22.385117 0.198000 24.754999
353.875000 22.385117 0.223000 24.840000
353.875000 22.385117 0.223000 24.955000
354.125000 22.385117 0.223000 25.040001
354.500000 22.385117 0.223000 25.155001
354.500000 22.385117 0.223000 25.240000
354.500000 22.586544 0.223000 25.350000
354.750000 22.586544 0.223000 25.445000
355.125000 22.786991 0.223000 25.555000
355.500000 22.786991 0.223000 25.645000
355.875000 23.004065 0.223000 25.754999
356.125000 23.222351 0.227000 25.840000
356.625000 23.452017 0.227000 25.959999
356.875000 23.657640 0.227000 26.045000
357.125000 23.865410 0.227000 26.155001
357.875000 24.093800 0.227000 26.240000
358.125000 24.322758 0.227000 26.355000
358.625000 24.532192 0.227000 26.440001
359.000000 24.741831 0.227000 26.555000
359.375000 24.741831 0.227000 26.645000
360.375000 25.171366 0.227000 26.760000
360.625000 25.171366 0.227000 26.844999
361.250000 25.380028 0.257000 26.955000
361.250000 25.595276 0.257000 27.045000
361.750000 25.840332 0.257000 27.160000
362.125000 26.047785 0.257000 27.254999
362.750000 26.286243 0.257000 27.350000
363.000000 26.495531 0.257000 27.434999
363.750000 26.705179 0.257000 27.549999
364.875000 26.915043 0.257000 27.655001
365.250000 27.124868 0.257000 27.760000
366.375000 27.331493 0.257000 27.855000
367.125000 27.331493 0.270000 27.940001
367.750000 27.538841 0.270000 28.055000
368.375000 27.745514 0.270000 28.139999
368.750000 27.947107 0.270000 28.254999
369.375000 28.148472 0.270000 28.340000
370.250000 28.148472 0.270000 28.455000
370.500000 28.359877 0.270000 28.545000
371.375000 28.561642 0.270000 28.660000
372.375000 28.768120 0.270000 28.754999
373.875000 28.768120 0.215000 28.840000
374.750000 28.968641 0.215000 28.955000
375.375000 29.172300 0.215000 29.049999
375.625000 29.172300 0.215000 29.155001
375.750000 29.172300 0.215000 29.240000
376.000000 29.374567 0.215000 29.355000
376.250000 29.374567 0.215000 29.445000
376.375000 29.374567 0.215000 29.555000
376.500000 29.374567 0.215000 29.645000
376.875000 29.374567 0.215000 29.754999
377.000000 29.574883 0.214000 29.834999
377.500000 29.574883 0.214000 29.955000
377.625000 29.574883 0.214000 30.040001
377.875000 29.574883 0.214000 30.155001
378.125000 29.574883 0.214000 30.240000
378.125000 29.574883 0.214000 30.355000
378.500000 29.574883 0.214000 30.445000
378.750000 29.574883 0.214000 30.555000
378.750000 29.574883 0.214000 30.635000
378.750000 29.574883 0.214000 30.754999
378.875000 29.574883 0.198000 30.844999
378.875000 29.574883 0.198000 30.955000
379.000000 29.574883 0.198000 31.055000
379.125000 29.574883 0.198000 31.135000
379.625000 29.574883 0.198000 31.254999
379.875000 29.778536 0.198000 31.334999
380.125000 29.982931 0.198000 31.455000
381.250000 29.982931 0.198000 31.545000
381.375000 30.183380 0.198000 31.660000
382.000000 30.399300 0.198000 31.754999
382.500000 30.603025 0.203000 31.840000
382.625000 30.809805 0.203000 31.950001
382.750000 31.028025 0.203000 32.055000
382.750000 31.267029 0.203000 32.145000
382.875000 31.476572 0.203000 32.250000
383.125000 31.686325 0.203000 32.340000
383.250000 31.896143 0.203000 32.455002
383.375000 31.896143 0.203000 32.540001
383.500000 32.315834 0.203000 32.654999
383.875000 32.315834 0.203000 32.740002
383.875000 32.525051 0.203000 32.855000
383.875000 32.757229 0.228000 32.939999
384.000000 32.964268 0.228000 33.060001
384.125000 32.964268 0.228000 33.145000
384.375000 33.171432 0.228000 33.255001
384.375000 33.171432 0.228000 33.340000
384.500000 33.372547 0.228000 33.455002
384.500000 33.372547 0.228000 33.540001
384.750000 33.372547 0.228000 33.654999
384.875000 33.372547 0.228000 33.750000
385.000000 33.372547 0.220000 33.855000
385.125000 33.372547 0.220000 33.950001
385.125000 33.372547 0.220000 34.055000
385.250000 33.574100 0.220000 34.139999
385.250000 33.574100 0.220000 34.255001
385.375000 33.574100 0.220000 34.340000
385.625000 33.574100 0.220000 34.455002
385.625000 33.574100 0.220000 34.549999
385.750000 33.574100 0.220000 34.630001
386.000000 33.574100 0.220000 34.759998
386.375000 33.574100 0.220000 34.865002
386.375000 33.574100 0.220000 34.945000
386.375000 33.574100 0.220000 35.060001
386.375000 33.574100 0.220000 35.154999
386.375000 33.574100 0.220000 35.235001
386.375000 33.574100 0.220000 35.355000
386.375000 33.786304 0.220000 35.439999
386.500000 33.786304 0.220000 35.555000
386.625000 34.021145 0.220000 35.645000
386.750000 34.223095 0.220000 35.755001
387.000000 34.428757 0.220000 35.849998
387.125000 34.428757 0.241000 35.955002
387.375000 34.640327 0.241000 36.040001
387.375000 34.842823 0.241000 36.154999
387.375000 34.842823 0.241000 36.240002
387.375000 34.842823 0.241000 36.355000
387.500000 35.044167 0.241000 36.439999
387.625000 35.044167 0.241000 36.555000
387.750000 35.044167 0.241000 36.639999
387.750000 35.044167 0.241000 36.759998
387.875000 35.044167 0.247000 36.845001
387.875000 35.044167 0.247000 36.955002
387.875000 35.044167 0.247000 37.040001
387.875000 35.044167 0.247000 37.154999
387.875000 35.044167 0.247000 37.235001
387.875000 35.044167 0.247000 37.349998
387.875000 35.244293 0.247000 37.459999
387.875000 35.244293 0.247000 37.549999
387.875000 35.244293 0.247000 37.639999
387.875000 35.244293 0.247000 37.750000
387.875000 35.244293 0.232000 37.845001
387.875000 35.244293 0.232000 37.955002
387.875000 35.244293 0.232000 38.040001
388.000000 35.244293 0.232000 38.160000
388.000000 35.244293 0.232000 38.244999
388.000000 35.244293 0.232000 38.355000
388.000000 35.244293 0.232000 38.439999
388.000000 35.244293 0.232000 38.549999
388.000000 35.244293 0.232000 38.654999
388.000000 35.244293 0.232000 38.744999
388.000000 35.244293 0.232000 38.855000
388.000000 35.458092 0.234000 38.945000
388.000000 35.458092 0.234000 39.055000
388.000000 35.681107 0.234000 39.145000
388.125000 35.881420 0.234000 39.255001
388.250000 36.115967 0.234000 39.340000
388.250000 36.339523 0.234000 39.455002
388.375000 36.339523 0.234000 39.535000
388.750000 36.764881 0.234000 39.650002
389.000000 36.764881 0.234000 39.730000
389.125000 36.973274 0.230000 39.849998
389.250000 37.182457 0.230000 39.955002
389.250000 37.414570 0.230000 40.049999
389.500000 37.632504 0.230000 40.134998
389.750000 37.632504 0.230000 40.259998
390.000000 37.836464 0.230000 40.345001
390.000000 37.836464 0.230000 40.455002
390.125000 37.836464 0.230000 40.544998
390.125000 38.039078 0.230000 40.650002
390.250000 38.039078 0.230000 40.750000
390.250000 38.039078 0.230000 40.855000
390.625000 38.039078 0.238000 40.950001
390.625000 38.039078 0.238000 41.060001
390.750000 38.039078 0.238000 41.145000
390.875000 38.039078 0.238000 41.255001
390.875000 38.039078 0.238000 41.349998
390.875000 38.039078 0.238000 41.459999
390.875000 38.039078 0.238000 41.544998
391.000000 38.039078 0.238000 41.654999
391.000000 38.039078 0.238000 41.750000
391.000000 38.039078 0.238000 41.855000
391.000000 38.039078 0.238000 41.950001
391.000000 38.039078 0.238000 42.035000
391.125000 38.039078 0.238000 42.150002
391.125000 38.039078 0.238000 42.255001
391.250000 38.039078 0.238000 42.340000
391.250000 38.039078 0.238000 42.455002
391.250000 38.039078 0.238000 42.540001
391.250000 38.039078 0.238000 42.654999
391.250000 38.039078 0.238000 42.744999
391.250000 38.039078 0.220000 42.845001
391.250000 38.039078 0.220000 42.955002
391.250000 38.243038 0.220000 43.064999
391.375000 38.243038 0.220000 43.154999
391.500000 38.451855 0.220000 43.244999
391.625000 38.654221 0.220000 43.355000
391.750000 38.894337 0.220000 43.439999
391.750000 39.120579 0.220000 43.555000
391.750000 39.329468 0.220000 43.665001
391.750000 39.539387 0.220000 43.755001
391.875000 39.539387 0.246000 43.840000
392.000000 39.940468 0.246000 43.955002
392.125000 40.141056 0.246000 44.064999
392.125000 40.341209 0.246000 44.150002
392.125000 40.544197 0.246000 44.255001
392.250000 40.544197 0.246000 44.340000
392.375000 40.946106 0.246000 44.459999
392.750000 41.147362 0.246000 44.544998
392.875000 41.349785 0.246000 44.650002
393.125000 41.559673 0.246000 44.759998
393.125000 41.559673 0.257000 44.840000
393.250000 41.768410 0.257000 44.955002
393.250000 42.013638 0.257000 45.049999
393.250000 42.218922 0.257000 45.154999
393.250000 42.422794 0.257000 45.244999
393.750000 42.626244 0.257000 45.355000
394.000000 42.833241 0.257000 45.455002
394.500000 42.833241 0.257000 45.549999
395.125000 43.034679 0.257000 45.660000
395.875000 43.264709 0.257000 45.744999
396.250000 43.471001 0.257000 45.860001
397.250000 43.471001 0.273000 45.945000
397.500000 43.677078 0.273000 46.055000
398.125000 43.883060 0.273000 46.139999
398.500000 44.085613 0.273000 46.255001
398.625000 44.085613 0.273000 46.340000
399.000000 44.289997 0.273000 46.455002
399.250000 44.496925 0.273000 46.540001
400.000000 44.710434 0.273000 46.654999
400.625000 44.917526 0.273000 46.755001
401.000000 45.126255 0.273000 46.845001
401.750000 45.335361 0.277000 46.955002
402.375000 45.573406 0.277000 47.044998
402.875000 45.791630 0.277000 47.160000
404.000000 46.000458 0.277000 47.255001
404.750000 46.000458 0.277000 47.334999
405.500000 46.419239 0.277000 47.455002
406.250000 46.419239 0.277000 47.540001
407.250000 46.629025 0.277000 47.650002
407.875000 46.868942 0.277000 47.744999
408.500000 47.107933 0.277000 47.860001
409.375000 47.311050 0.230000 47.945000
410.875000 47.512138 0.230000 48.055000
411.750000 47.744591 0.230000 48.150002
411.875000 47.950439 0.230000 48.240002
412.500000 48.158119 0.230000 48.355000
413.125000 48.366852 0.230000 48.439999
413.750000 48.576138 0.230000 48.549999
415.250000 48.785683 0.230000 48.654999
416.125000 48.785683 0.230000 48.744999
416.750000 48.995239 0.230000 48.855000
417.375000 49.239914 0.253000 48.945000
417.500000 49.464787 0.253000 49.055000
418.250000 49.702042 0.253000 49.145000
419.125000 49.915882 0.253000 49.255001
419.500000 50.122765 0.253000 49.345001
421.250000 50.331127 0.253000 49.455002
421.750000 50.331127 0.253000 49.544998
422.750000 50.550217 0.253000 49.654999
423.875000 50.799713 0.253000 49.744999
424.500000 51.038204 0.253000 49.855000
425.250000 51.269302 0.242000 49.939999
426.250000 51.479607 0.242000 50.049999
427.375000 51.683514 0.242000 50.160000
428.250000 51.890175 0.242000 50.244999
429.000000 52.098469 0.242000 50.360001
430.375000 52.098469 0.242000 50.445000
431.625000 52.317600 0.242000 50.555000
432.500000 52.527264 0.242000 50.645000
433.375000 52.737171 0.242000 50.755001
434.125000 52.966644 0.244000 50.845001
435.000000 53.190315 0.244000 50.955002
436.375000 53.433052 0.244000 51.049999
437.625000 53.433052 0.244000 51.139999
439.125000 53.638565 0.244000 51.255001
439.875000 53.844196 0.244000 51.340000
440.000000 54.047382 0.244000 51.455002
440.375000 54.047382 0.244000 51.544998
441.375000 54.260639 0.244000 51.660000
442.375000 54.465652 0.244000 51.750000
442.875000 54.672768 0.244000 51.855000
443.250000 54.672768 0.258000 51.935001
443.875000 54.904305 0.258000 52.055000
443.875000 55.107613 0.258000 52.150002
444.375000 55.107613 0.258000 52.240002
444.625000 55.312382 0.258000 52.360001
445.000000 55.515953 0.258000 52.445000
445.125000 55.719437 0.258000 52.560001
445.250000 55.719437 0.258000 52.654999
445.375000 55.719437 0.258000 52.740002
445.500000 55.919594 0.258000 52.855000
445.500000 55.919594 0.242000 52.935001
445.625000 55.919594 0.242000 53.055000
445.750000 55.919594 0.242000 53.139999
446.125000 55.919594 0.242000 53.255001
446.500000 55.919594 0.242000 53.334999
446.875000 56.119858 0.242000 53.445000
447.000000 56.119858 0.242000 53.555000
447.000000 56.119858 0.242000 53.645000
447.000000 56.119858 0.242000 53.759998
447.000000 56.119858 0.229000 53.849998
447.000000 56.119858 0.229000 53.959999
447.125000 56.119858 0.229000 54.049999
447.250000 56.119858 0.229000 54.160000
447.375000 56.119858 0.229000 54.250000
447.375000 56.119858 0.229000 54.355000
447.625000 56.333748 0.229000 54.439999
447.875000 56.333748 0.229000 54.555000
448.125000 56.540527 0.229000 54.639999
448.250000 56.754417 0.229000 54.750000
448.750000 56.754417 0.212000 54.860001
448.875000 56.954494 0.212000 54.955002
449.750000 57.157627 0.212000 55.049999
450.000000 57.360672 0.212000 55.139999
450.000000 57.567245 0.212000 55.259998
450.250000 57.567245 0.212000 55.345001
450.375000 57.775494 0.212000 55.450001
452.250000 58.013798 0.212000 55.540001
454.125000 58.216793 0.212000 55.660000
456.750000 58.216793 0.212000 55.744999
459.750000 58.438198 0.220000 55.855000
461.125000 58.438198 0.220000 55.939999
462.250000 58.645134 0.220000 56.055000
463.375000 58.846355 0.220000 56.139999
465.375000 59.071445 0.220000 56.250000
465.625000 59.071445 0.220000 56.355000
465.750000 59.297409 0.220000 56.445000
466.000000 59.499218 0.220000 56.555000
466.375000 59.705372 0.220000 56.645000
466.625000 59.909191 0.220000 56.755001
466.750000 60.111286 0.232000 56.845001
466.750000 60.319466 0.232000 56.955002
467.000000 60.319466 0.232000 57.040001
467.000000 60.720203 0.232000 57.150002
467.000000 60.921421 0.232000 57.264999
467.125000 60.921421 0.232000 57.345001
467.125000 61.335411 0.232000 57.459999
467.250000 61.335411 0.232000 57.544998
467.250000 61.545212 0.232000 57.660000
467.250000 61.795124 0.232000 57.755001
467.375000 62.004219 0.232000 57.834999
467.375000 62.207054 0.260000 57.959999
467.750000 62.420425 0.260000 58.040001
467.750000 62.420425 0.260000 58.154999
468.125000 62.622925 0.260000 58.244999
468.500000 62.622925 0.260000 58.355000
468.625000 62.825245 0.260000 58.445000
468.625000 62.825245 0.260000 58.560001
468.625000 62.825245 0.260000 58.645000
468.625000 62.825245 0.260000 58.755001
468.750000 62.825245 0.215000 58.845001
468.750000 62.825245 0.215000 58.955002
469.000000 62.825245 0.215000 59.044998
469.250000 62.825245 0.215000 59.154999
469.250000 63.025478 0.215000 59.244999
469.250000 63.025478 0.215000 59.360001
469.250000 63.025478 0.215000 59.445000
469.250000 63.025478 0.215000 59.560001
469.250000 63.025478 0.215000 59.650002
469.250000 63.025478 0.215000 59.759998
469.250000 63.025478 0.207000 59.855999
469.250000 63.025478 0.207000 59.939999
469.250000 63.025478 0.207000 60.060001
469.250000 63.025478 0.207000 60.154999
469.250000 63.025478 0.207000 60.240002
469.250000 63.025478 0.207000 60.360001
469.250000 63.025478 0.207000 60.445000
469.250000 63.025478 0.207000 60.555000
469.375000 63.025478 0.207000 60.645000
469.375000 63.025478 0.207000 60.759998
469.375000 63.025478 0.197000 60.845001
469.375000 63.025478 0.197000 60.955002
469.375000 63.025478 0.197000 61.044998
469.375000 63.025478 0.197000 61.165001
469.375000 63.025478 0.197000 61.244999
469.375000 63.025478 0.197000 61.330002
469.375000 63.242142 0.197000 61.455002
469.500000 63.450222 0.197000 61.540001
469.500000 63.656162 0.197000 61.654999
469.500000 63.858524 0.197000 61.740002
469.500000 63.858524 0.203000 61.849998
469.500000 64.080452 0.203000 61.959999
469.625000 64.285667 0.203000 62.060001
469.625000 64.489479 0.203000 62.145000
469.625000 64.489479 0.203000 62.255001
469.750000 64.709480 0.203000 62.345001
469.750000 64.915031 0.203000 62.455002
469.750000 64.915031 0.203000 62.540001
469.875000 65.122566 0.203000 62.654999
470.000000 65.327827 0.203000 62.755001
470.000000 65.530190 0.225000 62.840000
470.000000 65.737480 0.225000 62.959999
470.000000 65.737480 0.225000 63.044998
470.125000 65.946976 0.225000 63.154999
470.125000 66.147545 0.225000 63.240002
470.125000 66.147545 0.225000 63.355000
470.125000 66.354248 0.225000 63.439999
470.125000 66.567490 0.225000 63.555000
470.250000 66.567490 0.225000 63.645000
470.375000 66.767700 0.225000 63.759998
470.375000 66.767700 0.204000 63.855000
470.375000 66.767700 0.204000 63.945000
470.375000 66.767700 0.204000 64.059998
470.375000 66.767700 0.204000 64.144997
470.375000 66.969696 0.204000 64.254997
470.375000 66.969696 0.204000 64.355003
470.375000 66.969696 0.204000 64.440002
470.375000 66.969696 0.204000 64.555000
470.375000 66.969696 0.204000 64.639999
470.375000 66.969696 0.204000 64.754997
470.375000 66.969696 0.177000 64.839996
470.375000 66.969696 0.177000 64.955002
470.375000 66.969696 0.177000 65.044998
470.500000 66.969696 0.177000 65.154999
470.500000 66.969696 0.177000 65.260002
470.500000 66.969696 0.177000 65.355003
470.500000 66.969696 0.177000 65.445000
470.500000 66.969696 0.177000 65.559998
470.500000 66.969696 0.177000 65.644997
470.500000 66.969696 0.177000 65.760002
470.500000 66.969696 0.182000 65.845001
470.500000 66.969696 0.182000 65.955002
470.625000 67.186310 0.182000 66.050003
470.625000 67.389473 0.182000 66.154999
470.625000 67.389473 0.182000 66.250000
470.625000 67.597771 0.182000 66.330002
470.750000 67.597771 0.182000 66.445000
470.750000 67.801704 0.182000 66.555000
470.750000 67.801704 0.182000 66.639999
470.750000 68.004456 0.182000 66.754997
470.750000 68.004456 0.181000 66.839996
470.750000 68.004456 0.181000 66.955002
470.875000 68.204773 0.181000 67.040001
470.875000 68.204773 0.181000 67.154999
470.875000 68.407143 0.181000 67.239998
470.875000 68.611153 0.181000 67.355003
471.000000 68.611153 0.181000 67.449997
471.000000 68.814369 0.181000 67.559998
471.000000 68.814369 0.181000 67.660004
471.000000 69.021217 0.181000 67.750000
471.000000 69.021217 0.194000 67.860001
471.000000 69.021217 0.194000 67.945000
471.000000 69.021217 0.194000 68.055000
471.000000 69.021217 0.194000 68.139999
471.125000 69.222160 0.194000 68.254997
471.125000 69.222160 0.194000 68.339996
471.125000 69.222160 0.194000 68.459999
471.125000 69.222160 0.194000 68.550003
471.125000 69.222160 0.194000 68.660004
471.125000 69.222160 0.194000 68.754997
471.250000 69.222160 0.190000 68.849998
471.250000 69.222160 0.190000 68.959999
471.250000 69.222160 0.190000 69.050003
471.250000 69.222160 0.190000 69.154999
471.250000 69.222160 0.190000 69.245003
471.250000 69.222160 0.190000 69.355003
471.250000 69.222160 0.190000 69.440002
471.250000 69.222160 0.190000 69.559998
471.250000 69.222160 0.190000 69.639999
471.250000 69.222160 0.190000 69.754997
471.250000 69.222160 0.178000 69.855003
471.250000 69.222160 0.178000 69.945000
471.250000 69.424118 0.178000 70.059998
471.250000 69.424118 0.178000 70.150002
471.250000 69.630791 0.178000 70.235001
471.250000 69.630791 0.178000 70.349998
471.250000 69.850845 0.178000 70.434998
471.250000 70.057907 0.178000 70.550003
471.375000 70.057907 0.178000 70.629997
471.750000 70.260895 0.178000 70.745003
472.250000 70.465614 0.215000 70.855003
472.375000 70.696892 0.215000 70.945000
472.375000 70.900925 0.215000 71.055000
472.375000 70.900925 0.215000 71.139999
472.500000 71.105797 0.215000 71.254997
472.500000 71.339653 0.215000 71.339996
472.625000 71.542885 0.215000 71.455002
472.625000 71.542885 0.215000 71.540001
472.625000 71.751236 0.215000 71.655998
472.750000 71.952324 0.215000 71.745003
473.000000 71.952324 0.215000 71.849998
473.250000 72.153801 0.240000 71.945000
473.250000 72.356033 0.240000 72.035004
473.500000 72.559738 0.240000 72.139999
473.500000 72.559738 0.240000 72.254997
473.625000 72.772362 0.240000 72.345001
473.625000 72.973030 0.240000 72.459999
473.750000 73.176239 0.240000 72.544998
473.750000 73.382751 0.240000 72.654999
473.875000 73.382751 0.240000 72.739998
474.125000 73.591827 0.240000 72.855003
474.125000 73.824989 0.247000 72.940002
474.250000 74.061806 0.247000 73.059998
474.500000 74.262794 0.247000 73.139999
474.500000 74.471680 0.247000 73.254997
474.875000 74.701126 0.247000 73.334999
475.000000 74.940498 0.247000 73.455002
475.125000 75.148697 0.247000 73.550003
475.250000 75.356201 0.247000 73.660004
475.250000 75.356201 0.247000 73.745003
475.750000 75.770401 0.210000 73.855003
475.750000 75.770401 0.210000 73.945000
475.875000 75.973854 0.210000 74.055000
475.875000 76.198723 0.210000 74.139999
475.875000 76.408409 0.210000 74.254997
476.000000 76.609177 0.210000 74.345001
476.125000 76.810539 0.210000 74.455002
476.375000 77.010887 0.210000 74.544998
476.625000 77.259911 0.210000 74.654999
476.625000 77.499329 0.210000 74.750000
477.125000 77.708183 0.210000 74.849998
477.250000 77.913940 0.223000 74.959999
477.250000 78.119095 0.223000 75.044998
477.375000 78.119095 0.223000 75.129997
477.375000 78.325783 0.223000 75.245003
477.750000 78.562805 0.223000 75.330002
477.875000 78.770149 0.223000 75.455002
478.000000 78.987877 0.223000 75.550003
478.125000 79.226341 0.223000 75.660004
478.250000 79.435410 0.223000 75.754997
478.500000 79.662010 0.226000 75.855003
478.625000 79.862457 0.226000 75.945000
478.625000 80.072464 0.226000 76.055000
479.000000 80.276573 0.226000 76.144997
479.000000 80.482681 0.226000 76.254997
479.250000 80.682884 0.226000 76.345001
479.625000 80.891808 0.226000 76.459999
480.125000 81.092842 0.226000 76.550003
480.625000 81.092842 0.226000 76.635002
481.000000 81.495285 0.226000 76.754997
481.125000 81.495285 0.205000 76.839996
481.500000 81.909119 0.205000 76.959999
481.875000 81.909119 0.205000 77.055000
482.250000 82.133484 0.205000 77.144997
482.875000 82.340927 0.205000 77.260002
483.500000 82.550385 0.205000 77.355003
484.500000 82.753586 0.205000 77.434998
486.125000 82.955605 0.205000 77.550003
487.125000 83.159088 0.205000 77.639999
488.500000 83.159088 0.205000 77.750000
489.875000 83.371613 0.205000 77.855003
490.000000 83.576683 0.243000 77.945000
491.125000 83.778717 0.243000 78.059998
492.000000 83.778717 0.243000 78.144997
493.000000 83.980988 0.243000 78.260002
493.500000 84.184563 0.243000 78.349998
493.875000 84.388794 0.243000 78.459999
493.875000 84.388794 0.243000 78.544998
494.875000 84.593468 0.243000 78.654999
494.875000 84.813576 0.243000 78.739998
495.000000 85.018692 0.195000 78.855003
495.000000 85.018692 0.195000 78.940002
495.000000 85.241180 0.195000 79.055000
495.125000 85.465836 0.195000 79.139999
495.375000 85.666000 0.195000 79.255997
495.625000 85.872292 0.195000 79.345001
495.625000 86.081627 0.195000 79.455002
496.000000 86.282539 0.195000 79.540001
496.125000 86.483391 0.195000 79.654999
496.125000 86.692871 0.195000 79.739998
496.250000 86.893845 0.189000 79.849998
496.250000 87.102005 0.189000 79.955002
496.750000 87.102005 0.189000 80.044998
497.000000 87.528969 0.189000 80.160004
497.375000 87.528969 0.189000 80.245003
497.875000 87.731094 0.189000 80.355003
498.375000 87.969917 0.189000 80.445000
498.875000 88.209839 0.189000 80.555000
500.500000 88.459129 0.189000 80.650002
504.375000 88.668518 0.189000 80.754997
505.875000 88.876381 0.145000 80.860001
509.250000 89.080551 0.145000 80.945000
513.000000 89.080551 0.145000 81.055000
515.750000 89.282745 0.145000 81.135002
517.875000 89.282745 0.145000 81.254997
519.375000 89.486679 0.145000 81.345001
519.875000 89.486679 0.145000 81.459999
520.750000 89.486679 0.145000 81.544998
521.250000 89.486679 0.145000 81.655998
521.750000 89.692345 0.145000 81.739998
522.375000 89.692345 0.187000 81.849998
522.375000 89.692345 0.187000 81.940002
522.750000 89.692345 0.187000 82.055000
522.750000 89.692345 0.187000 82.150002
522.875000 89.692345 0.187000 82.254997
523.125000 89.692345 0.187000 82.339996
523.125000 89.692345 0.187000 82.449997
523.250000 89.692345 0.187000 82.555000
523.375000 89.692345 0.187000 82.644997
523.500000 89.692345 0.187000 82.760002
523.500000 89.692345 0.180000 82.845001
523.500000 89.692345 0.180000 82.955002
523.625000 89.692345 0.180000 83.040001
523.625000 89.692345 0.180000 83.154999
523.625000 89.692345 0.180000 83.245003
523.625000 89.692345 0.180000 83.355003
523.625000 89.692345 0.180000 83.445000
523.625000 89.692345 0.180000 83.555000
523.625000 89.692345 0.180000 83.639999
523.625000 89.692345 0.180000 83.754997
523.625000 89.692345 0.181000 83.864998
523.625000 89.897743 0.181000 83.945000
523.625000 89.897743 0.181000 84.055000
523.625000 90.102104 0.181000 84.150002
523.625000 90.307510 0.181000 84.264999
523.750000 90.307510 0.181000 84.349998
523.875000 90.509972 0.181000 84.455002
523.875000 90.713669 0.181000 84.555000
524.000000 90.918015 0.181000 84.639999
524.000000 90.918015 0.181000 84.754997
524.000000 91.146095 0.173000 84.845001
524.000000 91.372025 0.173000 84.955002
524.000000 91.587097 0.173000 85.040001
524.000000 91.787758 0.173000 85.154999
524.000000 91.787758 0.173000 85.235001
524.000000 91.787758 0.173000 85.349998
524.000000 91.999634 0.173000 85.430000
524.125000 91.999634 0.173000 85.555000
524.125000 91.999634 0.173000 85.635002
524.125000 91.999634 0.173000 85.745003
524.125000 92.199631 0.160000 85.860001
524.250000 92.199631 0.160000 85.945000
524.250000 92.199631 0.160000 86.059998
524.250000 92.199631 0.160000 86.139999
524.250000 92.199631 0.160000 86.254997
524.250000 92.199631 0.160000 86.334999
524.250000 92.199631 0.160000 86.449997
524.250000 92.199631 0.160000 86.540001
524.250000 92.199631 0.160000 86.654999
524.250000 92.199631 0.160000 86.745003
524.375000 92.199631 0.142000 86.860001
524.375000 92.199631 0.142000 86.945000
524.375000 92.199631 0.142000 87.055000
524.375000 92.199631 0.142000 87.144997
524.375000 92.199631 0.142000 87.254997
524.375000 92.199631 0.142000 87.345001
524.375000 92.199631 0.142000 87.459999
524.375000 92.199631 0.142000 87.555000
524.375000 92.199631 0.142000 87.639999
524.375000 92.199631 0.142000 87.754997
524.375000 92.199631 0.138000 87.845001
524.375000 92.409187 0.138000 87.949997
524.375000 92.409187 0.138000 88.040001
524.375000 92.625862 0.138000 88.154999
524.375000 92.831711 0.138000 88.239998
524.375000 93.039574 0.138000 88.360001
524.375000 93.039574 0.138000 88.445000
524.375000 93.240479 0.138000 88.550003
524.500000 93.445282 0.138000 88.644997
524.625000 93.445282 0.138000 88.760002
524.625000 93.671600 0.155000 88.845001
524.625000 93.671600 0.155000 88.955002
524.750000 93.874695 0.155000 89.044998
524.750000 93.874695 0.155000 89.154999
524.750000 94.085045 0.155000 89.260002
524.750000 94.085045 0.155000 89.339996
524.750000 94.287270 0.155000 89.455002
524.750000 94.287270 0.155000 89.529999
524.750000 94.487984 0.155000 89.654999
524.750000 94.487984 0.155000 89.735001
525.250000 94.690140 0.155000 89.849998
525.375000 94.690140 0.155000 89.955002
525.625000 94.894691 0.155000 90.044998
526.000000 94.894691 0.155000 90.154999
526.125000 95.098404 0.155000 90.239998
526.125000 95.302574 0.155000 90.355003
526.500000 95.302574 0.155000 90.455002
527.000000 95.507256 0.155000 90.540001
527.500000 95.707825 0.155000 90.660004
527.500000 95.707825 0.155000 90.745003
527.625000 95.916954 0.186000 90.855003
528.125000 96.119453 0.186000 90.940002
528.250000 96.338013 0.186000 91.055000
528.375000 96.338013 0.186000 91.139999
528.625000 96.541733 0.186000 91.254997
528.625000 96.778381 0.186000 91.345001
528.750000 96.979759 0.186000 91.455002
528.875000 96.979759 0.186000 91.544998
528.875000 97.381233 0.186000 91.660004
529.000000 97.381233 0.186000 91.754997
529.625000 97.606125 0.199000 91.839996
529.750000 97.843658 0.199000 91.955002
530.500000 98.082489 0.199000 92.035004
530.625000 98.321899 0.199000 92.160004
530.750000 98.531479 0.199000 92.245003
530.875000 98.740967 0.199000 92.360001
531.000000 98.740967 0.199000 92.445000
531.375000 98.960533 0.199000 92.555000
531.375000 99.200233 0.199000 92.639999
531.500000 99.439941 0.199000 92.754997
531.625000 99.647575 0.196000 92.845001
531.750000 99.848228 0.196000 92.955002
531.875000 100.067139 0.196000 93.040001
531.875000 100.290367 0.196000 93.154999
532.000000 100.497032 0.196000 93.250000
532.125000 100.497032 0.196000 93.334999
532.125000 100.914337 0.196000 93.455002
532.500000 100.914337 0.196000 93.540001
533.250000 101.123833 0.196000 93.650002
533.875000 101.333588 0.196000 93.754997
534.000000 101.553024 0.209000 93.839996
534.375000 101.759491 0.209000 93.959999
534.625000 101.965820 0.209000 94.040001
534.625000 102.203194 0.209000 94.160004
534.875000 102.451759 0.209000 94.245003
534.875000 102.671066 0.209000 94.360001
535.750000 102.880646 0.209000 94.445000
536.125000 103.090347 0.209000 94.559998
536.500000 103.090347 0.209000 94.644997
537.500000 103.310104 0.209000 94.754997
537.500000 103.519653 0.191000 94.849998
537.875000 103.725456 0.191000 94.959999
538.000000 103.945587 0.191000 95.055000
538.125000 104.178436 0.191000 95.144997
539.000000 104.381218 0.191000 95.260002
539.250000 104.381218 0.191000 95.355003
539.750000 104.585815 0.191000 95.440002
539.750000 104.800583 0.191000 95.559998
539.875000 104.800583 0.191000 95.644997
540.250000 105.007965 0.191000 95.750000
540.625000 105.223679 0.208000 95.839996
540.875000 105.427658 0.208000 95.955002
541.875000 105.427658 0.208000 96.044998
541.875000 105.643166 0.208000 96.154999
542.875000 105.843224 0.208000 96.239998
543.000000 105.843224 0.208000 96.355003
543.125000 106.051468 0.208000 96.440002
543.375000 106.254105 0.208000 96.555000
543.375000 106.455605 0.208000 96.644997
543.375000 106.455605 0.208000 96.754997
543.500000 106.657646 0.207000 96.839996
543.625000 106.860184 0.207000 96.955002
545.250000 106.860184 0.207000 97.040001
546.750000 107.062904 0.207000 97.154999
548.125000 107.266586 0.207000 97.245003
549.250000 107.471024 0.207000 97.355003
549.875000 107.471024 0.207000 97.440002
551.000000 107.675659 0.207000 97.555000
552.500000 107.894722 0.207000 97.635002
553.625000 108.120209 0.207000 97.760002
555.000000 108.324036 0.202000 97.845001
555.375000 108.530869 0.202000 97.955002
555.750000 108.769096 0.202000 98.044998
555.875000 108.988327 0.202000 98.154999
555.875000 108.988327 0.202000 98.235001
556.000000 109.417732 0.202000 98.349998
556.000000 109.627563 0.202000 98.455002
556.125000 109.627563 0.202000 98.544998
556.125000 109.837387 0.202000 98.654999
556.125000 110.077225 0.202000 98.745003
556.250000 110.317093 0.186000 98.855003
556.250000 110.556999 0.186000 98.940002
556.375000 110.786919 0.186000 99.055000
556.375000 110.996841 0.186000 99.144997
556.375000 111.206772 0.186000 99.260002
556.500000 111.206772 0.186000 99.345001
556.875000 111.426651 0.186000 99.455002
557.250000 111.666031 0.186000 99.535004
557.500000 111.895294 0.186000 99.650002
557.500000 112.143600 0.186000 99.735001
557.875000 112.379387 0.171000 99.860001
558.375000 112.583473 0.171000 99.955002
559.000000 112.583473 0.171000 100.040001
559.000000 112.997231 0.171000 100.150002
559.000000 112.997231 0.171000 100.235001
559.250000 113.206238 0.171000 100.349998
559.750000 113.445946 0.171000 100.445000
560.500000 113.646011 0.171000 100.555000
560.750000 113.855606 0.171000 100.644997
560.750000 114.084885 0.171000 100.754997
560.875000 114.293213 0.171000 100.845001
560.875000 114.495155 0.250000 100.955002
560.875000 114.701820 0.250000 101.040001
561.250000 114.701820 0.250000 101.150002
561.250000 114.903320 0.250000 101.260002
561.250000 114.903320 0.250000 101.364998
561.375000 115.107040 0.250000 101.449997
561.375000 115.107040 0.250000 101.535004
561.500000 115.107040 0.250000 101.650002
561.625000 115.107040 0.250000 101.754997
561.750000 115.107040 0.233000 101.845001
561.875000 115.107040 0.233000 101.955002
561.875000 115.107040 0.233000 102.050003
561.875000 115.307892 0.233000 102.144997
562.125000 115.307892 0.233000 102.260002
562.375000 115.307892 0.233000 102.349998
562.375000 115.307892 0.233000 102.434998
562.500000 115.307892 0.233000 102.544998
562.500000 115.307892 0.233000 102.665001
562.625000 115.307892 0.233000 102.745003
562.625000 115.307892 0.220000 102.860001
562.625000 115.307892 0.220000 102.949997
562.625000 115.508865 0.220000 103.055000
562.875000 115.508865 0.220000 103.139999
563.250000 115.732285 0.220000 103.254997
563.250000 115.948395 0.220000 103.349998
563.500000 116.153992 0.220000 103.455002
563.625000 116.357170 0.220000 103.544998
563.625000 116.563782 0.220000 103.660004
563.875000 116.771683 0.220000 103.750000
564.000000 116.979515 0.220000 103.856003
564.000000 116.979515 0.226000 103.945000
564.375000 117.187668 0.226000 104.044998
564.375000 117.396790 0.226000 104.135002
564.375000 117.606590 0.226000 104.254997
564.500000 117.836823 0.226000 104.345001
564.500000 118.037262 0.226000 104.464996
564.750000 118.237808 0.226000 104.550003
564.875000 118.438393 0.226000 104.654999
564.875000 118.638954 0.226000 104.735001
565.000000 118.848854 0.226000 104.849998
565.000000 119.063438 0.272000 104.949997
565.250000 119.289131 0.272000 105.040001
565.625000 119.497391 0.272000 105.154999
565.625000 119.497391 0.272000 105.250000
565.625000 119.707329 0.272000 105.334999
565.750000 119.909912 0.272000 105.455002
565.875000 120.117325 0.272000 105.540001
566.000000 120.117325 0.272000 105.650002
566.125000 120.323463 0.272000 105.735001
566.250000 120.523949 0.272000 105.855003
566.375000 120.725021 0.235000 105.940002
566.375000 120.725021 0.235000 106.055000
566.625000 120.957932 0.235000 106.150002
566.875000 121.187325 0.235000 106.235001
567.000000 121.390823 0.235000 106.345001
567.375000 121.604340 0.235000 106.455002
567.375000 121.806915 0.235000 106.555000
567.500000 121.806915 0.235000 106.644997
567.625000 122.014664 0.235000 106.754997
567.750000 122.214882 0.235000 106.839996
567.750000 122.420937 0.281000 106.949997
567.875000 122.621590 0.281000 107.055000
567.875000 122.621590 0.281000 107.144997
567.875000 122.621590 0.281000 107.254997
568.000000 122.832008 0.281000 107.339996
568.250000 122.832008 0.281000 107.459999
568.250000 122.832008 0.281000 107.555000
568.500000 122.832008 0.281000 107.660004
568.625000 123.032600 0.281000 107.750000
568.625000 123.032600 0.245000 107.855003
568.875000 123.032600 0.245000 107.934998
568.875000 123.032600 0.245000 108.050003
568.875000 123.032600 0.245000 108.154999
568.875000 123.032600 0.245000 108.239998
569.000000 123.032600 0.245000 108.355003
569.000000 123.032600 0.245000 108.445000
569.125000 123.032600 0.245000 108.555000
569.250000 123.032600 0.245000 108.639999
569.250000 123.032600 0.245000 108.754997
569.250000 123.032600 0.227000 108.845001
569.250000 123.032600 0.227000 108.959999
569.250000 123.032600 0.227000 109.055000
569.250000 123.032600 0.227000 109.144997
569.250000 123.032600 0.227000 109.254997
569.375000 123.032600 0.227000 109.345001
569.375000 123.032600 0.227000 109.455002
569.500000 123.032600 0.227000 109.540001
569.625000 123.032600 0.227000 109.654999
569.625000 123.235786 0.227000 109.735001
569.625000 123.443840 0.229000 109.855003
569.625000 123.443840 0.229000 109.940002
569.625000 123.660606 0.229000 110.044998
569.625000 123.861130 0.229000 110.160004
569.750000 123.861130 0.229000 110.245003
569.750000 124.064041 0.229000 110.355003
569.875000 124.268814 0.229000 110.445000
570.000000 124.485512 0.229000 110.556000
570.000000 124.714264 0.229000 110.639999
570.000000 124.938889 0.229000 110.754997
570.125000 125.145790 0.242000 110.845001
570.125000 125.351601 0.242000 110.955002
570.375000 125.555130 0.242000 111.059998
570.375000 125.555130 0.242000 111.144997
570.375000 125.757927 0.242000 111.254997
570.375000 125.757927 0.242000 111.345001
570.375000 125.961090 0.242000 111.449997
570.375000 125.961090 0.242000 111.540001
570.500000 125.961090 0.242000 111.654999
570.500000 125.961090 0.242000 111.739998
570.625000 125.961090 0.242000 111.855003
570.625000 125.961090 0.236000 111.940002
570.625000 126.162170 0.236000 112.055000
570.625000 126.162170 0.236000 112.139999
570.625000 126.162170 0.236000 112.254997
570.625000 126.162170 0.236000 112.345001
570.750000 126.162170 0.236000 112.449997
570.750000 126.162170 0.236000 112.544998
570.750000 126.162170 0.236000 112.654999
570.750000 126.162170 0.236000 112.739998
570.750000 126.162170 0.236000 112.855003
570.750000 126.162170 0.243000 112.940002
570.750000 126.162170 0.243000 113.055000
570.750000 126.162170 0.243000 113.139999
570.750000 126.162170 0.243000 113.250000
570.750000 126.162170 0.243000 113.330002
570.750000 126.366722 0.243000 113.459999
570.750000 126.366722 0.243000 113.550003
570.875000 126.568794 0.243000 113.654999
571.000000 126.787025 0.243000 113.745003
571.000000 126.987289 0.243000 113.855003
571.000000 127.193802 0.247000 113.940002
571.125000 127.402939 0.247000 114.059998
571.250000 127.612602 0.247000 114.144997
571.250000 127.821182 0.247000 114.254997
571.375000 127.821182 0.247000 114.345001
571.375000 128.029419 0.247000 114.455002
571.375000 128.263657 0.247000 114.540001
571.500000 128.466232 0.247000 114.654999
571.500000 128.466232 0.247000 114.745003
571.625000 128.666290 0.247000 114.855003
571.625000 128.870148 0.263000 114.934998
571.750000 128.870148 0.263000 115.059998
571.750000 129.087692 0.263000 115.150002
571.750000 129.087692 0.263000 115.260002
571.750000 129.290237 0.263000 115.345001
571.750000 129.290237 0.263000 115.449997
571.750000 129.290237 0.263000 115.540001
571.750000 129.290237 0.263000 115.654999
571.750000 129.290237 0.263000 115.739998
571.750000 129.290237 0.209000 115.855003
571.875000 129.290237 0.209000 115.949997
571.875000 129.490738 0.209000 116.040001
571.875000 129.490738 0.209000 116.150002
571.875000 129.490738 0.209000 116.254997
571.875000 129.490738 0.209000 116.339996
571.875000 129.490738 0.209000 116.455002
571.875000 129.490738 0.209000 116.544998
572.000000 129.490738 0.209000 116.654999
572.000000 129.490738 0.209000 116.739998
572.000000 129.490738 0.189000 116.855003
572.000000 129.490738 0.189000 116.940002
572.000000 129.490738 0.189000 117.055000
572.000000 129.490738 0.189000 117.150002
572.000000 129.490738 0.189000 117.235001
572.000000 129.490738 0.189000 117.355003
572.000000 129.490738 0.189000 117.440002
572.000000 129.490738 0.189000 117.559998
572.000000 129.490738 0.189000 117.644997
572.000000 129.490738 0.189000 117.754997
572.000000 129.490738 0.197000 117.839996
572.000000 129.490738 0.197000 117.949997
572.000000 129.490738 0.197000 118.059998
572.000000 129.490738 0.197000 118.154999
572.000000 129.490738 0.197000 118.250000
572.000000 129.490738 0.197000 118.345001
572.000000 129.490738 0.197000 118.455002
572.000000 129.490738 0.197000 118.544998
572.000000 129.490738 0.197000 118.654999
572.000000 129.490738 0.197000 118.745003
572.000000 129.490738 0.185000 118.860001
572.000000 129.490738 0.185000 118.945000
572.000000 129.490738 0.185000 119.035004
572.000000 129.490738 0.185000 119.154999
572.000000 129.490738 0.185000 119.239998
572.000000 129.490738 0.185000 119.355003
572.000000 129.490738 0.185000 119.440002
572.000000 129.490738 0.185000 119.555000
572.000000 129.490738 0.185000 119.639999
572.000000 129.490738 0.185000 119.754997
572.000000 129.490738 0.177000 119.845001
572.000000 129.490738 0.177000 119.955002
572.000000 129.490738 0.177000 120.044998
572.000000 129.490738 0.177000 120.160004
572.000000 129.490738 0.177000 120.245003
572.000000 129.702377 0.177000 120.360001
572.125000 129.927322 0.177000 120.445000
572.125000 129.927322 0.177000 120.555000
572.125000 130.144165 0.177000 120.639999
572.250000 130.344772 0.177000 120.754997
572.375000 130.547745 0.209000 120.845001
572.375000 130.547745 0.209000 120.955002
572.500000 130.756424 0.209000 121.044998
572.625000 130.961929 0.209000 121.154999
572.625000 131.184326 0.209000 121.264999
572.625000 131.396469 0.209000 121.349998
572.750000 131.602692 0.209000 121.434998
572.750000 131.810760 0.209000 121.555000
572.875000 131.810760 0.209000 121.639999
572.875000 132.229263 0.209000 121.750000
572.875000 132.229263 0.209000 121.839996
573.000000 132.438934 0.228000 121.949997
573.000000 132.652893 0.228000 122.050003
573.125000 132.854034 0.228000 122.144997
573.250000 133.056015 0.228000 122.260002
573.250000 133.056015 0.228000 122.345001
573.250000 133.056015 0.228000 122.449997
573.250000 133.258118 0.228000 122.535004
573.375000 133.258118 0.228000 122.654999
573.375000 133.258118 0.228000 122.739998
573.375000 133.258118 0.186000 122.855003
573.375000 133.258118 0.186000 122.940002
573.375000 133.258118 0.186000 123.055000
573.375000 133.258118 0.186000 123.135002
573.375000 133.258118 0.186000 123.254997
573.375000 133.258118 0.186000 123.345001
573.375000 133.458359 0.186000 123.455002
573.375000 133.458359 0.186000 123.544998
573.375000 133.458359 0.186000 123.660004
573.375000 133.458359 0.186000 123.745003
573.375000 133.458359 0.167000 123.860001
573.375000 133.458359 0.167000 123.945000
573.375000 133.458359 0.167000 124.055000
573.375000 133.458359 0.167000 124.144997
573.375000 133.458359 0.167000 124.254997
573.375000 133.458359 0.167000 124.345001
573.375000 133.458359 0.167000 124.455002
573.375000 133.458359 0.167000 124.544998
573.375000 133.458359 0.167000 124.654999
573.375000 133.458359 0.167000 124.745003
573.375000 133.458359 0.164000 124.855003
573.375000 133.458359 0.164000 124.940002
573.375000 133.661240 0.164000 125.055000
573.500000 133.661240 0.164000 125.144997
573.500000 133.866135 0.164000 125.260002
573.500000 134.100159 0.164000 125.355003
573.500000 134.100159 0.164000 125.440002
573.500000 134.304947 0.164000 125.559998
573.500000 134.541824 0.164000 125.654999
573.500000 134.541824 0.164000 125.739998
573.500000 134.742508 0.189000 125.855003
573.500000 134.966354 0.189000 125.940002
573.500000 135.169434 0.189000 126.055000
573.500000 135.169434 0.189000 126.154999
573.500000 135.373566 0.189000 126.245003
573.500000 135.578293 0.189000 126.355003
573.500000 135.578293 0.189000 126.445000
573.500000 135.783157 0.189000 126.555000
573.500000 135.993362 0.189000 126.639999
573.500000 136.218307 0.189000 126.754997
573.500000 136.421738 0.206000 126.849998
573.500000 136.627731 0.206000 126.959999
573.500000 136.848572 0.206000 127.044998
573.500000 136.848572 0.206000 127.154999
573.500000 137.064713 0.206000 127.239998
573.500000 137.064713 0.206000 127.355003
573.500000 137.267654 0.206000 127.445000
573.500000 137.267654 0.206000 127.559998
573.500000 137.267654 0.206000 127.644997
573.500000 137.267654 0.206000 127.754997
573.500000 137.468353 0.206000 127.845001
573.500000 137.468353 0.223000 127.955002
573.500000 137.468353 0.223000 128.044998
573.500000 137.468353 0.223000 128.154999
573.500000 137.468353 0.223000 128.240005
573.500000 137.468353 0.223000 128.354996
573.500000 137.468353 0.223000 128.440002
573.500000 137.468353 0.223000 128.554993
573.500000 137.468353 0.223000 128.645004
573.500000 137.468353 0.223000 128.755005
573.500000 137.468353 0.199000 128.839996
573.500000 137.468353 0.199000 128.955002
573.500000 137.468353 0.199000 129.035004
573.500000 137.468353 0.199000 129.154999
573.500000 137.468353 0.199000 129.240005
573.500000 137.468353 0.199000 129.350006
573.500000 137.468353 0.199000 129.445007
573.500000 137.468353 0.199000 129.554993
573.500000 137.468353 0.199000 129.639999
573.500000 137.468353 0.199000 129.750000
573.500000 137.468353 0.187000 129.839996
573.500000 137.468353 0.187000 129.955002
573.500000 137.468353 0.187000 130.039993
573.500000 137.468353 0.187000 130.154999
573.500000 137.686325 0.187000 130.244995
573.500000 137.887253 0.187000 130.354996
573.500000 137.887253 0.187000 130.445007
573.500000 138.087662 0.187000 130.544998
573.500000 138.290039 0.187000 130.649994
573.500000 138.290039 0.187000 130.750000
573.500000 138.490036 0.197000 130.854996
573.500000 138.490036 0.197000 130.945007
573.500000 138.691284 0.197000 131.054993
573.625000 138.892471 0.197000 131.149994
573.625000 138.892471 0.197000 131.255005
573.625000 139.094620 0.197000 131.345001
573.750000 139.094620 0.197000 131.460007
573.750000 139.094620 0.197000 131.544998
573.750000 139.297607 0.197000 131.654999
573.750000 139.297607 0.197000 131.740005
573.750000 139.498581 0.228000 131.860001
573.750000 139.498581 0.228000 131.945007
573.750000 139.498581 0.228000 132.054993
573.750000 139.498581 0.228000 132.145004
573.750000 139.703781 0.228000 132.255005
573.750000 139.910172 0.228000 132.339996
573.750000 139.910172 0.228000 132.455002
573.875000 140.118744 0.228000 132.544998
573.875000 140.323669 0.228000 132.654999
573.875000 140.323669 0.228000 132.740005
574.000000 140.524780 0.228000 132.854996
574.125000 140.729614 0.230000 132.940002
574.125000 140.930603 0.230000 133.050003
574.125000 141.131561 0.230000 133.125000
574.125000 141.341492 0.230000 133.250000
574.250000 141.545853 0.230000 133.360001
574.250000 141.751724 0.230000 133.455002
574.375000 141.958801 0.230000 133.544998
574.375000 142.166885 0.230000 133.654999
574.375000 142.166885 0.230000 133.740005
574.500000 142.375320 0.230000 133.854996
574.500000 142.613846 0.231000 133.934998
574.500000 142.860764 0.231000 134.054993
574.625000 143.081848 0.231000 134.139999
574.625000 143.288177 0.231000 134.250000
574.625000 143.288177 0.231000 134.324997
574.750000 143.500839 0.231000 134.455002
574.875000 143.705612 0.231000 134.544998
574.875000 143.705612 0.231000 134.654999
574.875000 143.931244 0.231000 134.744995
575.000000 144.136139 0.231000 134.854996
575.000000 144.136139 0.255000 134.940002
575.125000 144.341919 0.255000 135.044998
575.250000 144.549622 0.255000 135.154999
575.375000 144.752609 0.255000 135.255005
575.500000 144.752609 0.255000 135.345001
575.500000 144.956894 0.255000 135.455002
575.625000 145.175446 0.255000 135.535004
575.625000 145.376923 0.255000 135.660004
575.750000 145.376923 0.255000 135.744995
575.750000 145.598572 0.220000 135.850006
575.875000 145.804565 0.220000 135.940002
575.875000 145.804565 0.220000 136.054993
575.875000 146.007141 0.220000 136.139999
576.125000 146.211151 0.220000 136.255005
576.250000 146.211151 0.220000 136.339996
576.250000 146.413773 0.220000 136.455002
576.375000 146.614166 0.220000 136.539993
576.375000 146.826279 0.220000 136.654999
576.375000 146.826279 0.220000 136.740005
576.500000 147.028091 0.220000 136.854996
576.625000 147.251007 0.223000 136.940002
576.625000 147.251007 0.223000 137.054993
576.625000 147.452621 0.223000 137.134995
576.625000 147.452621 0.223000 137.250000
576.625000 147.653976 0.223000 137.360001
576.750000 147.653976 0.223000 137.445007
576.750000 147.653976 0.223000 137.554993
576.750000 147.653976 0.223000 137.639999
576.750000 147.653976 0.223000 137.755005
576.750000 147.653976 0.217000 137.839996
576.875000 147.854034 0.217000 137.955002
576.875000 147.854034 0.217000 138.044998
576.875000 147.854034 0.217000 138.154999
576.875000 147.854034 0.217000 138.244995
577.000000 147.854034 0.217000 138.360001
577.000000 147.854034 0.217000 138.445007
577.000000 147.854034 0.217000 138.559998
577.000000 147.854034 0.217000 138.645004
577.125000 147.854034 0.217000 138.755005
577.125000 147.854034 0.200000 138.850006
577.125000 147.854034 0.200000 138.934998
577.250000 147.854034 0.200000 139.054993
577.250000 147.854034 0.200000 139.139999
577.250000 147.854034 0.200000 139.244995
577.250000 147.854034 0.200000 139.345001
577.250000 147.854034 0.200000 139.440002
577.250000 147.854034 0.200000 139.544998
577.250000 147.854034 0.200000 139.649994
577.250000 147.854034 0.200000 139.744995
577.250000 148.072128 0.221000 139.860001
577.375000 148.274216 0.221000 139.945007
577.875000 148.274216 0.221000 140.029999
577.875000 148.682968 0.221000 140.154999
578.000000 148.682968 0.221000 140.240005
578.000000 148.886734 0.221000 140.354996
578.125000 149.113434 0.221000 140.445007
578.500000 149.321930 0.221000 140.554993
578.875000 149.531143 0.221000 140.639999
578.875000 149.750351 0.221000 140.755005
579.375000 149.959488 0.215000 140.850006
579.625000 150.178757 0.215000 140.929993
579.750000 150.388336 0.215000 141.059998
580.125000 150.608307 0.215000 141.145004
580.125000 150.808487 0.215000 141.250000
580.625000 151.008789 0.215000 141.345001
580.875000 151.209167 0.215000 141.460007
581.125000 151.429642 0.215000 141.554993
581.500000 151.629944 0.215000 141.639999
582.000000 151.839874 0.215000 141.759995
582.125000 152.046249 0.215000 141.854996
582.375000 152.046249 0.269000 141.945007
582.375000 152.253677 0.269000 142.054993
582.500000 152.494125 0.269000 142.145004
582.750000 152.694489 0.269000 142.255005
582.875000 152.894562 0.269000 142.350006
583.000000 153.099991 0.269000 142.434998
583.625000 153.304276 0.269000 142.544998
583.875000 153.524933 0.269000 142.654999
584.000000 153.524933 0.269000 142.740005
584.000000 153.729004 0.216000 142.850006
584.000000 153.950394 0.216000 142.960007
584.375000 153.950394 0.216000 143.044998
584.375000 154.154846 0.216000 143.154999
584.375000 154.154846 0.216000 143.240005
584.375000 154.355423 0.216000 143.354996
584.375000 154.355423 0.216000 143.445007
584.500000 154.355423 0.216000 143.554993
584.750000 154.355423 0.216000 143.645004
584.750000 154.355423 0.216000 143.755005
584.750000 154.556244 0.208000 143.845001
584.750000 154.556244 0.208000 143.949997
584.750000 154.556244 0.208000 144.035004
584.750000 154.556244 0.208000 144.154999
584.750000 154.556244 0.208000 144.240005
584.750000 154.556244 0.208000 144.360001
584.875000 154.556244 0.208000 144.455002
584.875000 154.556244 0.208000 144.539993
584.875000 154.556244 0.208000 144.654999
584.875000 154.556244 0.208000 144.740005
584.875000 154.556244 0.141000 144.860001
584.875000 154.556244 0.141000 144.945007
584.875000 154.556244 0.141000 145.059998
584.875000 154.556244 0.141000 145.145996
584.875000 154.556244 0.141000 145.255005
584.875000 154.556244 0.141000 145.345001
584.875000 154.556244 0.141000 145.455002
584.875000 154.556244 0.141000 145.539993
584.875000 154.556244 0.141000 145.654999
584.875000 154.556244 0.141000 145.740005
584.875000 154.556244 0.134000 145.854996
584.875000 154.556244 0.134000 145.945007
584.875000 154.556244 0.134000 146.054993
584.875000 154.556244 0.134000 146.145004
585.000000 154.556244 0.134000 146.259995
585.125000 154.556244 0.134000 146.345001
585.125000 154.556244 0.134000 146.455002
585.250000 154.775635 0.134000 146.539993
585.250000 154.982590 0.134000 146.654999
585.625000 155.186798 0.134000 146.744995
585.625000 155.391220 0.177000 146.854996
585.625000 155.391220 0.177000 146.940002
585.625000 155.804749 0.177000 147.059998
585.625000 155.804749 0.177000 147.145004
585.625000 156.009964 0.177000 147.259995
585.625000 156.243378 0.177000 147.345001
585.750000 156.444504 0.177000 147.460007
585.750000 156.444504 0.177000 147.554993
585.750000 156.662140 0.177000 147.654999
585.875000 156.662140 0.177000 147.755005
586.125000 156.864136 0.223000 147.845001
586.125000 156.864136 0.223000 147.955002
586.500000 157.069214 0.223000 148.039993
586.750000 157.269760 0.223000 148.154999
586.750000 157.269760 0.223000 148.244995
586.875000 157.488403 0.223000 148.354996
587.000000 157.488403 0.223000 148.434998
587.000000 157.700516 0.223000 148.554993
587.125000 157.906372 0.223000 148.645004
587.375000 158.127075 0.223000 148.759995
587.500000 158.127075 0.244000 148.845001
587.500000 158.332199 0.244000 148.960007
587.500000 158.557632 0.244000 149.050003
587.625000 158.557632 0.244000 149.154999
587.625000 158.780914 0.244000 149.244995
587.625000 158.984985 0.244000 149.354996
587.875000 158.984985 0.244000 149.440002
588.000000 159.189911 0.244000 149.554993
588.000000 159.394699 0.244000 149.645004
588.000000 159.622482 0.244000 149.755005
588.125000 159.622482 0.244000 149.835007
588.125000 159.827301 0.247000 149.949997
588.125000 160.034241 0.247000 150.050003
588.125000 160.235886 0.247000 150.145004
588.250000 160.435989 0.247000 150.259995
588.375000 160.644806 0.247000 150.345001
588.375000 160.644806 0.247000 150.445007
588.375000 160.868805 0.247000 150.559998
588.375000 161.115753 0.247000 150.654999
588.375000 161.324509 0.247000 150.740005
588.500000 161.533798 0.230000 150.850006
588.500000 161.752518 0.230000 150.925003
588.500000 161.993896 0.230000 151.054993
588.500000 161.993896 0.230000 151.145004
588.500000 162.194244 0.230000 151.255005
588.500000 162.396103 0.230000 151.339996
588.500000 162.607742 0.230000 151.455002
588.500000 162.607742 0.230000 151.539993
588.500000 162.809204 0.230000 151.654999
588.500000 163.009384 0.230000 151.759995
588.500000 163.211151 0.230000 151.845001
588.500000 163.211151 0.258000 151.960007
588.500000 163.436737 0.258000 152.044998
588.625000 163.641129 0.258000 152.154999
588.625000 163.641129 0.258000 152.244995
588.625000 163.852814 0.258000 152.360001
588.750000 164.055267 0.258000 152.445007
588.875000 164.255768 0.258000 152.550003
589.000000 164.255768 0.258000 152.639999
589.125000 164.456696 0.258000 152.755005
589.125000 164.660568 0.258000 152.850006
589.375000 164.865570 0.245000 152.955002
589.625000 164.865570 0.245000 153.054993
589.625000 165.079895 0.245000 153.145004
589.875000 165.281601 0.245000 153.259995
589.875000 165.281601 0.245000 153.350006
589.875000 165.281601 0.245000 153.455002
589.875000 165.482010 0.245000 153.550003
590.250000 165.482010 0.245000 153.645004
590.375000 165.482010 0.245000 153.759995
590.375000 165.482010 0.245000 153.845001
590.375000 165.482010 0.251000 153.955002
590.500000 165.482010 0.251000 154.035004
590.625000 165.482010 0.251000 154.154999
590.625000 165.482010 0.251000 154.240005
590.625000 165.482010 0.251000 154.354996
590.750000 165.482010 0.251000 154.440002
590.750000 165.482010 0.251000 154.554993
590.750000 165.482010 0.251000 154.645004
590.875000 165.482010 0.251000 154.755005
590.875000 165.482010 0.240000 154.839996
591.000000 165.683044 0.240000 154.949997
591.000000 165.683044 0.240000 155.035004
591.000000 165.886658 0.240000 155.154999
591.000000 166.090851 0.240000 155.244995
591.125000 166.292404 0.240000 155.354996
591.125000 166.292404 0.240000 155.440002
591.125000 166.518692 0.240000 155.550003
591.375000 166.732727 0.240000 155.654999
591.375000 166.732727 0.240000 155.740005
591.500000 166.933426 0.240000 155.850006
591.625000 167.143829 0.255000 155.960007
591.625000 167.347961 0.255000 156.044998
591.750000 167.347961 0.255000 156.154999
591.750000 167.552689 0.255000 156.250000
591.750000 167.757462 0.255000 156.365005
592.125000 167.757462 0.255000 156.445007
626.750000 167.964661 0.255000 156.554993
626.750000 168.198532 0.255000 156.639999
627.000000 168.198532 0.255000 156.750000
627.250000 168.399033 0.224000 156.839996
627.375000 168.604492 0.224000 156.955002
627.500000 168.604492 0.224000 157.044998
627.500000 168.808136 0.224000 157.160004
628.375000 169.008698 0.224000 157.250000
628.625000 169.211349 0.224000 157.339996
628.625000 169.211349 0.224000 157.455002
628.750000 169.416428 0.224000 157.539993
628.750000 169.617233 0.224000 157.654999
628.875000 169.617233 0.224000 157.744995
629.250000 169.827072 0.224000 157.854996
629.375000 170.030167 0.243000 157.945007
629.500000 170.249237 0.243000 158.059998
629.625000 170.249237 0.243000 158.154999
630.625000 170.461182 0.243000 158.240005
631.000000 170.667480 0.243000 158.350006
631.125000 170.667480 0.243000 158.429993
631.250000 170.893753 0.243000 158.550003
631.250000 171.095612 0.243000 158.634995
631.375000 171.296875 0.243000 158.755005
631.375000 171.522324 0.243000 158.839996
631.750000 171.750275 0.256000 158.949997
632.500000 171.989319 0.256000 159.029999
633.000000 172.219025 0.256000 159.145004
633.125000 172.421799 0.256000 159.229996
633.125000 172.643387 0.256000 159.354996
633.375000 172.853333 0.256000 159.440002
633.500000 172.853333 0.256000 159.539993
634.625000 173.063065 0.256000 159.645004
634.750000 173.480957 0.256000 159.755005
635.875000 173.480957 0.256000 159.845001
636.125000 173.684784 0.268000 159.955002
636.250000 173.892151 0.268000 160.039993
636.250000 174.093155 0.268000 160.154999
636.375000 174.093155 0.268000 160.235001
636.375000 174.302063 0.268000 160.354996
637.000000 174.302063 0.268000 160.445007
637.000000 174.302063 0.268000 160.554993
637.500000 174.302063 0.268000 160.639999
637.875000 174.302063 0.268000 160.755005
637.875000 174.502396 0.221000 160.835007
637.875000 174.502396 0.221000 160.960007
638.000000 174.502396 0.221000 161.039993
638.000000 174.502396 0.221000 161.160004
638.125000 174.502396 0.221000 161.244995
638.125000 174.502396 0.221000 161.350006
638.500000 174.502396 0.221000 161.440002
638.750000 174.502396 0.221000 161.554993
638.750000 174.502396 0.221000 161.639999
639.000000 174.502396 0.221000 161.755005
639.000000 174.502396 0.205000 161.839996
639.125000 174.502396 0.205000 161.955002
639.125000 174.502396 0.205000 162.044998
639.250000 174.502396 0.205000 162.160004
639.375000 174.502396 0.205000 162.255005
639.625000 174.502396 0.205000 162.339996
639.625000 174.502396 0.205000 162.449997
639.625000 174.502396 0.205000 162.535004
639.750000 174.502396 0.205000 162.645004
639.750000 174.502396 0.205000 162.755005
639.750000 174.502396 0.205000 162.845001
639.750000 174.502396 0.205000 162.955002
639.750000 174.502396 0.205000 163.039993
639.750000 174.703949 0.205000 163.154999
639.750000 174.933334 0.205000 163.240005
639.750000 175.141861 0.205000 163.354996
639.875000 175.141861 0.205000 163.440002
639.875000 175.564774 0.205000 163.559998
640.000000 175.564774 0.205000 163.639999
640.125000 175.770859 0.205000 163.759995
640.125000 176.017792 0.214000 163.854996
640.375000 176.223404 0.214000 163.940002
640.375000 176.424377 0.214000 164.050003
640.500000 176.625122 0.214000 164.130005
640.500000 176.831360 0.214000 164.250000
640.500000 176.831360 0.214000 164.345001
640.500000 177.054550 0.214000 164.455002
640.500000 177.259369 0.214000 164.535004
640.500000 177.259369 0.214000 164.654999
640.625000 177.493347 0.214000 164.750000
640.625000 177.721344 0.239000 164.854996
640.625000 177.721344 0.239000 164.940002
640.750000 177.928818 0.239000 165.054993
640.750000 178.160019 0.239000 165.139999
640.750000 178.363342 0.239000 165.255005
640.750000 178.363342 0.239000 165.339996
640.750000 178.564850 0.239000 165.460007
640.750000 178.775574 0.239000 165.544998
640.750000 178.992035 0.239000 165.649994
641.000000 179.193573 0.239000 165.755005
641.250000 179.193573 0.197000 165.839996
641.250000 179.393585 0.197000 165.955002
641.625000 179.621094 0.197000 166.039993
641.750000 179.621094 0.197000 166.154999
641.875000 179.821396 0.197000 166.255005
641.875000 180.051575 0.197000 166.339996
641.875000 180.051575 0.197000 166.455002
642.125000 180.285065 0.197000 166.544998
642.250000 180.491394 0.197000 166.654999
642.250000 180.491394 0.197000 166.740005
642.250000 180.698044 0.181000 166.854996
642.250000 180.898743 0.181000 166.949997
642.250000 181.100296 0.181000 167.039993
642.375000 181.100296 0.181000 167.149994
642.375000 181.302521 0.181000 167.229996
642.375000 181.505630 0.181000 167.350006
642.375000 181.709534 0.181000 167.434998
642.625000 181.709534 0.181000 167.535004
642.750000 181.921677 0.181000 167.649994
642.750000 182.136688 0.181000 167.735001
642.750000 182.339386 0.204000 167.854996
642.875000 182.339386 0.204000 167.945007
643.000000 182.556030 0.204000 168.054993
643.000000 182.758087 0.204000 168.139999
643.000000 182.964432 0.204000 168.259995
643.000000 182.964432 0.204000 168.345001
643.000000 182.964432 0.204000 168.460007
643.000000 183.165344 0.204000 168.554993
643.000000 183.165344 0.204000 168.645004
643.000000 183.165344 0.204000 168.755005
643.125000 183.165344 0.213000 168.839996
643.125000 183.165344 0.213000 168.955002
643.125000 183.165344 0.213000 169.039993
643.125000 183.365829 0.213000 169.160004
643.125000 183.365829 0.213000 169.244995
643.125000 183.365829 0.213000 169.354996
643.125000 183.365829 0.213000 169.440002
643.125000 183.365829 0.213000 169.554993
643.125000 183.365829 0.213000 169.645004
643.125000 183.365829 0.213000 169.755005
643.125000 183.365829 0.194000 169.850006
643.125000 183.365829 0.194000 169.955002
643.125000 183.365829 0.194000 170.050003
643.125000 183.365829 0.194000 170.134995
643.250000 183.365829 0.194000 170.250000
643.250000 183.365829 0.194000 170.335007
643.250000 183.568405 0.194000 170.455002
643.250000 183.768921 0.194000 170.544998
643.250000 183.976791 0.194000 170.654999
643.375000 183.976791 0.194000 170.744995
643.375000 184.182388 0.200000 170.854996
643.375000 184.425018 0.200000 170.955002
643.500000 184.632645 0.200000 171.044998
643.500000 184.851990 0.200000 171.154999
643.625000 185.092285 0.200000 171.240005
643.750000 185.292969 0.200000 171.354996
643.750000 185.503906 0.200000 171.445007
643.750000 185.704941 0.200000 171.524994
643.875000 185.906052 0.200000 171.645004
643.875000 186.106903 0.200000 171.755005
643.875000 186.324631 0.223000 171.854996
644.125000 186.530731 0.223000 171.945007
644.125000 186.530731 0.223000 172.054993
644.250000 186.752792 0.223000 172.139999
644.375000 186.958023 0.223000 172.250000
644.500000 187.161896 0.223000 172.339996
644.500000 187.161896 0.223000 172.460007
644.500000 187.369003 0.223000 172.544998
644.625000 187.574554 0.223000 172.654999
644.625000 187.574554 0.223000 172.740005
644.625000 187.779465 0.212000 172.854996
644.625000 187.984055 0.212000 172.945007
644.750000 188.189270 0.212000 173.050003
644.750000 188.189270 0.212000 173.139999
644.750000 188.418457 0.212000 173.259995
644.875000 188.619781 0.212000 173.339996
645.000000 188.619781 0.212000 173.460007
645.000000 188.844574 0.212000 173.539993
645.000000 189.047623 0.212000 173.649994
645.125000 189.047623 0.212000 173.744995
645.125000 189.258743 0.211000 173.854996
645.125000 189.462479 0.211000 173.955002
645.250000 189.667618 0.211000 174.050003
645.250000 189.667618 0.211000 174.160004
645.250000 189.870514 0.211000 174.255005
645.250000 189.870514 0.211000 174.345001
645.250000 189.870514 0.211000 174.429993
645.250000 189.870514 0.211000 174.559998
645.250000 189.870514 0.211000 174.654999
645.250000 190.071182 0.211000 174.735001
645.250000 190.071182 0.221000 174.854996
645.250000 190.071182 0.221000 174.940002
645.250000 190.071182 0.221000 175.050003
645.250000 190.071182 0.221000 175.160004
645.250000 190.276337 0.221000 175.259995
645.250000 190.276337 0.221000 175.345001
645.375000 190.497681 0.221000 175.455002
645.375000 190.698624 0.221000 175.539993
645.375000 190.900558 0.221000 175.654999
645.500000 191.101440 0.221000 175.740005
645.500000 191.306442 0.221000 175.854996
645.625000 191.513733 0.221000 175.949997
645.625000 191.721512 0.221000 176.054993
645.625000 191.721512 0.221000 176.139999
645.750000 191.923019 0.221000 176.255005
645.750000 192.124115 0.221000 176.339996
645.750000 192.334076 0.221000 176.455002
645.875000 192.535049 0.221000 176.544998
645.875000 192.535049 0.221000 176.654999
645.875000 192.747803 0.221000 176.740005
645.875000 192.952682 0.239000 176.850006
645.875000 193.158127 0.239000 176.964996
645.875000 193.158127 0.239000 177.050003
645.875000 193.359055 0.239000 177.154999
645.875000 193.576538 0.239000 177.235001
646.000000 193.778839 0.239000 177.350006
646.000000 193.778839 0.239000 177.440002
646.125000 194.182495 0.239000 177.554993
646.125000 194.182495 0.239000 177.645004
646.125000 194.388519 0.239000 177.755005
646.375000 194.625198 0.221000 177.835007
646.375000 194.862991 0.221000 177.955002
646.625000 195.098251 0.221000 178.039993
646.750000 195.302826 0.221000 178.160004
646.750000 195.302826 0.221000 178.250000
646.750000 195.509827 0.221000 178.354996
646.875000 195.740036 0.221000 178.440002
646.875000 195.944534 0.221000 178.559998
647.000000 195.944534 0.221000 178.645004
647.125000 196.155975 0.221000 178.755005
647.250000 196.359833 0.200000 178.845001
647.250000 196.359833 0.200000 178.955002
647.250000 196.577942 0.200000 179.050003
647.375000 196.577942 0.200000 179.154999
647.375000 196.793991 0.200000 179.244995
647.500000 196.793991 0.200000 179.354996
647.500000 196.793991 0.200000 179.449997
647.500000 196.999756 0.200000 179.554993
647.500000 196.999756 0.200000 179.645004
647.500000 196.999756 0.200000 179.759995
647.500000 196.999756 0.000000 179.854996
647.500000 196.999756 0.000000 179.940002
647.500000 196.999756 0.000000 180.054993
647.500000 196.999756 0.000000 180.139999
647.500000 196.999756 0.000000 180.255005
647.500000 196.999756 0.000000 180.335007
647.500000 196.999756 0.000000 180.455002
647.500000 196.999756 0.000000 180.535004
647.500000 196.999756 0.000000 180.654999
647.625000 196.999756 0.000000 180.750000
647.625000 196.999756 0.000000 180.839996
647.750000 196.999756 0.000000 180.955002
647.750000 196.999756 0.000000 181.039993
647.750000 196.999756 0.000000 181.154999
647.750000 196.999756 0.000000 181.240005
647.750000 196.999756 0.000000 181.354996
647.750000 196.999756 0.000000 181.440002
647.750000 196.999756 0.000000 181.554993
647.750000 196.999756 0.000000 181.639999
647.750000 196.999756 0.000000 181.755005
647.750000 196.999756 0.000000 181.839996
647.750000 196.999756 0.000000 181.960007
647.750000 196.999756 0.000000 182.039993
647.750000 196.999756 0.000000 182.154999
647.750000 196.999756 0.000000 182.240005
647.750000 197.215134 0.000000 182.354996
647.750000 197.417770 0.000000 182.440002
647.750000 197.417770 0.000000 182.559998
647.875000 197.630295 0.000000 182.639999
647.875000 197.831406 0.000000 182.755005
647.875000 198.035065 0.000000 182.850006
647.875000 198.035065 0.000000 182.934998
647.875000 198.247513 0.000000 183.054993
647.875000 198.452179 0.000000 183.145004
647.875000 198.653381 0.000000 183.255005
647.875000 198.653381 0.000000 183.335007
647.875000 198.887039 0.000000 183.449997
647.875000 199.103271 0.000000 183.559998
648.000000 199.337433 0.000000 183.654999
648.000000 199.546036 0.000000 183.744995
648.000000 199.754791 0.000000 183.850006
648.125000 199.960648 0.000000 183.945007
648.250000 200.166809 0.000000 184.054993
648.250000 200.166809 0.000000 184.139999
648.375000 200.389923 0.000000 184.255005
648.500000 200.594894 0.000000 184.339996
648.500000 200.795883 0.000000 184.455002
648.750000 200.795883 0.000000 184.539993
648.750000 201.008957 0.000000 184.654999
648.750000 201.213455 0.000000 184.740005
648.875000 201.213455 0.000000 184.854996
649.000000 201.432373 0.000000 184.955002
649.000000 201.432373 0.000000 185.050003
649.125000 201.635620 0.000000 185.154999
649.125000 201.635620 0.000000 185.250000
649.125000 201.635620 0.000000 185.360001
649.125000 201.836990 0.000000 185.449997
649.125000 201.836990 0.000000 185.529999
649.125000 201.836990 0.000000 185.645004
649.125000 201.836990 0.000000 185.755005
649.125000 201.836990 0.000000 185.839996
649.125000 201.836990 0.000000 185.955002
649.125000 201.836990 0.000000 186.039993
649.125000 201.836990 0.000000 186.154999
649.125000 201.836990 0.000000 186.244995
649.125000 201.836990 0.000000 186.354996
649.125000 201.836990 0.000000 186.440002
649.125000 201.836990 0.000000 186.559998
649.125000 201.836990 0.000000 186.639999
649.125000 201.836990 0.000000 186.755005
649.125000 201.836990 0.000000 186.839996
649.125000 201.836990 0.000000 186.949997
649.125000 201.836990 0.000000 187.039993
649.125000 201.836990 0.000000 187.149994
649.250000 202.037415 0.000000 187.235001
649.250000 202.237915 0.000000 187.354996
649.375000 202.237915 0.000000 187.445007
649.375000 202.458984 0.000000 187.554993
649.375000 202.665466 0.000000 187.645004
649.375000 202.665466 0.000000 187.755005
649.500000 202.867111 0.000000 187.845001
649.625000 203.070374 0.000000 187.955002
649.625000 203.273651 0.000000 188.044998
649.750000 203.273651 0.000000 188.149994
650.125000 203.478134 0.000000 188.264999
650.125000 203.698822 0.000000 188.345001
650.125000 203.698822 0.000000 188.455002
650.375000 203.927505 0.000000 188.539993
650.625000 204.133575 0.000000 188.654999
650.625000 204.337875 0.000000 188.750000
650.875000 204.337875 0.000000 188.839996
650.875000 204.540115 0.000000 188.945007
651.000000 204.540115 0.000000 189.044998
651.250000 204.743301 0.000000 189.154999
651.375000 204.743301 0.000000 189.250000
651.375000 204.743301 0.000000 189.339996
651.375000 204.743301 0.000000 189.449997
651.625000 204.743301 0.000000 189.554993
651.750000 204.944412 0.000000 189.634995
651.750000 204.944412 0.000000 189.755005
651.750000 204.944412 0.000000 189.850006
651.875000 204.944412 0.000000 189.955002
651.875000 204.944412 0.000000 190.044998
651.875000 204.944412 0.000000 190.154999
652.000000 204.944412 0.000000 190.240005
652.000000 204.944412 0.000000 190.354996
652.000000 204.944412 0.000000 190.440002
652.000000 204.944412 0.000000 190.550003
652.000000 204.944412 0.000000 190.639999
652.000000 204.944412 0.000000 190.755005
652.000000 204.944412 0.000000 190.839996
652.000000 204.944412 0.000000 190.949997
652.000000 204.944412 0.000000 191.054993
652.000000 204.944412 0.000000 191.145004
652.000000 204.944412 0.000000 191.255005
652.000000 204.944412 0.000000 191.339996
652.125000 204.944412 0.000000 191.455994
652.125000 204.944412 0.000000 191.550003
652.125000 204.944412 0.000000 191.634995
652.375000 204.944412 0.000000 191.755005
652.500000 204.944412 0.000000 191.839996
652.500000 204.944412 0.000000 191.955002
652.625000 204.944412 0.000000 192.044998
652.625000 204.944412 0.000000 192.154999
652.625000 204.944412 0.000000 192.244995
652.625000 204.944412 0.000000 192.354996
652.625000 204.944412 0.000000 192.449997
652.625000 204.944412 0.000000 192.529999
652.625000 204.944412 0.000000 192.645004
652.750000 204.944412 0.000000 192.755005
