92.750000 0.000000 0.220000 0.030000
111.625000 0.000000 0.220000 0.130000
124.000000 0.210582 0.220000 0.215000
130.875000 0.414417 0.220000 0.320000
136.625000 0.619470 0.220000 0.430000
144.250000 0.831458 0.220000 0.515000
150.250000 1.057657 0.220000 0.630000
156.375000 1.265562 0.256000 0.730000
163.125000 1.466821 0.256000 0.815000
168.875000 1.674643 0.256000 0.920000
174.000000 1.674643 0.256000 1.015000
178.375000 1.882340 0.256000 1.120000
182.375000 2.090925 0.256000 1.230000
186.000000 2.329374 0.256000 1.325000
189.250000 2.538314 0.256000 1.430000
192.375000 2.747716 0.256000 1.520000
194.375000 2.957238 0.256000 1.635000
196.500000 3.164312 0.261000 1.720000
198.125000 3.373073 0.261000 1.820000
200.750000 3.580789 0.261000 1.930000
204.375000 3.793085 0.261000 2.030000
208.125000 3.999123 0.261000 2.125000
211.625000 4.207074 0.261000 2.225000
215.750000 4.416060 0.261000 2.325000
219.500000 4.625562 0.261000 2.420000
223.375000 4.625562 0.261000 2.515000
226.750000 4.835285 0.279000 2.615000
229.375000 5.044545 0.279000 2.715000
232.750000 5.253193 0.279000 2.825000
237.375000 5.472048 0.279000 2.930000
242.000000 5.681240 0.279000 3.035000
245.875000 5.890468 0.279000 3.115000
248.625000 6.099707 0.279000 3.220000
252.250000 6.318777 0.279000 3.330000
254.000000 6.568001 0.279000 3.430000
257.125000 6.779214 0.279000 3.520000
261.250000 6.988858 0.279000 3.625000
265.250000 7.198606 0.293000 3.730000
268.000000 7.408428 0.293000 3.815000
269.625000 7.618301 0.293000 3.925000
271.875000 7.618301 0.293000 4.015000
273.625000 7.828224 0.293000 4.125000
275.375000 8.068155 0.293000 4.225000
278.625000 8.280224 0.293000 4.330000
280.375000 8.480371 0.293000 4.430000
281.250000 8.690190 0.293000 4.535000
282.250000 8.898303 0.293000 4.630000
282.875000 9.099304 0.274000 4.715000
284.250000 9.099304 0.274000 4.825000
285.375000 9.310945 0.274000 4.915000
285.750000 9.310945 0.274000 5.025000
286.250000 9.310945 0.274000 5.115000
286.750000 9.310945 0.274000 5.230000
287.000000 9.511813 0.274000 5.330000
287.500000 9.511813 0.274000 5.420000
288.000000 9.511813 0.274000 5.530000
288.375000 9.511813 0.274000 5.625000
288.500000 9.511813 0.212000 5.720000
288.625000 9.511813 0.212000 5.831000
289.125000 9.511813 0.212000 5.920000
289.125000 9.511813 0.212000 6.030000
289.250000 9.511813 0.212000 6.130000
289.625000 9.511813 0.212000 6.215000
289.875000 9.511813 0.212000 6.320000
289.875000 9.511813 0.212000 6.430000
290.500000 9.511813 0.212000 6.530000
290.500000 9.511813 0.212000 6.630000
290.500000 9.511813 0.193000 6.725000
290.500000 9.511813 0.193000 6.815000
291.125000 9.511813 0.193000 6.920000
291.625000 9.511813 0.193000 7.025000
291.750000 9.716035 0.193000 7.130000
292.250000 9.716035 0.193000 7.220000
292.875000 9.921376 0.193000 7.330000
293.125000 10.124673 0.193000 7.425000
293.625000 10.124673 0.193000 7.530000
294.250000 10.331897 0.193000 7.625000
294.375000 10.539101 0.206000 7.725000
294.500000 10.745856 0.206000 7.830000
295.250000 10.950425 0.206000 7.925000
295.500000 11.153052 0.206000 8.030000
296.000000 11.153052 0.206000 8.120000
296.375000 11.359084 0.206000 8.225000
297.250000 11.576743 0.206000 8.330000
297.750000 11.815386 0.206000 8.430000
299.250000 12.024714 0.206000 8.525000
300.125000 12.264186 0.206000 8.630000
300.875000 12.473826 0.230000 8.725000
301.000000 12.675776 0.230000 8.815000
301.125000 12.675776 0.230000 8.920000
301.250000 12.878674 0.230000 9.030000
301.500000 13.081326 0.230000 9.120000
301.875000 13.081326 0.230000 9.215000
302.125000 13.081326 0.230000 9.320000
302.250000 13.281416 0.230000 9.430000
302.500000 13.281416 0.230000 9.515000
302.875000 13.281416 0.230000 9.620000
303.000000 13.281416 0.248000 9.720000
303.000000 13.281416 0.248000 9.830000
303.000000 13.281416 0.248000 9.920000
303.125000 13.281416 0.248000 10.030000
303.125000 13.281416 0.248000 10.125000
303.125000 13.281416 0.248000 10.215000
303.250000 13.281416 0.248000 10.325000
303.250000 13.281416 0.248000 10.430000
303.375000 13.281416 0.248000 10.530000
303.375000 13.281416 0.248000 10.615000
303.375000 13.281416 0.271000 10.725000
303.375000 13.281416 0.271000 10.830000
303.500000 13.481522 0.271000 10.920000
303.625000 13.481522 0.271000 11.025000
303.750000 13.481522 0.271000 11.115000
303.750000 13.481522 0.271000 11.225000
303.750000 13.681886 0.271000 11.310000
304.000000 13.681886 0.271000 11.425000
304.375000 13.893000 0.271000 11.525000
304.375000 14.094276 0.271000 11.630000
304.375000 14.094276 0.235000 11.720000
304.500000 14.294377 0.235000 11.820000
304.750000 14.494722 0.235000 11.925000
304.875000 14.700397 0.235000 12.030000
305.500000 14.700397 0.235000 12.130000
305.500000 14.905396 0.235000 12.215000
306.125000 15.111277 0.235000 12.315000
309.000000 15.111277 0.235000 12.425000
309.500000 15.332988 0.235000 12.530000
312.250000 15.556767 0.235000 12.625000
317.875000 15.556767 0.235000 12.715000
319.000000 15.760495 0.311000 12.820000
321.000000 15.965341 0.311000 12.930000
321.500000 16.172026 0.311000 13.015000
322.625000 16.372227 0.311000 13.125000
323.750000 16.581228 0.311000 13.235000
324.250000 16.581228 0.311000 13.330000
325.625000 16.799932 0.311000 13.425000
327.125000 17.003569 0.311000 13.515000
327.375000 17.228308 0.311000 13.630000
328.875000 17.504210 0.278000 13.730000
329.000000 17.712326 0.278000 13.820000
329.250000 17.921362 0.278000 13.930000
330.250000 17.921362 0.278000 14.025000
330.750000 18.127241 0.278000 14.135000
331.000000 18.333471 0.278000 14.220000
331.125000 18.538979 0.278000 14.325000
331.500000 18.538979 0.278000 14.430000
331.875000 18.757915 0.278000 14.520000
332.125000 18.978807 0.278000 14.625000
332.625000 18.978807 0.278000 14.720000
332.625000 19.193817 0.335000 14.830000
333.250000 19.394146 0.335000 14.915000
333.500000 19.601299 0.335000 15.025000
334.000000 19.601299 0.335000 15.115000
334.250000 19.806965 0.335000 15.225000
334.500000 20.033783 0.335000 15.310000
335.125000 20.236244 0.335000 15.430000
335.375000 20.236244 0.335000 15.520000
335.500000 20.452944 0.335000 15.625000
335.875000 20.655855 0.252000 15.710000
336.375000 20.655855 0.252000 15.830000
336.750000 20.872149 0.252000 15.915000
337.125000 21.073849 0.252000 16.025000
337.500000 21.073849 0.252000 16.115000
337.875000 21.291056 0.252000 16.230000
338.125000 21.494045 0.252000 16.325001
338.375000 21.698111 0.252000 16.410000
338.750000 21.901245 0.252000 16.530001
338.875000 21.901245 0.252000 16.620001
339.375000 22.110100 0.239000 16.730000
339.375000 22.315252 0.239000 16.815001
339.500000 22.517996 0.239000 16.924999
340.000000 22.773748 0.239000 17.014999
340.500000 22.994370 0.239000 17.125000
341.125000 23.203651 0.239000 17.215000
341.375000 23.405634 0.239000 17.330000
342.375000 23.615465 0.239000 17.420000
343.125000 23.815962 0.239000 17.530001
343.125000 23.815962 0.239000 17.610001
343.750000 24.235533 0.241000 17.725000
344.250000 24.235533 0.241000 17.825001
344.375000 24.445122 0.241000 17.920000
345.250000 24.654779 0.241000 18.025000
345.875000 24.874533 0.241000 18.110001
346.875000 25.104361 0.241000 18.219999
347.375000 25.344156 0.241000 18.330000
347.875000 25.573994 0.241000 18.415001
348.750000 25.803888 0.241000 18.530001
349.625000 26.012800 0.241000 18.615000
350.125000 26.215973 0.230000 18.725000
350.500000 26.215973 0.230000 18.815001
351.000000 26.425076 0.230000 18.924999
351.250000 26.647285 0.230000 19.004999
351.500000 26.873035 0.230000 19.120001
352.000000 27.110811 0.230000 19.230000
353.000000 27.349722 0.230000 19.320000
354.625000 27.559185 0.230000 19.424999
355.500000 27.768873 0.230000 19.510000
356.000000 27.978497 0.230000 19.631001
357.000000 28.184952 0.258000 19.725000
357.625000 28.184952 0.258000 19.815001
358.500000 28.385561 0.258000 19.924999
358.875000 28.600138 0.258000 20.010000
360.250000 28.802732 0.258000 20.120001
361.125000 29.008255 0.258000 20.219999
361.250000 29.008255 0.258000 20.315001
362.000000 29.215015 0.258000 20.430000
362.375000 29.441988 0.258000 20.520000
363.000000 29.441988 0.258000 20.629999
363.875000 29.660503 0.219000 20.715000
364.750000 29.865484 0.219000 20.830000
365.625000 29.865484 0.219000 20.915001
366.750000 30.066835 0.219000 21.030001
367.125000 30.066835 0.219000 21.125000
367.750000 30.066835 0.219000 21.205000
368.250000 30.267279 0.219000 21.325001
368.500000 30.267279 0.219000 21.410000
368.750000 30.267279 0.219000 21.525000
369.000000 30.267279 0.219000 21.605000
369.625000 30.267279 0.222000 21.730000
370.000000 30.267279 0.222000 21.820000
370.250000 30.267279 0.222000 21.905001
370.500000 30.267279 0.222000 22.030001
370.750000 30.267279 0.222000 22.120001
371.125000 30.267279 0.222000 22.230000
371.250000 30.267279 0.222000 22.320000
372.125000 30.267279 0.222000 22.424999
372.625000 30.267279 0.222000 22.520000
372.625000 30.267279 0.222000 22.625000
373.000000 30.267279 0.210000 22.715000
373.125000 30.267279 0.210000 22.830000
373.125000 30.267279 0.210000 22.924999
373.125000 30.267279 0.210000 23.020000
373.125000 30.267279 0.210000 23.125000
373.250000 30.267279 0.210000 23.209999
373.500000 30.267279 0.210000 23.330000
373.625000 30.267279 0.210000 23.415001
374.000000 30.476864 0.210000 23.530001
374.125000 30.690674 0.210000 23.620001
374.375000 30.892422 0.202000 23.730000
375.125000 31.094379 0.202000 23.825001
376.125000 31.094379 0.202000 23.910000
376.125000 31.509064 0.202000 24.030001
376.250000 31.509064 0.202000 24.115000
376.375000 31.717680 0.202000 24.230000
376.500000 31.956583 0.202000 24.315001
376.500000 32.196056 0.202000 24.424999
376.500000 32.435829 0.202000 24.510000
376.625000 32.655781 0.202000 24.625000
376.750000 32.865360 0.266000 24.715000
376.750000 33.066753 0.266000 24.830000
376.875000 33.066753 0.266000 24.915001
377.000000 33.270672 0.266000 25.030001
377.000000 33.474979 0.266000 25.115000
377.250000 33.474979 0.266000 25.230000
377.375000 33.474979 0.266000 25.315001
377.625000 33.677204 0.266000 25.424999
377.625000 33.677204 0.266000 25.520000
377.875000 33.677204 0.266000 25.629999
378.000000 33.677204 0.217000 25.719999
378.250000 33.677204 0.217000 25.830000
378.375000 33.677204 0.217000 25.920000
378.500000 33.677204 0.217000 26.030001
378.500000 33.677204 0.217000 26.120001
378.750000 33.677204 0.217000 26.230000
378.750000 33.677204 0.217000 26.315001
378.875000 33.677204 0.217000 26.430000
379.000000 33.677204 0.217000 26.514999
379.000000 33.677204 0.217000 26.629999
379.000000 33.677204 0.208000 26.719999
379.125000 33.677204 0.208000 26.830000
379.125000 33.677204 0.208000 26.915001
379.250000 33.677204 0.208000 27.030001
379.250000 33.677204 0.208000 27.115000
379.250000 33.677204 0.208000 27.225000
379.375000 33.677204 0.208000 27.320000
379.375000 33.677204 0.208000 27.424999
379.500000 33.677204 0.208000 27.510000
379.500000 33.677204 0.208000 27.629999
379.625000 33.677204 0.208000 27.715000
379.750000 33.893463 0.208000 27.826000
379.750000 34.113255 0.208000 27.915001
379.875000 34.327053 0.208000 28.035000
380.000000 34.530449 0.208000 28.125000
380.250000 34.530449 0.208000 28.215000
380.250000 34.947140 0.208000 28.330000
380.250000 34.947140 0.208000 28.420000
380.375000 35.348087 0.208000 28.530001
380.875000 35.348087 0.208000 28.615000
381.000000 35.750099 0.262000 28.725000
381.250000 35.750099 0.262000 28.809999
381.375000 35.954517 0.262000 28.924999
381.375000 36.161682 0.262000 29.010000
381.625000 36.364807 0.262000 29.125000
382.500000 36.364807 0.262000 29.215000
382.625000 36.364807 0.262000 29.330000
382.625000 36.566677 0.262000 29.415001
382.875000 36.566677 0.262000 29.530001
383.125000 36.566677 0.262000 29.615000
383.375000 36.566677 0.258000 29.730000
383.500000 36.566677 0.258000 29.815001
383.625000 36.566677 0.258000 29.924999
383.875000 36.566677 0.258000 30.004999
383.875000 36.566677 0.258000 30.120001
384.125000 36.566677 0.258000 30.225000
384.125000 36.566677 0.258000 30.315001
384.125000 36.566677 0.258000 30.430000
384.125000 36.766716 0.258000 30.514999
384.375000 36.766716 0.258000 30.625000
384.500000 36.766716 0.255000 30.719999
384.500000 36.766716 0.255000 30.830000
384.500000 36.766716 0.255000 30.924999
384.625000 36.766716 0.255000 31.004999
384.625000 36.766716 0.255000 31.129999
384.750000 36.766716 0.255000 31.219999
384.750000 36.766716 0.255000 31.330000
384.750000 36.766716 0.255000 31.415001
384.875000 36.766716 0.255000 31.530001
385.000000 36.766716 0.255000 31.615000
385.125000 36.766716 0.249000 31.730000
385.375000 36.766716 0.249000 31.809999
385.375000 36.766716 0.249000 31.924999
385.625000 36.766716 0.249000 32.035000
385.750000 36.966736 0.249000 32.130001
386.125000 36.966736 0.249000 32.215000
386.125000 37.172321 0.249000 32.330002
386.125000 37.377396 0.249000 32.415001
386.125000 37.603699 0.249000 32.529999
386.125000 37.848000 0.249000 32.615002
386.125000 38.055939 0.253000 32.720001
386.125000 38.265415 0.253000 32.814999
386.125000 38.475395 0.253000 32.930000
386.125000 38.685390 0.253000 33.020000
386.250000 38.885605 0.253000 33.134998
386.250000 39.086060 0.253000 33.215000
386.250000 39.286697 0.253000 33.330002
386.375000 39.487434 0.253000 33.419998
386.500000 39.688198 0.253000 33.529999
386.500000 39.888840 0.253000 33.615002
386.625000 40.096706 0.253000 33.724998
387.000000 40.096706 0.241000 33.814999
387.250000 40.306801 0.241000 33.930000
387.250000 40.526237 0.241000 34.014999
387.250000 40.729389 0.241000 34.125000
387.250000 40.936970 0.241000 34.215000
387.250000 41.137787 0.241000 34.330002
387.250000 41.137787 0.241000 34.415001
387.375000 41.350716 0.241000 34.529999
387.500000 41.555454 0.241000 34.615002
387.625000 41.555454 0.224000 34.730000
387.750000 41.774532 0.224000 34.810001
387.750000 41.977127 0.224000 34.919998
387.750000 41.977127 0.224000 35.014999
387.750000 41.977127 0.224000 35.125000
387.750000 42.182072 0.224000 35.209999
387.875000 42.182072 0.224000 35.330002
388.000000 42.182072 0.224000 35.424999
388.125000 42.182072 0.224000 35.514999
388.375000 42.182072 0.224000 35.630001
388.500000 42.382637 0.207000 35.724998
388.750000 42.382637 0.207000 35.820000
388.750000 42.382637 0.207000 35.924999
388.750000 42.382637 0.207000 36.014999
389.000000 42.382637 0.207000 36.125000
389.250000 42.382637 0.207000 36.215000
389.250000 42.382637 0.207000 36.325001
389.250000 42.382637 0.207000 36.415001
389.375000 42.382637 0.207000 36.525002
389.375000 42.382637 0.207000 36.610001
389.375000 42.382637 0.199000 36.724998
389.375000 42.382637 0.199000 36.814999
389.625000 42.382637 0.199000 36.930000
389.625000 42.382637 0.199000 37.009998
389.625000 42.382637 0.199000 37.130001
389.625000 42.382637 0.199000 37.220001
389.625000 42.382637 0.199000 37.330002
389.625000 42.382637 0.199000 37.419998
389.625000 42.382637 0.199000 37.525002
389.625000 42.382637 0.199000 37.610001
389.625000 42.382637 0.195000 37.730000
389.625000 42.382637 0.195000 37.814999
389.750000 42.382637 0.195000 37.930000
389.875000 42.382637 0.195000 38.020000
389.875000 42.584072 0.195000 38.130001
389.875000 42.811131 0.195000 38.215000
389.875000 42.811131 0.195000 38.320000
389.875000 43.014565 0.195000 38.430000
389.875000 43.216076 0.195000 38.520000
390.000000 43.419773 0.195000 38.625000
390.000000 43.419773 0.196000 38.709999
390.000000 43.654934 0.196000 38.825001
390.000000 43.867218 0.196000 38.910000
390.000000 44.074448 0.196000 39.020000
390.125000 44.283447 0.196000 39.130001
390.250000 44.488094 0.196000 39.220001
390.250000 44.488094 0.196000 39.314999
390.500000 44.903919 0.196000 39.430000
390.500000 44.903919 0.196000 39.520000
390.500000 45.112980 0.196000 39.630001
390.500000 45.341702 0.261000 39.715000
390.500000 45.567997 0.261000 39.830002
390.625000 45.771336 0.261000 39.915001
390.625000 45.978855 0.261000 40.025002
390.875000 46.184849 0.261000 40.115002
390.875000 46.184849 0.261000 40.224998
390.875000 46.400543 0.261000 40.314999
390.875000 46.601433 0.261000 40.430000
391.000000 46.601433 0.261000 40.520000
391.000000 46.814293 0.261000 40.630001
391.125000 47.019264 0.249000 40.720001
391.250000 47.225002 0.249000 40.830002
391.375000 47.225002 0.249000 40.924999
391.500000 47.425312 0.249000 41.040001
391.625000 47.625423 0.249000 41.119999
391.750000 47.830704 0.249000 41.230000
391.875000 47.830704 0.249000 41.325001
392.000000 48.034885 0.249000 41.404999
392.250000 48.241867 0.249000 41.525002
392.500000 48.241867 0.249000 41.610001
392.625000 48.442627 0.265000 41.720001
392.625000 48.660282 0.265000 41.830002
392.625000 48.863716 0.265000 41.924999
392.875000 48.863716 0.265000 42.040001
392.875000 49.075199 0.265000 42.119999
392.875000 49.279888 0.265000 42.224998
393.125000 49.279888 0.265000 42.314999
393.250000 49.495770 0.265000 42.430000
393.375000 49.708988 0.265000 42.520000
394.000000 49.950100 0.265000 42.630001
394.250000 50.171749 0.230000 42.720001
394.875000 50.376965 0.230000 42.830002
395.625000 50.583332 0.230000 42.919998
395.875000 50.790920 0.230000 43.025002
396.125000 50.999504 0.230000 43.130001
396.500000 51.208176 0.230000 43.224998
397.375000 51.208176 0.230000 43.314999
398.125000 51.417103 0.230000 43.430000
398.750000 51.656326 0.230000 43.509998
399.625000 51.885746 0.230000 43.630001
399.750000 52.094349 0.250000 43.715000
400.250000 52.299229 0.250000 43.830002
400.875000 52.532585 0.250000 43.915001
401.250000 52.739685 0.250000 44.029999
401.625000 52.946625 0.250000 44.115002
402.125000 53.154964 0.250000 44.224998
402.625000 53.154964 0.250000 44.310001
403.750000 53.583832 0.250000 44.430000
404.125000 53.583832 0.250000 44.514999
405.125000 53.793720 0.250000 44.625000
406.000000 54.021976 0.250000 44.730000
406.500000 54.231838 0.243000 44.814999
407.250000 54.439232 0.243000 44.924999
407.750000 54.658791 0.243000 45.009998
408.625000 54.867046 0.243000 45.125000
409.125000 55.069771 0.243000 45.209999
409.875000 55.274429 0.243000 45.320000
410.750000 55.480663 0.243000 45.430000
411.750000 55.480663 0.243000 45.514999
412.375000 55.897312 0.243000 45.625000
413.000000 55.897312 0.247000 45.709999
414.000000 56.106106 0.247000 45.825001
414.625000 56.343674 0.247000 45.915001
414.750000 56.552166 0.247000 46.025002
415.625000 56.761208 0.247000 46.119999
416.375000 56.970535 0.247000 46.230000
417.125000 57.179646 0.247000 46.314999
417.750000 57.388775 0.247000 46.430000
418.375000 57.627960 0.247000 46.514999
418.750000 57.846146 0.247000 46.630001
420.250000 58.049271 0.224000 46.730000
421.000000 58.249290 0.224000 46.814999
422.250000 58.452244 0.224000 46.924999
423.375000 58.452244 0.224000 47.020000
424.375000 58.667786 0.224000 47.125000
425.625000 58.894882 0.224000 47.209999
425.750000 59.133205 0.224000 47.325001
427.000000 59.342457 0.224000 47.419998
427.750000 59.562061 0.224000 47.529999
428.875000 59.801346 0.224000 47.625000
430.250000 60.006145 0.260000 47.715000
431.250000 60.213188 0.260000 47.830002
432.375000 60.213188 0.260000 47.915001
434.000000 60.421040 0.260000 48.029999
434.375000 60.623684 0.260000 48.115002
435.375000 60.831322 0.260000 48.224998
435.875000 61.036949 0.260000 48.314999
436.250000 61.036949 0.260000 48.430000
436.375000 61.256893 0.260000 48.525002
437.000000 61.458076 0.260000 48.610001
437.500000 61.458076 0.235000 48.720001
437.875000 61.682896 0.235000 48.830002
438.250000 61.888229 0.235000 48.924999
438.500000 62.094753 0.235000 49.009998
438.625000 62.094753 0.235000 49.119999
438.750000 62.304073 0.235000 49.209999
438.875000 62.508411 0.235000 49.325001
438.875000 62.713421 0.235000 49.415001
439.125000 62.713421 0.235000 49.529999
439.250000 62.924980 0.235000 49.615002
439.375000 63.130840 0.253000 49.724998
439.875000 63.130840 0.253000 49.814999
440.000000 63.335464 0.253000 49.930000
440.000000 63.335464 0.253000 50.025002
440.375000 63.335464 0.253000 50.115002
440.500000 63.536407 0.253000 50.230000
441.000000 63.536407 0.253000 50.314999
441.000000 63.536407 0.253000 50.424999
441.250000 63.536407 0.253000 50.509998
441.750000 63.536407 0.253000 50.625000
441.750000 63.536407 0.199000 50.705002
441.750000 63.536407 0.199000 50.825001
442.000000 63.536407 0.199000 50.915001
442.250000 63.536407 0.199000 51.014999
442.250000 63.536407 0.199000 51.115002
442.375000 63.536407 0.199000 51.224998
442.375000 63.536407 0.199000 51.310001
442.500000 63.536407 0.199000 51.419998
442.500000 63.536407 0.199000 51.500000
442.625000 63.536407 0.199000 51.619999
442.625000 63.536407 0.185000 51.724998
442.750000 63.536407 0.185000 51.810001
443.000000 63.536407 0.185000 51.930000
443.375000 63.536407 0.185000 52.025002
443.500000 63.536407 0.185000 52.110001
443.625000 63.536407 0.185000 52.224998
443.625000 63.747612 0.185000 52.314999
443.750000 63.966190 0.185000 52.430000
444.250000 63.966190 0.185000 52.520000
444.500000 64.166641 0.185000 52.630001
444.500000 64.385948 0.208000 52.715000
444.625000 64.385948 0.208000 52.830002
444.750000 64.611107 0.208000 52.919998
445.000000 64.812927 0.208000 53.029999
445.000000 64.812927 0.208000 53.115002
445.125000 65.016098 0.208000 53.224998
445.250000 65.218544 0.208000 53.320000
445.375000 65.420883 0.208000 53.430000
445.625000 65.420883 0.208000 53.514999
445.875000 65.420883 0.208000 53.619999
446.375000 65.620895 0.208000 53.730000
446.625000 65.620895 0.208000 53.814999
447.125000 65.620895 0.208000 53.919998
447.250000 65.620895 0.208000 54.014999
447.375000 65.620895 0.208000 54.130001
447.375000 65.821701 0.208000 54.215000
447.625000 65.821701 0.208000 54.330002
447.750000 65.821701 0.208000 54.415001
447.875000 65.821701 0.208000 54.525002
447.875000 65.821701 0.208000 54.610001
448.000000 65.821701 0.216000 54.730000
448.000000 65.821701 0.216000 54.814999
448.125000 65.821701 0.216000 54.924999
448.250000 65.821701 0.216000 55.014999
448.250000 65.821701 0.216000 55.130001
448.250000 65.821701 0.216000 55.215000
448.375000 65.821701 0.216000 55.330002
448.375000 65.821701 0.216000 55.419998
448.375000 65.821701 0.216000 55.529999
448.375000 65.821701 0.216000 55.615002
448.375000 65.821701 0.210000 55.730000
448.500000 65.821701 0.210000 55.814999
448.625000 65.821701 0.210000 55.930000
448.750000 65.821701 0.210000 56.020000
448.750000 65.821701 0.210000 56.099998
448.750000 66.037224 0.210000 56.220001
448.875000 66.239449 0.210000 56.330002
449.000000 66.440361 0.210000 56.419998
449.125000 66.646606 0.210000 56.525002
449.250000 66.646606 0.204000 56.615002
449.250000 66.850548 0.204000 56.715000
449.500000 67.057930 0.204000 56.814999
449.500000 67.267082 0.204000 56.910000
449.500000 67.477127 0.204000 57.014999
449.625000 67.677574 0.204000 57.130001
449.750000 67.898354 0.204000 57.215000
450.000000 68.099213 0.204000 57.330002
450.125000 68.313057 0.204000 57.419998
450.500000 68.516716 0.204000 57.525002
450.625000 68.720108 0.204000 57.619999
450.750000 68.957512 0.258000 57.730000
451.000000 69.171921 0.258000 57.810001
451.125000 69.376274 0.258000 57.930000
451.250000 69.376274 0.258000 58.014999
451.500000 69.581520 0.258000 58.130001
451.875000 69.813652 0.258000 58.215000
452.000000 69.813652 0.258000 58.325001
452.250000 70.040596 0.258000 58.415001
452.500000 70.244621 0.258000 58.525002
453.125000 70.244621 0.258000 58.615002
453.250000 70.448761 0.228000 58.730000
453.375000 70.652893 0.228000 58.820000
453.875000 70.858009 0.228000 58.924999
454.125000 70.858009 0.228000 59.029999
454.125000 71.073189 0.228000 59.119999
454.250000 71.275963 0.228000 59.224998
454.375000 71.275963 0.228000 59.314999
454.625000 71.487915 0.228000 59.430000
455.000000 71.693344 0.228000 59.520000
455.250000 71.914520 0.228000 59.630001
455.500000 71.914520 0.238000 59.735001
455.625000 72.143700 0.238000 59.825001
456.000000 72.353905 0.238000 59.910000
456.500000 72.559074 0.238000 60.025002
456.750000 72.559074 0.238000 60.105000
457.250000 72.769356 0.238000 60.220001
457.875000 72.976402 0.238000 60.305000
458.125000 73.179512 0.238000 60.419998
458.500000 73.381859 0.238000 60.529999
459.500000 73.381859 0.238000 60.625000
459.625000 73.603920 0.254000 60.709999
460.000000 73.807457 0.254000 60.830002
460.000000 73.807457 0.254000 60.919998
460.125000 73.807457 0.254000 61.029999
460.375000 73.807457 0.254000 61.119999
460.500000 74.009468 0.254000 61.224998
461.125000 74.009468 0.254000 61.310001
461.375000 74.009468 0.254000 61.430000
461.750000 74.009468 0.254000 61.514999
462.125000 74.009468 0.254000 61.625000
462.500000 74.009468 0.247000 61.715000
462.625000 74.009468 0.247000 61.830002
462.875000 74.009468 0.247000 61.910000
463.000000 74.009468 0.247000 62.029999
463.125000 74.009468 0.247000 62.115002
463.125000 74.009468 0.247000 62.195000
463.125000 74.009468 0.247000 62.320000
463.500000 74.009468 0.247000 62.430000
464.000000 74.209900 0.247000 62.520000
464.375000 74.209900 0.247000 62.630001
464.625000 74.416260 0.231000 62.724998
464.875000 74.634529 0.231000 62.814999
465.125000 74.634529 0.231000 62.930000
465.250000 74.863350 0.231000 63.014999
465.625000 75.066269 0.231000 63.115002
465.750000 75.066269 0.231000 63.215000
465.875000 75.271149 0.231000 63.314999
466.000000 75.475822 0.231000 63.415001
466.875000 75.679695 0.231000 63.514999
467.250000 75.883392 0.231000 63.630001
467.375000 75.883392 0.248000 63.720001
467.625000 76.086014 0.248000 63.830002
469.000000 76.329132 0.248000 63.915001
470.125000 76.543396 0.248000 64.029999
470.500000 76.745956 0.248000 64.125000
470.625000 76.952362 0.248000 64.220001
471.125000 77.160744 0.248000 64.330002
471.375000 77.160744 0.248000 64.419998
471.500000 77.370071 0.248000 64.529999
471.750000 77.609924 0.248000 64.614998
471.875000 77.849754 0.270000 64.730003
472.000000 78.056244 0.270000 64.824997
472.125000 78.290787 0.270000 64.919998
472.125000 78.507156 0.270000 65.025002
472.250000 78.707352 0.270000 65.120003
472.375000 78.707352 0.270000 65.224998
472.375000 78.939041 0.270000 65.320000
472.500000 79.140190 0.270000 65.425003
472.500000 79.140190 0.270000 65.510002
472.625000 79.346924 0.270000 65.629997
472.750000 79.551216 0.227000 65.714996
472.750000 79.756966 0.227000 65.824997
473.000000 79.756966 0.227000 65.910004
473.000000 79.963829 0.227000 66.029999
473.250000 80.193985 0.227000 66.120003
473.250000 80.193985 0.227000 66.230003
473.250000 80.418732 0.227000 66.309998
473.375000 80.623100 0.227000 66.430000
473.375000 80.623100 0.227000 66.514999
473.375000 80.623100 0.227000 66.625000
473.375000 80.832474 0.224000 66.735001
473.375000 80.832474 0.224000 66.820000
474.000000 80.832474 0.224000 66.930000
474.000000 80.832474 0.224000 67.025002
474.000000 80.832474 0.224000 67.120003
474.000000 81.033401 0.224000 67.230003
474.000000 81.033401 0.224000 67.315002
474.000000 81.033401 0.224000 67.430000
474.000000 81.033401 0.224000 67.519997
474.000000 81.033401 0.224000 67.629997
474.125000 81.033401 0.219000 67.714996
474.125000 81.033401 0.219000 67.824997
474.125000 81.033401 0.219000 67.910004
474.125000 81.033401 0.219000 68.029999
474.125000 81.033401 0.219000 68.114998
474.125000 81.033401 0.219000 68.230003
474.250000 81.033401 0.219000 68.315002
474.250000 81.033401 0.219000 68.430000
474.500000 81.033401 0.219000 68.519997
474.500000 81.033401 0.219000 68.629997
474.500000 81.033401 0.212000 68.720001
474.500000 81.033401 0.212000 68.830002
474.500000 81.033401 0.212000 68.915001
474.500000 81.033401 0.212000 69.029999
474.500000 81.033401 0.212000 69.114998
474.500000 81.033401 0.212000 69.224998
474.500000 81.033401 0.212000 69.320000
474.500000 81.033401 0.212000 69.430000
474.500000 81.033401 0.212000 69.519997
474.500000 81.033401 0.212000 69.629997
474.500000 81.033401 0.200000 69.720001
474.500000 81.236244 0.200000 69.830002
474.625000 81.236244 0.200000 69.915001
474.625000 81.436729 0.200000 70.029999
474.625000 81.637856 0.200000 70.120003
474.750000 81.872658 0.200000 70.224998
474.750000 82.117538 0.200000 70.324997
474.750000 82.325409 0.200000 70.430000
474.875000 82.535004 0.200000 70.514999
474.875000 82.735992 0.200000 70.629997
475.000000 82.937691 0.209000 70.714996
475.000000 83.139755 0.209000 70.824997
475.000000 83.139755 0.209000 70.910004
475.125000 83.347511 0.209000 71.025002
475.250000 83.573555 0.209000 71.110001
475.250000 83.779472 0.209000 71.224998
475.375000 83.982819 0.209000 71.315002
475.375000 83.982819 0.209000 71.430000
475.875000 84.220421 0.209000 71.519997
476.000000 84.426109 0.209000 71.629997
476.000000 84.426109 0.247000 71.714996
476.000000 84.639130 0.247000 71.830002
476.125000 84.844414 0.247000 71.940002
476.250000 85.056984 0.247000 72.019997
476.250000 85.257950 0.247000 72.129997
476.250000 85.257950 0.247000 72.220001
476.500000 85.472824 0.247000 72.330002
476.625000 85.705009 0.247000 72.415001
476.625000 85.941978 0.247000 72.525002
476.750000 86.182259 0.247000 72.610001
476.750000 86.420921 0.246000 72.730003
476.875000 86.626282 0.246000 72.815002
476.875000 86.626282 0.246000 72.925003
476.875000 86.826355 0.246000 73.014999
476.875000 87.029526 0.246000 73.125000
477.000000 87.029526 0.246000 73.214996
477.000000 87.029526 0.246000 73.324997
477.000000 87.231438 0.246000 73.425003
477.000000 87.231438 0.246000 73.510002
477.000000 87.231438 0.246000 73.625000
477.000000 87.231438 0.229000 73.730003
477.000000 87.231438 0.229000 73.815002
477.000000 87.231438 0.229000 73.925003
477.000000 87.431946 0.229000 74.014999
477.000000 87.431946 0.229000 74.129997
477.125000 87.431946 0.229000 74.214996
477.125000 87.431946 0.229000 74.324997
477.125000 87.431946 0.229000 74.419998
477.125000 87.431946 0.229000 74.525002
477.125000 87.431946 0.229000 74.614998
477.125000 87.431946 0.224000 74.730003
477.250000 87.431946 0.224000 74.815002
477.250000 87.431946 0.224000 74.930000
477.250000 87.431946 0.224000 75.019997
477.250000 87.431946 0.224000 75.129997
477.250000 87.431946 0.224000 75.214996
477.250000 87.431946 0.224000 75.330002
477.250000 87.431946 0.224000 75.415001
477.250000 87.431946 0.224000 75.529999
477.250000 87.431946 0.224000 75.620003
477.250000 87.431946 0.228000 75.724998
477.250000 87.431946 0.228000 75.809998
477.250000 87.431946 0.228000 75.919998
477.250000 87.431946 0.228000 76.014999
477.250000 87.431946 0.228000 76.125000
477.250000 87.431946 0.228000 76.209999
477.250000 87.431946 0.228000 76.330002
477.375000 87.431946 0.228000 76.419998
477.500000 87.431946 0.228000 76.529999
477.500000 87.431946 0.228000 76.610001
477.500000 87.431946 0.224000 76.730003
477.500000 87.431946 0.224000 76.815002
477.500000 87.431946 0.224000 76.930000
477.500000 87.431946 0.224000 77.019997
477.500000 87.431946 0.224000 77.129997
477.500000 87.431946 0.224000 77.209999
477.500000 87.431946 0.224000 77.330002
477.500000 87.431946 0.224000 77.425003
477.500000 87.431946 0.224000 77.510002
477.500000 87.431946 0.224000 77.625000
477.500000 87.431946 0.218000 77.709999
477.500000 87.431946 0.218000 77.805000
477.625000 87.431946 0.218000 77.915001
477.625000 87.431946 0.218000 78.029999
477.625000 87.431946 0.218000 78.114998
477.625000 87.431946 0.218000 78.231003
477.625000 87.431946 0.218000 78.315002
477.625000 87.431946 0.218000 78.430000
477.625000 87.431946 0.218000 78.519997
477.625000 87.431946 0.218000 78.629997
477.625000 87.431946 0.239000 78.720001
477.625000 87.431946 0.239000 78.830002
477.625000 87.431946 0.239000 78.915001
477.625000 87.431946 0.239000 79.029999
477.625000 87.431946 0.239000 79.120003
477.625000 87.431946 0.239000 79.224998
477.625000 87.431946 0.239000 79.339996
477.625000 87.431946 0.239000 79.419998
477.625000 87.431946 0.239000 79.525002
477.625000 87.431946 0.239000 79.620003
477.625000 87.431946 0.215000 79.724998
477.625000 87.431946 0.215000 79.820000
477.625000 87.431946 0.215000 79.930000
477.625000 87.431946 0.215000 80.019997
477.625000 87.431946 0.215000 80.135002
477.625000 87.431946 0.215000 80.214996
477.625000 87.431946 0.215000 80.305000
477.625000 87.431946 0.215000 80.425003
477.625000 87.431946 0.215000 80.529999
477.625000 87.431946 0.215000 80.620003
477.625000 87.431946 0.219000 80.730003
477.625000 87.431946 0.219000 80.809998
477.625000 87.431946 0.219000 80.930000
477.625000 87.431946 0.219000 81.010002
477.625000 87.431946 0.219000 81.129997
477.625000 87.431946 0.219000 81.220001
477.625000 87.431946 0.219000 81.324997
477.750000 87.431946 0.219000 81.415001
477.750000 87.431946 0.219000 81.525002
477.750000 87.431946 0.219000 81.614998
477.750000 87.431946 0.214000 81.730003
477.750000 87.431946 0.214000 81.815002
477.750000 87.431946 0.214000 81.925003
477.750000 87.431946 0.214000 82.010002
477.750000 87.431946 0.214000 82.125999
477.750000 87.431946 0.214000 82.214996
477.750000 87.431946 0.214000 82.324997
477.750000 87.431946 0.214000 82.410004
477.750000 87.431946 0.214000 82.529999
477.750000 87.431946 0.214000 82.620003
477.750000 87.431946 0.230000 82.730003
477.750000 87.431946 0.230000 82.820000
477.750000 87.431946 0.230000 82.930000
477.750000 87.431946 0.230000 83.014999
477.750000 87.431946 0.230000 83.129997
477.750000 87.431946 0.230000 83.214996
477.750000 87.431946 0.230000 83.330002
477.750000 87.431946 0.230000 83.415001
477.750000 87.431946 0.230000 83.529999
477.750000 87.431946 0.230000 83.614998
477.750000 87.431946 0.230000 83.724998
477.750000 87.431946 0.230000 83.815002
477.750000 87.431946 0.230000 83.930000
477.750000 87.431946 0.230000 84.019997
477.750000 87.431946 0.230000 84.125000
