68.625000 0.000000 0.072000 0.060000
88.000000 0.204684 0.072000 0.170000
104.375000 0.408409 0.072000 0.270000
116.875000 0.408409 0.072000 0.375000
129.875000 0.611987 0.072000 0.475000
140.000000 0.823796 0.072000 0.575000
148.500000 1.029902 0.072000 0.670000
157.375000 1.237894 0.072000 0.775000
167.625000 1.446823 0.072000 0.875000
176.000000 1.656224 0.072000 0.965000
183.625000 1.865847 0.083000 1.070000
190.125000 2.075555 0.083000 1.165000
197.000000 2.285351 0.083000 1.260000
204.125000 2.525179 0.083000 1.360000
212.625000 2.735086 0.083000 1.460000
221.625000 2.945047 0.083000 1.570000
231.750000 3.155000 0.083000 1.665000
242.250000 3.364924 0.083000 1.760000
252.750000 3.574837 0.083000 1.870000
264.000000 3.574837 0.083000 1.965000
278.625000 3.784742 0.131000 2.065000
295.250000 4.004536 0.131000 2.160000
307.500000 4.214001 0.131000 2.260000
321.000000 4.423284 0.131000 2.365000
333.625000 4.632411 0.131000 2.465000
344.750000 4.841755 0.131000 2.570000
356.625000 5.051331 0.131000 2.670000
367.500000 5.261062 0.131000 2.760000
376.625000 5.500920 0.131000 2.860000
384.875000 5.720912 0.131000 2.970000
393.125000 5.920979 0.170000 3.065000
403.250000 6.121105 0.170000 3.160000
413.500000 6.331072 0.170000 3.265000
421.000000 6.540515 0.170000 3.360000
429.125000 6.749819 0.170000 3.460000
436.875000 6.959352 0.170000 3.565000
447.125000 7.169119 0.170000 3.665000
454.625000 7.169119 0.170000 3.760000
462.125000 7.379045 0.170000 3.860000
469.625000 7.589007 0.170000 3.970000
476.750000 7.808832 0.183000 4.060000
481.500000 8.018487 0.183000 4.160000
490.125000 8.248158 0.183000 4.265000
497.750000 8.487882 0.183000 4.365000
505.000000 8.697731 0.183000 4.470000
510.750000 8.907375 0.183000 4.565000
515.500000 9.116798 0.183000 4.670000
520.250000 9.326205 0.183000 4.765000
524.250000 9.535511 0.183000 4.865000
526.875000 9.744829 0.183000 4.965000
532.375000 9.954233 0.188000 5.065000
535.375000 9.954233 0.188000 5.160000
538.875000 10.163661 0.188000 5.260000
543.250000 10.373158 0.188000 5.360000
545.750000 10.592440 0.188000 5.465000
550.625000 10.801966 0.188000 5.570000
553.625000 11.011783 0.188000 5.665000
557.500000 11.211807 0.188000 5.770000
562.375000 11.411957 0.188000 5.860000
565.375000 11.632188 0.188000 5.960000
569.250000 11.832441 0.177000 6.065000
572.125000 12.032719 0.177000 6.165000
574.375000 12.233007 0.177000 6.260000
579.250000 12.433270 0.177000 6.365000
582.250000 12.633528 0.177000 6.465000
585.125000 12.833813 0.177000 6.565000
590.000000 13.033985 0.177000 6.670000
593.375000 13.234038 0.177000 6.765000
596.875000 13.434172 0.177000 6.860000
601.000000 13.634399 0.177000 6.970000
603.125000 13.834658 0.187000 7.060000
606.500000 14.034932 0.187000 7.170000
609.250000 14.235081 0.187000 7.270000
612.250000 14.444494 0.187000 7.370000
616.250000 14.682664 0.187000 7.470000
619.500000 14.890207 0.187000 7.570000
624.125000 15.097145 0.187000 7.670000
627.125000 15.304450 0.187000 7.770000
629.750000 15.512735 0.187000 7.865000
635.125000 15.721669 0.187000 7.970000
638.000000 15.930982 0.167000 8.070000
640.500000 16.140560 0.167000 8.160000
643.000000 16.350328 0.167000 8.265000
647.125000 16.350328 0.167000 8.365000
648.750000 16.560221 0.167000 8.460000
652.125000 16.770138 0.167000 8.570000
654.375000 16.990025 0.167000 8.665000
656.500000 17.199694 0.167000 8.770000
659.500000 17.409344 0.167000 8.865000
661.750000 17.619064 0.167000 8.960000
666.000000 17.858818 0.189000 9.065000
668.500000 18.068665 0.189000 9.160000
671.000000 18.278543 0.189000 9.255000
674.625000 18.488478 0.189000 9.365000
677.250000 18.698439 0.189000 9.460000
679.500000 18.908398 0.189000 9.570000
682.875000 19.118385 0.189000 9.660000
685.250000 19.318403 0.189000 9.765000
689.875000 19.518425 0.189000 9.870000
692.500000 19.718430 0.189000 9.965000
696.000000 19.918434 0.174000 10.070000
699.250000 20.128410 0.174000 10.165000
701.625000 20.338352 0.174000 10.265000
703.750000 20.548325 0.174000 10.365000
707.500000 20.548325 0.174000 10.460000
710.375000 20.768341 0.174000 10.565000
714.375000 21.168394 0.174000 10.675000
717.375000 21.168394 0.174000 10.765000
720.375000 21.388414 0.174000 10.860000
724.000000 21.628460 0.174000 10.970000
725.875000 21.828505 0.171000 11.065000
728.375000 22.058514 0.171000 11.165000
732.250000 22.268511 0.171000 11.265000
734.625000 22.478474 0.171000 11.365000
738.375000 22.688465 0.171000 11.470000
740.750000 22.898464 0.171000 11.560000
744.625000 23.098467 0.171000 11.665000
747.375000 23.308279 0.171000 11.765000
749.750000 23.517916 0.171000 11.865000
752.625000 23.727655 0.171000 11.960000
757.250000 23.937483 0.152000 12.070000
759.625000 24.147333 0.152000 12.165000
762.750000 24.357224 0.152000 12.270000
765.000000 24.357224 0.152000 12.370000
766.750000 24.567135 0.152000 12.470000
770.375000 24.807020 0.152000 12.565000
772.500000 25.016941 0.152000 12.660000
775.000000 25.226910 0.152000 12.765000
779.000000 25.446886 0.152000 12.870000
780.875000 25.676836 0.152000 12.960000
784.375000 25.886765 0.162000 13.070000
786.750000 26.096701 0.162000 13.165000
788.875000 26.306667 0.162000 13.265000
790.875000 26.516632 0.162000 13.370000
792.000000 26.726566 0.162000 13.465000
794.875000 26.936512 0.162000 13.565000
796.625000 27.146463 0.162000 13.670000
798.625000 27.146463 0.162000 13.765000
801.750000 27.356440 0.162000 13.870000
803.500000 27.576414 0.162000 13.965000
805.000000 27.786394 0.167000 14.060000
807.625000 27.996389 0.167000 14.165000
809.000000 28.206360 0.167000 14.270000
812.375000 28.415974 0.167000 14.370000
815.250000 28.625467 0.167000 14.470000
816.875000 28.835102 0.167000 14.565000
820.125000 29.044893 0.167000 14.670000
822.500000 29.264736 0.167000 14.765000
823.125000 29.474592 0.167000 14.870000
825.500000 29.684484 0.167000 14.965000
827.250000 29.894371 0.164000 15.065000
829.000000 30.104326 0.164000 15.170000
830.750000 30.314293 0.164000 15.260000
832.875000 30.524212 0.164000 15.355000
835.250000 30.734156 0.164000 15.465000
837.875000 30.944136 0.164000 15.575000
839.750000 30.944136 0.164000 15.665000
841.125000 31.174120 0.164000 15.765000
842.000000 31.384092 0.164000 15.870000
844.000000 31.594000 0.164000 15.960000
845.625000 31.803904 0.153000 16.059999
846.875000 32.013847 0.153000 16.165001
847.875000 32.273808 0.153000 16.270000
849.500000 32.493782 0.153000 16.365000
850.750000 32.703758 0.153000 16.465000
853.125000 32.913734 0.153000 16.559999
855.125000 33.113743 0.153000 16.670000
857.250000 33.313797 0.153000 16.760000
859.250000 33.513855 0.153000 16.860001
861.125000 33.713913 0.153000 16.969999
862.125000 33.913929 0.179000 17.070000
864.125000 34.123493 0.179000 17.170000
865.750000 34.332302 0.179000 17.264999
868.000000 34.540810 0.179000 17.370001
870.375000 34.749683 0.179000 17.469999
873.750000 34.749683 0.179000 17.565001
875.500000 34.978268 0.179000 17.665001
877.125000 35.187298 0.179000 17.770000
879.375000 35.396736 0.179000 17.860001
881.875000 35.606091 0.179000 17.959999
884.250000 35.814865 0.162000 18.070000
886.000000 36.023453 0.162000 18.165001
888.125000 36.242035 0.162000 18.260000
890.250000 36.460609 0.162000 18.360001
893.625000 36.669403 0.162000 18.469999
895.625000 36.878540 0.162000 18.565001
897.625000 37.088005 0.162000 18.665001
898.250000 37.297649 0.162000 18.770000
899.750000 37.507385 0.162000 18.870001
903.125000 37.717148 0.162000 18.965000
905.875000 37.926926 0.170000 19.065001
909.125000 38.136715 0.170000 19.170000
912.875000 38.136715 0.170000 19.264999
916.750000 38.366512 0.170000 19.370001
920.000000 38.576328 0.170000 19.469999
923.500000 38.786137 0.170000 19.570000
926.000000 38.995941 0.170000 19.670000
928.250000 39.205750 0.170000 19.770000
932.750000 39.415627 0.170000 19.865000
936.250000 39.635525 0.170000 19.969999
940.125000 39.855503 0.176000 20.065001
945.125000 40.065426 0.176000 20.165001
950.125000 40.275333 0.176000 20.270000
954.375000 40.485241 0.176000 20.360001
959.000000 40.695122 0.176000 20.465000
965.375000 40.905014 0.176000 20.570000
974.875000 41.114914 0.176000 20.660000
985.625000 41.324791 0.176000 20.770000
997.125000 41.534374 0.176000 20.870001
1015.000000 41.534374 0.176000 20.969999
1029.250000 41.763870 0.189000 21.070000
1040.125000 41.973537 0.189000 21.165001
1053.875000 42.180370 0.189000 21.264999
1061.375000 42.405865 0.189000 21.370001
1070.500000 42.609985 0.189000 21.469999
1081.250000 42.609985 0.189000 21.565001
1090.500000 42.824520 0.189000 21.665001
1096.625000 43.032879 0.189000 21.760000
1107.000000 43.032879 0.189000 21.860001
1113.500000 43.247391 0.189000 21.975000
1120.875000 43.447922 0.189000 22.065001
1126.125000 43.649979 0.262000 22.160000
1131.875000 43.649979 0.262000 22.270000
1140.750000 43.875546 0.262000 22.360001
1146.875000 44.079109 0.262000 22.465000
1154.125000 44.282948 0.262000 22.570000
1161.750000 44.282948 0.262000 22.665001
1166.750000 44.487606 0.262000 22.770000
1171.125000 44.694035 0.262000 22.865000
1177.750000 44.901165 0.262000 22.969999
1182.875000 44.901165 0.262000 23.065001
1187.625000 45.109982 0.217000 23.165001
1192.625000 45.328899 0.217000 23.270000
1194.875000 45.533054 0.217000 23.360001
1199.000000 45.749199 0.217000 23.465000
1200.875000 45.956554 0.217000 23.570000
1205.250000 46.161602 0.217000 23.660000
1208.125000 46.395512 0.217000 23.764999
1213.125000 46.600109 0.217000 23.870001
1216.125000 46.600109 0.217000 23.965000
1218.625000 46.802010 0.217000 24.059999
1221.375000 47.006481 0.261000 24.170000
1223.500000 47.209583 0.261000 24.264999
1225.625000 47.209583 0.261000 24.365000
1227.875000 47.412571 0.261000 24.469999
1231.000000 47.615742 0.261000 24.559999
1233.625000 47.819103 0.261000 24.670000
1235.000000 47.819103 0.261000 24.770000
1237.500000 48.022556 0.261000 24.865000
1239.875000 48.226116 0.261000 24.969999
1241.500000 48.226116 0.261000 25.065001
1243.000000 48.430111 0.268000 25.170000
1246.000000 48.630684 0.268000 25.264999
1248.250000 48.835915 0.268000 25.365000
1250.625000 49.077755 0.268000 25.469999
1253.125000 49.314110 0.268000 25.565001
1255.375000 49.532475 0.268000 25.670000
1256.750000 49.741634 0.268000 25.770000
1257.625000 49.951103 0.268000 25.865000
1259.000000 50.160725 0.268000 25.969999
1261.000000 50.370430 0.268000 26.070000
1263.625000 50.370430 0.253000 26.160000
1265.125000 50.590202 0.253000 26.264999
1266.750000 50.809971 0.253000 26.360001
1268.875000 51.017262 0.253000 26.465000
1271.750000 51.219212 0.253000 26.559999
1273.625000 51.422276 0.253000 26.665001
1276.125000 51.629871 0.253000 26.770000
1279.000000 51.629871 0.253000 26.865000
1282.125000 51.831123 0.253000 26.965000
1283.125000 52.052868 0.253000 27.065001
1285.125000 52.052868 0.202000 27.160000
1287.375000 52.258617 0.202000 27.270000
1288.875000 52.464024 0.202000 27.365000
1291.250000 52.667439 0.202000 27.469999
1292.500000 52.874874 0.202000 27.570000
1294.375000 53.078812 0.202000 27.660000
1296.375000 53.280815 0.202000 27.764999
1298.750000 53.486656 0.202000 27.870001
1300.750000 53.486656 0.202000 27.965000
1304.000000 53.693859 0.202000 28.065001
1307.000000 53.906631 0.193000 28.165001
1311.375000 54.114922 0.193000 28.260000
1313.125000 54.316765 0.193000 28.370001
1315.500000 54.521988 0.193000 28.469999
1317.000000 54.759106 0.193000 28.559999
1318.500000 54.967831 0.193000 28.670000
1320.750000 55.187138 0.193000 28.764999
1324.625000 55.406464 0.193000 28.870001
1327.250000 55.615326 0.193000 28.969999
1330.875000 55.823154 0.187000 29.070000
1333.000000 56.028980 0.187000 29.165001
1335.500000 56.235611 0.187000 29.275000
1338.750000 56.235611 0.187000 29.365000
1341.125000 56.462879 0.187000 29.475000
1343.250000 56.671036 0.187000 29.570000
1347.500000 56.879917 0.187000 29.660000
1349.500000 57.089249 0.187000 29.770000
1352.750000 57.318798 0.187000 29.875000
1354.750000 57.528496 0.187000 29.965000
1358.000000 57.738091 0.180000 30.070000
1360.125000 57.966049 0.180000 30.165001
1362.250000 58.173737 0.180000 30.264999
1363.875000 58.381474 0.180000 30.365000
1367.750000 58.589134 0.180000 30.465000
1370.375000 58.797348 0.180000 30.565001
1371.875000 59.006279 0.180000 30.670000
1374.250000 59.006279 0.180000 30.764999
1376.625000 59.225597 0.180000 30.865000
1380.250000 59.455200 0.180000 30.959999
1382.000000 59.685009 0.176000 31.065001
1385.500000 59.914963 0.176000 31.170000
1388.500000 60.134792 0.176000 31.264999
1391.375000 60.354534 0.176000 31.360001
1393.875000 60.564182 0.176000 31.465000
1396.250000 60.774063 0.176000 31.570000
1399.250000 60.983845 0.176000 31.660000
1403.000000 61.193371 0.176000 31.770000
1405.750000 61.403019 0.176000 31.870001
1409.000000 61.613014 0.176000 31.969999
1412.375000 61.613014 0.162000 32.064999
1414.875000 62.013298 0.162000 32.169998
1418.625000 62.013298 0.162000 32.259998
1421.750000 62.413795 0.162000 32.375000
1425.875000 62.614330 0.162000 32.470001
1427.875000 62.614330 0.162000 32.560001
1429.500000 63.015728 0.162000 32.669998
1430.375000 63.015728 0.162000 32.764999
1432.000000 63.416676 0.162000 32.869999
1434.625000 63.416676 0.162000 32.965000
1435.375000 63.644085 0.161000 33.064999
1436.500000 63.846558 0.161000 33.160000
1438.000000 64.048889 0.161000 33.264999
1439.250000 64.048889 0.161000 33.365002
1440.000000 64.254295 0.161000 33.459999
1441.250000 64.254295 0.161000 33.570000
1442.250000 64.454399 0.161000 33.665001
1442.500000 64.454399 0.161000 33.759998
1442.750000 64.454399 0.161000 33.869999
1443.375000 64.454399 0.161000 33.965000
1443.375000 64.454399 0.173000 34.064999
1443.500000 64.454399 0.173000 34.165001
1443.750000 64.454399 0.173000 34.264999
1444.625000 64.454399 0.173000 34.365002
1444.750000 64.454399 0.173000 34.470001
1445.250000 64.454399 0.173000 34.564999
1445.500000 64.654526 0.173000 34.669998
1445.875000 64.654526 0.173000 34.764999
1446.750000 64.654526 0.173000 34.869999
1447.000000 64.654526 0.173000 34.970001
1447.250000 64.654526 0.117000 35.070000
1447.375000 64.654526 0.117000 35.165001
1447.375000 64.654526 0.117000 35.270000
1447.625000 64.654526 0.117000 35.360001
1447.625000 64.654526 0.117000 35.470001
1447.875000 64.654526 0.117000 35.564999
1447.875000 64.654526 0.117000 35.669998
1448.125000 64.654526 0.117000 35.770000
1448.125000 64.654526 0.117000 35.865002
1449.500000 64.654526 0.117000 35.970001
1450.375000 64.654526 0.112000 36.060001
1452.000000 64.654526 0.112000 36.165001
1453.000000 64.654526 0.112000 36.270000
1453.750000 64.654526 0.112000 36.365002
1455.000000 64.654526 0.112000 36.470001
1455.750000 64.654526 0.112000 36.570000
1456.125000 64.654526 0.112000 36.669998
1456.625000 64.654526 0.112000 36.775002
1457.500000 64.654526 0.112000 36.869999
1459.000000 64.654526 0.112000 36.970001
1459.875000 64.654526 0.137000 37.064999
1460.500000 64.654526 0.137000 37.165001
1461.500000 64.654526 0.137000 37.270000
1462.125000 64.654526 0.137000 37.369999
1462.625000 64.654526 0.137000 37.470001
1463.250000 64.654526 0.137000 37.564999
1464.000000 64.654526 0.137000 37.665001
1465.125000 64.654526 0.137000 37.764999
1465.750000 64.654526 0.137000 37.869999
1467.125000 64.654526 0.137000 37.965000
1468.000000 64.654526 0.118000 38.064999
1468.500000 64.654526 0.118000 38.165001
1469.125000 64.654526 0.118000 38.270000
1469.500000 64.654526 0.118000 38.369999
1470.875000 64.654526 0.118000 38.465000
1471.750000 64.654526 0.118000 38.560001
1472.000000 64.654526 0.118000 38.669998
1472.750000 64.654526 0.118000 38.764999
1473.375000 64.654526 0.118000 38.869999
1474.250000 64.654526 0.118000 38.965000
1475.000000 64.654526 0.119000 39.064999
1475.875000 64.654526 0.119000 39.169998
1476.375000 64.654526 0.119000 39.275002
1477.250000 64.654526 0.119000 39.375000
1478.375000 64.654526 0.119000 39.474998
1480.250000 64.654526 0.119000 39.564999
1481.125000 64.654526 0.119000 39.665001
1481.625000 64.654526 0.119000 39.764999
1482.125000 64.654526 0.119000 39.869999
1483.375000 64.654526 0.119000 39.965000
1484.375000 64.654526 0.120000 40.064999
1485.375000 64.654526 0.120000 40.169998
1486.125000 64.654526 0.120000 40.264999
1487.250000 64.654526 0.120000 40.369999
1487.625000 64.654526 0.120000 40.470001
1488.125000 64.654526 0.120000 40.564999
1489.625000 64.654526 0.120000 40.665001
1490.125000 64.654526 0.120000 40.770000
1490.500000 64.654526 0.120000 40.865002
1491.125000 64.654526 0.120000 40.959999
1491.375000 64.654526 0.120000 41.064999
1491.875000 64.654526 0.120000 41.169998
1491.875000 64.654526 0.120000 41.264999
1492.500000 64.654526 0.120000 41.369999
1493.125000 64.654526 0.120000 41.459999
1493.500000 64.654526 0.120000 41.560001
1494.375000 64.654526 0.120000 41.665001
1495.000000 64.654526 0.120000 41.764999
1495.500000 64.654526 0.120000 41.869999
1495.625000 64.654526 0.120000 41.965000
1497.000000 64.654526 0.124000 42.070000
1497.250000 64.654526 0.124000 42.165001
1498.000000 64.654526 0.124000 42.270000
1498.500000 64.654526 0.124000 42.365002
1499.125000 64.654526 0.124000 42.465000
1499.875000 64.654526 0.124000 42.570000
1500.500000 64.654526 0.124000 42.669998
1501.125000 64.654526 0.124000 42.770000
1501.250000 64.654526 0.124000 42.865002
1501.500000 64.654526 0.124000 42.970001
1502.250000 64.654526 0.125000 43.064999
1502.625000 64.654526 0.125000 43.165001
1503.250000 64.654526 0.125000 43.264999
1503.625000 64.654526 0.125000 43.369999
1504.250000 64.654526 0.125000 43.459999
1504.500000 64.654526 0.125000 43.570000
1504.750000 64.654526 0.125000 43.669998
1504.875000 64.654526 0.125000 43.755001
1505.250000 64.654526 0.125000 43.869999
1506.500000 64.654526 0.125000 43.965000
1507.000000 64.654526 0.126000 44.060001
1507.250000 64.654526 0.126000 44.165001
1507.625000 64.654526 0.126000 44.264999
1507.875000 64.654526 0.126000 44.360001
1508.250000 64.654526 0.126000 44.465000
1508.250000 64.654526 0.126000 44.570000
1508.500000 64.654526 0.126000 44.669998
1508.625000 64.654526 0.126000 44.764999
1508.750000 64.654526 0.126000 44.860001
1508.750000 64.654526 0.126000 44.970001
1509.375000 64.654526 0.128000 45.064999
1510.000000 64.654526 0.128000 45.165001
1510.250000 64.654526 0.128000 45.270000
1510.375000 64.654526 0.128000 45.369999
1510.500000 64.654526 0.128000 45.470001
1510.500000 64.654526 0.128000 45.560001
1510.875000 64.654526 0.128000 45.669998
1511.375000 64.654526 0.128000 45.770000
1511.625000 64.654526 0.128000 45.869999
1511.625000 64.654526 0.128000 45.970001
1511.625000 64.654526 0.118000 46.060001
1511.875000 64.654526 0.118000 46.165001
1512.375000 64.654526 0.118000 46.270000
1512.625000 64.654526 0.118000 46.365002
1512.875000 64.654526 0.118000 46.465000
1513.500000 64.654526 0.118000 46.564999
1513.750000 64.654526 0.118000 46.669998
1513.750000 64.654526 0.118000 46.764999
1514.375000 64.654526 0.118000 46.869999
1514.875000 64.654526 0.118000 46.959999
1515.125000 64.654526 0.117000 47.075001
1515.500000 64.654526 0.117000 47.169998
1515.750000 64.654526 0.117000 47.259998
1516.125000 64.654526 0.117000 47.365002
1516.500000 64.654526 0.117000 47.465000
1516.750000 64.654526 0.117000 47.570000
1517.125000 64.654526 0.117000 47.665001
1518.000000 64.654526 0.117000 47.764999
1518.125000 64.654526 0.117000 47.865002
1518.125000 64.654526 0.117000 47.965000
1518.125000 64.654526 0.121000 48.070000
1518.625000 64.654526 0.121000 48.165001
1519.000000 64.654526 0.121000 48.259998
1519.125000 64.654526 0.121000 48.369999
1519.625000 64.654526 0.121000 48.470001
1520.250000 64.654526 0.121000 48.570000
1520.500000 64.654526 0.121000 48.669998
1520.500000 64.654526 0.121000 48.764999
1520.750000 64.654526 0.121000 48.860001
1521.250000 64.654526 0.121000 48.970001
1521.250000 64.654526 0.130000 49.064999
1521.250000 64.654526 0.130000 49.160000
1521.875000 64.654526 0.130000 49.264999
1522.375000 64.654526 0.130000 49.369999
1522.375000 64.654526 0.130000 49.465000
1522.375000 64.654526 0.130000 49.564999
1522.625000 64.654526 0.130000 49.660000
1522.875000 64.654526 0.130000 49.770000
1523.125000 64.654526 0.130000 49.865002
1523.500000 64.654526 0.130000 49.970001
1524.000000 64.654526 0.107000 50.070000
1524.375000 64.654526 0.107000 50.174999
1524.500000 64.654526 0.107000 50.270000
1524.500000 64.654526 0.107000 50.365002
1524.750000 64.654526 0.107000 50.465000
1525.000000 64.654526 0.107000 50.564999
1525.125000 64.654526 0.107000 50.665001
1525.250000 64.654526 0.107000 50.764999
1525.500000 64.654526 0.107000 50.865002
1525.750000 64.654526 0.107000 50.965000
1525.875000 64.654526 0.106000 51.070000
1525.875000 64.654526 0.106000 51.165001
1526.250000 64.654526 0.106000 51.264999
1526.375000 64.654526 0.106000 51.369999
1526.375000 64.654526 0.106000 51.465000
1526.500000 64.654526 0.106000 51.560001
1527.000000 64.654526 0.106000 51.669998
1527.125000 64.654526 0.106000 51.759998
1527.250000 64.654526 0.106000 51.865002
1527.500000 64.654526 0.106000 51.970001
1528.000000 64.654526 0.110000 52.060001
1528.250000 64.654526 0.110000 52.160000
1528.250000 64.654526 0.110000 52.264999
1529.125000 64.654526 0.110000 52.365002
1529.125000 64.654526 0.110000 52.470001
1529.250000 64.654526 0.110000 52.570000
1529.250000 64.654526 0.110000 52.665001
1529.375000 64.654526 0.110000 52.759998
1529.500000 64.654526 0.110000 52.869999
1529.875000 64.654526 0.110000 52.959999
1529.875000 64.654526 0.127000 53.070000
1530.000000 64.654526 0.127000 53.174999
1530.250000 64.654526 0.127000 53.264999
1530.250000 64.654526 0.127000 53.369999
1530.250000 64.654526 0.127000 53.465000
1568.875000 64.654526 0.127000 53.570000
1568.875000 64.654526 0.127000 53.669998
1568.875000 64.654526 0.127000 53.759998
1568.875000 64.654526 0.127000 53.869999
1568.875000 64.654526 0.127000 53.959999
1568.875000 64.654526 0.114000 54.070000
1568.875000 64.654526 0.114000 54.165001
1569.125000 64.654526 0.114000 54.259998
1569.125000 64.654526 0.114000 54.369999
1569.125000 64.654526 0.114000 54.470001
1569.125000 64.654526 0.114000 54.564999
1569.125000 64.654526 0.114000 54.665001
1569.125000 64.654526 0.114000 54.764999
1569.250000 64.654526 0.114000 54.865002
1569.250000 64.654526 0.114000 54.959999
1569.250000 64.654526 0.128000 55.064999
1569.250000 64.654526 0.128000 55.165001
1569.250000 64.654526 0.128000 55.264999
1569.250000 64.654526 0.128000 55.365002
1569.250000 64.654526 0.128000 55.465000
1569.250000 64.654526 0.128000 55.560001
1569.250000 64.654526 0.128000 55.660000
1569.250000 64.654526 0.128000 55.770000
1569.875000 64.654526 0.128000 55.869999
1626.000000 64.654526 0.128000 55.965000
1641.750000 64.654526 0.120000 56.064999
1642.250000 64.654526 0.120000 56.169998
1642.375000 64.654526 0.120000 56.264999
1642.500000 64.654526 0.120000 56.365002
1642.500000 64.654526 0.120000 56.470001
1642.625000 64.654526 0.120000 56.564999
1642.875000 64.654526 0.120000 56.665001
1643.250000 64.654526 0.120000 56.770000
1643.500000 64.654526 0.120000 56.869999
1643.875000 64.654526 0.120000 56.965000
1644.000000 64.654526 0.150000 57.064999
1644.125000 64.654526 0.150000 57.165001
1644.875000 64.654526 0.150000 57.264999
1645.125000 64.654526 0.150000 57.360001
1645.375000 64.654526 0.150000 57.470001
1645.375000 64.654526 0.150000 57.560001
1645.625000 64.654526 0.150000 57.669998
1646.125000 64.654526 0.150000 57.764999
1646.250000 64.654526 0.150000 57.865002
1646.625000 64.654526 0.150000 57.959999
1646.875000 64.654526 0.132000 58.064999
1647.250000 64.654526 0.132000 58.174999
1647.375000 64.654526 0.132000 58.264999
1647.500000 64.654526 0.132000 58.365002
1647.500000 64.654526 0.132000 58.474998
1648.250000 64.654526 0.132000 58.564999
1648.500000 64.654526 0.132000 58.665001
1649.000000 64.654526 0.132000 58.764999
1649.000000 64.654526 0.132000 58.869999
1649.375000 64.654526 0.132000 58.970001
1649.625000 64.654526 0.131000 59.064999
1650.125000 64.654526 0.131000 59.165001
1650.250000 64.654526 0.131000 59.270000
1650.750000 64.654526 0.131000 59.369999
1650.750000 64.654526 0.131000 59.465000
1650.875000 64.654526 0.131000 59.570000
1651.375000 64.654526 0.131000 59.669998
1652.000000 64.654526 0.131000 59.764999
1652.000000 64.654526 0.131000 59.860001
1652.375000 64.654526 0.131000 59.965000
1652.375000 64.654526 0.139000 60.060001
1652.375000 64.654526 0.139000 60.160000
1652.375000 64.654526 0.139000 60.259998
1652.500000 64.654526 0.139000 60.365002
1652.875000 64.654526 0.139000 60.465000
1652.875000 64.654526 0.139000 60.570000
1653.250000 64.654526 0.139000 60.665001
1653.250000 64.654526 0.139000 60.764999
1653.500000 64.654526 0.139000 60.865002
1653.875000 64.654526 0.139000 60.959999
1654.125000 64.654526 0.152000 61.064999
1654.375000 64.654526 0.152000 61.160000
1654.500000 64.654526 0.152000 61.264999
1654.625000 64.654526 0.152000 61.365002
1654.875000 64.654526 0.152000 61.470001
1655.000000 64.654526 0.152000 61.570000
1655.375000 64.654526 0.152000 61.669998
1655.625000 64.654526 0.152000 61.764999
1655.750000 64.654526 0.152000 61.869999
1655.750000 64.654526 0.152000 61.970001
1655.750000 64.654526 0.137000 62.064999
1655.750000 64.654526 0.137000 62.165001
1656.125000 64.654526 0.137000 62.259998
1656.250000 64.654526 0.137000 62.365002
1656.250000 64.654526 0.137000 62.474998
1656.250000 64.654526 0.137000 62.555000
1656.250000 64.654526 0.137000 62.669998
1656.250000 64.654526 0.137000 62.764999
1656.500000 64.654526 0.137000 62.869999
1656.875000 64.654526 0.137000 62.965000
1657.000000 64.654526 0.126000 63.064999
1657.125000 64.654526 0.126000 63.160000
1657.125000 64.654526 0.126000 63.264999
1657.125000 64.654526 0.126000 63.369999
1657.250000 64.654526 0.126000 63.465000
1657.500000 64.654526 0.126000 63.560001
1657.625000 64.654526 0.126000 63.674999
1657.750000 64.654526 0.126000 63.764999
1657.875000 64.654526 0.126000 63.865002
1657.875000 64.654526 0.126000 63.965000
1658.000000 64.654526 0.121000 64.065002
1658.375000 64.654526 0.121000 64.160004
1658.625000 64.654526 0.121000 64.264999
1659.875000 64.654526 0.121000 64.364998
1659.875000 64.654526 0.121000 64.470001
1660.250000 64.654526 0.121000 64.565002
1660.250000 64.654526 0.121000 64.665001
1660.875000 64.654526 0.121000 64.764999
1661.125000 64.654526 0.121000 64.864998
1661.375000 64.654526 0.121000 64.970001
1661.375000 64.654526 0.122000 65.070000
1661.500000 64.654526 0.122000 65.169998
1661.500000 64.654526 0.122000 65.264999
1662.000000 64.654526 0.122000 65.360001
1662.125000 64.654526 0.122000 65.464996
1662.500000 64.654526 0.122000 65.570000
1662.875000 64.654526 0.122000 65.665001
1663.000000 64.654526 0.122000 65.760002
1663.000000 64.654526 0.122000 65.860001
1663.375000 64.654526 0.122000 65.964996
1663.625000 64.654526 0.119000 66.065002
1663.750000 64.654526 0.119000 66.165001
1663.875000 64.654526 0.119000 66.254997
1664.000000 64.654526 0.119000 66.364998
1664.000000 64.654526 0.119000 66.464996
1664.250000 64.654526 0.119000 66.570000
1664.625000 64.654526 0.119000 66.660004
1664.750000 64.654526 0.119000 66.760002
1664.875000 64.654526 0.119000 66.864998
1665.000000 64.654526 0.119000 66.964996
1665.000000 64.654526 0.121000 67.070000
1665.000000 64.654526 0.121000 67.169998
1665.000000 64.654526 0.121000 67.264999
1665.625000 64.654526 0.121000 67.360001
1665.750000 64.654526 0.121000 67.470001
1666.000000 64.654526 0.121000 67.565002
1666.125000 64.654526 0.121000 67.665001
1666.375000 64.654526 0.121000 67.769997
1666.750000 64.654526 0.121000 67.864998
1666.750000 64.654526 0.121000 67.970001
1667.000000 64.654526 0.119000 68.059998
1667.125000 64.654526 0.119000 68.169998
1667.250000 64.654526 0.119000 68.269997
1667.375000 64.654526 0.119000 68.364998
1667.375000 64.654526 0.119000 68.459999
1667.500000 64.654526 0.119000 68.570000
1667.750000 64.654526 0.119000 68.665001
1668.125000 64.654526 0.119000 68.760002
1668.125000 64.654526 0.119000 68.870003
1668.500000 64.654526 0.119000 68.959999
1668.625000 64.654526 0.120000 69.070000
1669.000000 64.654526 0.120000 69.169998
1669.125000 64.654526 0.120000 69.264999
1669.250000 64.654526 0.120000 69.370003
1669.250000 64.654526 0.120000 69.464996
1669.375000 64.654526 0.120000 69.570000
1669.375000 64.654526 0.120000 69.669998
1669.875000 64.654526 0.120000 69.764999
1670.000000 64.654526 0.120000 69.864998
1670.000000 64.654526 0.120000 69.959999
1670.000000 64.654526 0.122000 70.070000
1670.125000 64.654526 0.122000 70.160004
1670.250000 64.654526 0.122000 70.264999
1670.500000 64.654526 0.122000 70.360001
1671.000000 64.654526 0.122000 70.470001
1671.000000 64.654526 0.122000 70.570000
1671.125000 64.654526 0.122000 70.665001
1671.250000 64.654526 0.122000 70.760002
1671.250000 64.654526 0.122000 70.860001
1671.375000 64.654526 0.122000 70.959999
1671.625000 64.654526 0.121000 71.059998
1672.000000 64.654526 0.121000 71.165001
1672.000000 64.654526 0.121000 71.264999
1672.250000 64.654526 0.121000 71.370003
1672.375000 64.654526 0.121000 71.470001
1672.750000 64.654526 0.121000 71.565002
1673.000000 64.654526 0.121000 71.660004
1673.250000 64.654526 0.121000 71.769997
1673.250000 64.654526 0.121000 71.864998
1673.500000 64.654526 0.121000 71.959999
1673.750000 64.654526 0.130000 72.070000
1673.875000 64.654526 0.130000 72.165001
1673.875000 64.654526 0.130000 72.269997
1674.125000 64.654526 0.130000 72.360001
1674.250000 64.654526 0.130000 72.470001
1674.500000 64.654526 0.130000 72.570000
1674.500000 64.654526 0.130000 72.665001
1674.625000 64.654526 0.130000 72.764999
1675.125000 64.654526 0.130000 72.870003
1675.125000 64.654526 0.130000 72.964996
1675.250000 64.654526 0.135000 73.059998
1675.375000 64.654526 0.135000 73.165001
1675.500000 64.654526 0.135000 73.260002
1675.750000 64.654526 0.135000 73.364998
1676.000000 64.654526 0.135000 73.459999
1681.375000 64.654526 0.135000 73.565002
1681.375000 64.654526 0.135000 73.665001
1681.375000 64.654526 0.135000 73.769997
1681.375000 64.654526 0.135000 73.870003
1681.375000 64.654526 0.135000 73.964996
1681.375000 64.654526 0.136000 74.065002
1681.375000 64.654526 0.136000 74.165001
1681.375000 64.654526 0.136000 74.264999
1681.375000 64.654526 0.136000 74.364998
1681.375000 64.654526 0.136000 74.470001
1681.375000 64.654526 0.136000 74.565002
1681.375000 64.654526 0.136000 74.660004
1681.375000 64.654526 0.136000 74.764999
1681.375000 64.654526 0.136000 74.864998
1681.375000 64.654526 0.136000 74.970001
1681.375000 64.654526 0.118000 75.065002
1681.375000 64.654526 0.118000 75.175003
1681.375000 64.654526 0.118000 75.264999
1681.375000 64.654526 0.118000 75.360001
1681.375000 64.654526 0.118000 75.470001
1681.375000 64.654526 0.118000 75.559998
1681.375000 64.654526 0.118000 75.665001
1681.750000 64.654526 0.118000 75.764999
1682.125000 64.654526 0.118000 75.870003
1682.625000 64.654526 0.118000 75.970001
1683.000000 64.654526 0.116000 76.059998
1683.375000 64.654526 0.116000 76.160004
1683.375000 64.654526 0.116000 76.264999
1683.625000 64.654526 0.116000 76.364998
1684.000000 64.654526 0.116000 76.459999
1684.375000 64.654526 0.116000 76.565002
1684.625000 64.654526 0.116000 76.669998
1684.875000 64.654526 0.116000 76.769997
1685.375000 64.654526 0.116000 76.875000
1685.750000 64.654526 0.116000 76.964996
1686.000000 64.654526 0.111000 77.070000
1686.250000 64.654526 0.111000 77.169998
1686.500000 64.654526 0.111000 77.264999
1686.750000 64.654526 0.111000 77.360001
1687.000000 64.654526 0.111000 77.470001
1687.375000 64.654526 0.111000 77.565002
1687.500000 64.654526 0.111000 77.665001
1687.625000 64.654526 0.111000 77.769997
1687.875000 64.654526 0.111000 77.870003
1688.250000 64.654526 0.111000 77.970001
1688.375000 64.654526 0.124000 78.065002
1688.750000 64.654526 0.124000 78.165001
1689.375000 64.654526 0.124000 78.264999
1689.625000 64.654526 0.124000 78.364998
1689.750000 64.654526 0.124000 78.470001
1690.125000 64.654526 0.124000 78.570000
1690.500000 64.654526 0.124000 78.669998
1690.875000 64.654526 0.124000 78.764999
1691.000000 64.654526 0.124000 78.870003
1691.125000 64.654526 0.124000 78.964996
1691.375000 64.654526 0.122000 79.070000
1692.000000 64.654526 0.122000 79.165001
1692.500000 64.654526 0.122000 79.264999
1692.625000 64.654526 0.122000 79.364998
1693.250000 64.654526 0.122000 79.470001
1693.750000 64.654526 0.122000 79.565002
1693.750000 64.654526 0.122000 79.669998
1693.750000 64.654526 0.122000 79.764999
1693.875000 64.654526 0.122000 79.870003
1695.000000 64.654526 0.122000 79.959999
1695.125000 64.654526 0.115000 80.070000
1695.500000 64.654526 0.115000 80.165001
1695.625000 64.654526 0.115000 80.260002
1696.000000 64.654526 0.115000 80.364998
1696.375000 64.654526 0.115000 80.470001
1697.000000 64.654526 0.115000 80.570000
1697.125000 64.654526 0.115000 80.660004
1697.125000 64.654526 0.115000 80.769997
1697.125000 64.654526 0.115000 80.860001
1697.125000 64.654526 0.115000 80.959999
1697.250000 64.654526 0.141000 81.070000
1697.625000 64.654526 0.141000 81.169998
1698.125000 64.654526 0.141000 81.269997
1698.375000 64.654526 0.141000 81.364998
1698.750000 64.654526 0.141000 81.470001
1699.000000 64.654526 0.141000 81.565002
1699.375000 64.654526 0.141000 81.669998
1699.375000 64.654526 0.141000 81.764999
1699.500000 64.654526 0.141000 81.864998
1700.125000 64.654526 0.141000 81.959999
1700.375000 64.654526 0.117000 82.059998
1700.625000 64.654526 0.117000 82.160004
1700.875000 64.654526 0.117000 82.269997
1701.375000 64.654526 0.117000 82.360001
1701.500000 64.654526 0.117000 82.459999
1701.875000 64.654526 0.117000 82.570000
1702.125000 64.654526 0.117000 82.669998
