67.000000 0.000000 0.074000 0.075000
87.625000 0.202371 0.074000 0.170000
102.500000 0.202371 0.074000 0.265000
116.875000 0.413694 0.074000 0.365000
127.625000 0.617231 0.074000 0.480000
138.375000 0.828967 0.074000 0.580000
147.875000 1.034949 0.074000 0.680000
156.625000 1.242852 0.084000 0.780000
164.500000 1.451712 0.084000 0.880000
171.250000 1.661061 0.084000 0.965000
177.875000 1.890555 0.084000 1.075000
185.125000 2.100153 0.084000 1.170000
190.375000 2.309921 0.084000 1.270000
198.750000 2.519804 0.084000 1.370000
206.500000 2.729776 0.084000 1.465000
214.875000 2.929778 0.084000 1.570000
222.500000 3.149778 0.084000 1.680000
232.625000 3.349813 0.145000 1.770000
242.000000 3.549849 0.145000 1.870000
253.125000 3.749859 0.145000 1.970000
265.250000 3.959839 0.145000 2.075000
277.375000 4.159845 0.145000 2.170000
293.375000 4.369832 0.145000 2.280000
306.500000 4.369832 0.145000 2.370000
317.125000 4.579803 0.145000 2.465000
329.000000 4.809774 0.145000 2.565000
339.125000 5.039738 0.145000 2.670000
347.750000 5.259680 0.178000 2.770000
357.375000 5.489627 0.178000 2.875000
367.750000 5.699191 0.178000 2.975000
374.750000 5.907852 0.178000 3.080000
381.250000 6.116108 0.178000 3.165000
386.875000 6.324818 0.178000 3.275000
395.375000 6.534019 0.178000 3.370000
402.625000 6.743516 0.178000 3.470000
409.375000 6.953179 0.178000 3.565000
416.750000 7.162959 0.178000 3.670000
427.250000 7.162959 0.185000 3.770000
433.125000 7.372804 0.185000 3.875000
441.500000 7.582651 0.185000 3.975000
450.375000 7.802504 0.185000 4.075000
458.125000 8.012401 0.185000 4.170000
465.250000 8.222338 0.185000 4.280000
471.625000 8.432245 0.185000 4.375000
477.375000 8.642145 0.185000 4.480000
484.875000 8.852050 0.185000 4.575000
488.750000 9.081870 0.185000 4.670000
494.625000 9.291499 0.201000 4.765000
498.000000 9.501175 0.201000 4.875000
502.375000 9.710478 0.201000 4.975000
507.125000 9.919157 0.201000 5.065000
510.250000 10.128172 0.201000 5.170000
513.125000 10.337676 0.201000 5.270000
518.000000 10.547490 0.201000 5.365000
522.125000 10.757472 0.201000 5.470000
527.000000 10.957579 0.201000 5.575000
529.750000 11.157780 0.201000 5.665000
533.500000 11.357965 0.176000 5.765000
536.750000 11.558053 0.176000 5.875000
540.625000 11.758212 0.176000 5.975000
543.375000 11.958427 0.176000 6.075000
547.875000 12.158669 0.176000 6.165000
551.500000 12.358945 0.176000 6.270000
556.000000 12.559249 0.176000 6.365000
558.625000 12.759562 0.176000 6.475000
561.875000 12.959896 0.176000 6.575000
566.750000 13.160258 0.176000 6.665000
569.625000 13.360656 0.171000 6.765000
573.375000 13.360656 0.171000 6.865000
576.750000 13.585636 0.171000 6.975000
579.375000 13.791690 0.171000 7.070000
583.875000 14.006063 0.171000 7.170000
585.375000 14.209600 0.171000 7.265000
588.250000 14.209600 0.171000 7.370000
591.375000 14.415855 0.171000 7.460000
594.750000 14.620077 0.171000 7.575000
597.375000 14.823532 0.171000 7.665000
600.625000 14.823532 0.176000 7.765000
603.000000 15.026955 0.176000 7.870000
607.000000 15.229768 0.176000 7.965000
608.625000 15.438254 0.176000 8.070000
612.375000 15.643257 0.176000 8.175000
616.000000 15.846039 0.176000 8.270000
619.125000 16.052490 0.176000 8.375000
621.875000 16.260925 0.176000 8.470000
624.750000 16.260925 0.176000 8.560000
627.375000 16.470379 0.176000 8.660000
630.750000 16.680325 0.155000 8.770000
633.625000 16.890520 0.155000 8.865000
638.125000 17.090551 0.155000 8.975000
641.500000 17.310287 0.155000 9.070000
643.250000 17.520144 0.155000 9.170000
647.125000 17.730143 0.155000 9.270000
649.625000 17.930237 0.155000 9.375000
652.500000 18.130379 0.155000 9.470000
656.875000 18.370146 0.155000 9.575000
660.500000 18.579823 0.155000 9.665000
665.125000 18.789446 0.156000 9.770000
668.750000 18.999006 0.156000 9.870000
672.125000 19.208693 0.156000 9.965000
675.750000 19.418554 0.156000 10.060000
679.625000 19.628553 0.156000 10.165000
682.000000 19.838514 0.156000 10.265000
685.125000 20.048365 0.156000 10.370000
690.375000 20.258251 0.156000 10.475000
692.750000 20.258251 0.156000 10.570000
695.875000 20.478186 0.156000 10.670000
698.750000 20.688143 0.178000 10.775000
701.000000 20.898066 0.178000 10.860000
704.875000 21.107914 0.178000 10.965000
707.625000 21.317736 0.178000 11.070000
711.625000 21.527599 0.178000 11.170000
714.375000 21.737461 0.178000 11.265000
716.250000 21.967295 0.178000 11.365000
718.750000 22.197178 0.178000 11.470000
721.625000 22.407106 0.178000 11.570000
724.125000 22.617018 0.178000 11.675000
728.375000 22.826918 0.149000 11.770000
730.750000 23.036753 0.149000 11.875000
734.125000 23.246397 0.149000 11.970000
737.000000 23.456116 0.149000 12.070000
738.750000 23.456116 0.149000 12.170000
742.375000 23.675911 0.149000 12.270000
745.000000 23.885740 0.149000 12.365000
747.750000 24.095575 0.149000 12.465000
752.000000 24.325424 0.149000 12.570000
753.875000 24.575281 0.149000 12.665000
757.750000 24.785133 0.139000 12.775000
760.250000 24.994980 0.139000 12.875000
762.250000 25.204828 0.139000 12.970000
765.875000 25.424700 0.139000 13.075000
768.125000 25.634598 0.139000 13.170000
770.625000 25.844501 0.139000 13.265000
773.375000 26.054409 0.139000 13.375000
776.000000 26.054409 0.139000 13.470000
779.125000 26.264301 0.139000 13.560000
781.000000 26.474169 0.139000 13.660000
783.750000 26.684092 0.164000 13.770000
786.000000 26.894032 0.164000 13.870000
787.875000 27.103996 0.164000 13.970000
791.500000 27.313972 0.164000 14.075000
794.625000 27.523949 0.164000 14.170000
797.750000 27.763922 0.164000 14.270000
800.250000 27.973854 0.164000 14.370000
802.250000 28.183752 0.164000 14.470000
804.125000 28.393690 0.164000 14.570000
806.000000 28.603630 0.164000 14.670000
808.750000 28.813532 0.154000 14.765000
811.750000 29.023432 0.154000 14.875000
813.875000 29.233332 0.154000 14.970000
816.000000 29.443232 0.154000 15.075000
818.375000 29.653131 0.154000 15.170000
820.750000 29.863031 0.154000 15.275000
822.375000 29.863031 0.154000 15.375000
823.875000 30.072929 0.154000 15.470000
826.250000 30.282829 0.154000 15.570000
828.750000 30.492729 0.154000 15.675000
830.750000 30.702660 0.152000 15.765000
833.000000 30.912582 0.152000 15.875000
835.000000 31.122536 0.152000 15.965000
836.875000 31.352512 0.152000 16.065001
838.500000 31.562492 0.152000 16.170000
840.750000 31.772400 0.152000 16.264999
842.750000 31.982300 0.152000 16.365000
845.000000 32.192211 0.152000 16.465000
846.875000 32.402111 0.152000 16.575001
849.250000 32.612011 0.152000 16.665001
850.875000 32.821911 0.156000 16.775000
851.750000 33.031731 0.156000 16.865000
853.750000 33.031731 0.156000 16.959999
855.500000 33.241531 0.156000 17.055000
856.500000 33.451366 0.156000 17.165001
859.125000 33.661236 0.156000 17.264999
860.500000 33.871086 0.156000 17.375000
862.500000 34.080925 0.156000 17.475000
864.625000 34.290794 0.156000 17.570000
865.875000 34.500668 0.156000 17.670000
866.875000 34.710526 0.162000 17.770000
868.375000 34.950333 0.162000 17.875000
870.375000 35.160168 0.162000 17.965000
871.500000 35.409527 0.162000 18.075001
874.000000 35.618568 0.162000 18.170000
875.750000 35.827362 0.162000 18.275000
877.500000 36.036491 0.162000 18.375000
879.250000 36.245998 0.162000 18.469999
882.000000 36.245998 0.162000 18.570000
884.375000 36.455761 0.162000 18.674999
887.875000 36.695663 0.148000 18.764999
889.875000 36.925083 0.148000 18.875000
891.750000 37.153442 0.148000 18.975000
893.625000 37.361183 0.148000 19.070000
894.750000 37.589169 0.148000 19.165001
896.375000 37.807983 0.148000 19.275000
899.125000 38.017231 0.148000 19.370001
901.000000 38.226685 0.148000 19.465000
903.125000 38.226685 0.148000 19.565001
907.000000 38.436287 0.148000 19.665001
911.000000 38.656021 0.157000 19.770000
915.375000 38.865864 0.157000 19.870001
918.875000 39.085709 0.157000 19.969999
922.500000 39.295528 0.157000 20.075001
926.375000 39.505329 0.157000 20.160000
929.375000 39.745159 0.157000 20.270000
934.125000 39.955013 0.157000 20.370001
937.500000 40.164536 0.157000 20.469999
943.500000 40.384075 0.157000 20.570000
948.000000 40.593800 0.157000 20.665001
954.125000 40.803631 0.182000 20.770000
960.625000 41.013512 0.182000 20.875000
969.000000 41.223232 0.182000 20.969999
977.250000 41.223232 0.182000 21.065001
990.625000 41.642532 0.182000 21.174999
1004.250000 41.642532 0.182000 21.264999
1017.375000 41.852348 0.182000 21.375000
1030.375000 42.062172 0.182000 21.471001
1040.750000 42.272045 0.182000 21.559999
1048.125000 42.521908 0.182000 21.670000
1058.125000 42.731743 0.182000 21.764999
1064.875000 42.951279 0.237000 21.870001
1073.250000 43.160873 0.237000 21.969999
1080.750000 43.370598 0.237000 22.075001
1086.000000 43.580261 0.237000 22.170000
1092.250000 43.789455 0.237000 22.270000
1098.875000 43.998772 0.237000 22.375000
1104.625000 44.208378 0.237000 22.469999
1109.875000 44.418190 0.237000 22.575001
1114.625000 44.628136 0.237000 22.674999
1122.125000 44.828197 0.222000 22.775000
1128.250000 45.028343 0.222000 22.875000
1134.000000 45.228500 0.222000 22.975000
1138.625000 45.428635 0.222000 23.075001
1143.250000 45.628769 0.222000 23.170000
1150.750000 45.828903 0.222000 23.270000
1156.250000 46.029022 0.222000 23.370001
1161.000000 46.229141 0.222000 23.469999
1167.750000 46.429283 0.222000 23.570000
1173.125000 46.629414 0.222000 23.674999
1179.375000 46.829517 0.222000 23.770000
1184.500000 47.029652 0.239000 23.875000
1188.625000 47.229794 0.239000 23.969999
1191.375000 47.229794 0.239000 24.065001
1194.375000 47.630070 0.239000 24.174999
1195.875000 47.830219 0.239000 24.270000
1199.750000 48.030361 0.239000 24.375000
1202.500000 48.030361 0.239000 24.465000
1204.750000 48.230488 0.239000 24.565001
1207.375000 48.430595 0.239000 24.660000
1210.250000 48.630684 0.223000 24.760000
1212.125000 49.030872 0.223000 24.875000
1213.750000 49.231007 0.223000 24.969999
1215.625000 49.431057 0.223000 25.070000
1218.375000 49.431057 0.223000 25.165001
1221.500000 49.631065 0.223000 25.264999
1225.125000 49.841057 0.223000 25.365000
1226.375000 50.050995 0.223000 25.475000
1229.125000 50.270889 0.223000 25.565001
1231.250000 50.480122 0.223000 25.670000
1232.250000 50.683548 0.196000 25.775000
1234.375000 50.883938 0.196000 25.870001
1236.250000 51.094280 0.196000 25.969999
1238.375000 51.300755 0.196000 26.075001
1241.250000 51.300755 0.196000 26.165001
1243.625000 51.501263 0.196000 26.275000
1244.750000 51.706642 0.196000 26.375000
1246.750000 51.911617 0.196000 26.465000
1247.625000 51.911617 0.196000 26.559999
1250.250000 52.124374 0.196000 26.674999
1252.250000 52.329632 0.196000 26.770000
1254.000000 52.329632 0.196000 26.870001
1256.625000 52.535179 0.196000 26.965000
1258.250000 52.736740 0.196000 27.070000
1259.750000 52.950809 0.196000 27.165001
1261.875000 53.158833 0.196000 27.270000
1262.875000 53.363056 0.196000 27.365000
1265.375000 53.570164 0.196000 27.475000
1267.250000 53.778725 0.196000 27.565001
1267.875000 53.988022 0.196000 27.665001
1270.125000 54.197742 0.217000 27.770000
1272.375000 54.407684 0.217000 27.870001
1274.500000 54.607731 0.217000 27.975000
1277.000000 54.807835 0.217000 28.070000
1278.500000 55.007931 0.217000 28.170000
1280.125000 55.208076 0.217000 28.270000
1282.125000 55.408226 0.217000 28.365000
1283.000000 55.618130 0.217000 28.469999
1285.375000 55.828030 0.217000 28.570000
1286.750000 55.828030 0.217000 28.670000
1287.500000 56.037971 0.186000 28.770000
1289.000000 56.277905 0.186000 28.875000
1289.625000 56.487843 0.186000 28.965000
1291.500000 56.717628 0.186000 29.070000
1293.125000 56.927387 0.186000 29.170000
1294.000000 57.136932 0.186000 29.270000
1296.125000 57.356495 0.186000 29.360001
1296.875000 57.566219 0.186000 29.465000
1297.875000 57.795998 0.186000 29.575001
1299.875000 58.005772 0.186000 29.674999
1300.625000 58.215508 0.193000 29.764999
1301.500000 58.425274 0.193000 29.870001
1302.000000 58.635056 0.193000 29.975000
1302.500000 58.635056 0.193000 30.065001
1304.500000 58.864716 0.193000 30.170000
1305.125000 59.074394 0.193000 30.275000
1306.000000 59.284130 0.193000 30.370001
1306.125000 59.493942 0.193000 30.475000
1306.625000 59.703873 0.193000 30.565001
1307.500000 59.913872 0.193000 30.674999
1307.875000 60.143860 0.180000 30.770000
1308.750000 60.343876 0.180000 30.870001
1309.000000 60.553719 0.180000 30.975000
1309.625000 60.763508 0.180000 31.059999
1310.125000 60.983360 0.180000 31.170000
1310.375000 61.193214 0.180000 31.270000
1310.625000 61.402851 0.180000 31.370001
1311.250000 61.612297 0.180000 31.469999
1311.500000 61.821930 0.180000 31.575001
1312.875000 62.031441 0.180000 31.674999
1313.125000 62.031441 0.159000 31.764999
1313.625000 62.237534 0.159000 31.870001
1314.375000 62.442543 0.159000 31.965000
1314.625000 62.648674 0.159000 32.075001
1314.875000 62.855804 0.159000 32.169998
1315.000000 63.063671 0.159000 32.275002
1315.000000 63.271767 0.159000 32.369999
1315.500000 63.480183 0.159000 32.470001
1315.625000 63.711655 0.159000 32.564999
1315.875000 63.711655 0.159000 32.665001
1315.875000 63.914242 0.156000 32.770000
1316.000000 64.115189 0.156000 32.865002
1316.250000 64.115189 0.156000 32.974998
1316.500000 64.115189 0.156000 33.070000
1316.875000 64.115189 0.156000 33.165001
1317.250000 64.115189 0.156000 33.264999
1317.625000 64.115189 0.156000 33.360001
1318.000000 64.115189 0.156000 33.470001
1318.250000 64.315353 0.156000 33.564999
1318.250000 64.315353 0.156000 33.669998
1318.750000 64.315353 0.169000 33.764999
1318.875000 64.315353 0.169000 33.875000
1319.125000 64.315353 0.169000 33.974998
1319.750000 64.315353 0.169000 34.064999
1320.000000 64.315353 0.169000 34.169998
1320.250000 64.315353 0.169000 34.275002
1320.375000 64.315353 0.169000 34.369999
1320.750000 64.315353 0.169000 34.470001
1320.875000 64.315353 0.169000 34.564999
1321.125000 64.315353 0.169000 34.665001
1321.375000 64.315353 0.136000 34.770000
1321.875000 64.315353 0.136000 34.875000
1322.125000 64.315353 0.136000 34.970001
1322.125000 64.315353 0.136000 35.064999
1322.500000 64.315353 0.136000 35.165001
1322.750000 64.315353 0.136000 35.270000
1322.875000 64.315353 0.136000 35.365002
1323.000000 64.315353 0.136000 35.474998
1323.875000 64.315353 0.136000 35.570000
1323.875000 64.315353 0.136000 35.669998
1324.250000 64.315353 0.138000 35.775002
1324.250000 64.315353 0.138000 35.869999
1324.625000 64.315353 0.138000 35.970001
1324.625000 64.315353 0.138000 36.064999
1324.625000 64.315353 0.138000 36.174999
1325.125000 64.315353 0.138000 36.275002
1325.125000 64.315353 0.138000 36.375000
1325.250000 64.315353 0.138000 36.465000
1325.500000 64.315353 0.138000 36.564999
1326.000000 64.315353 0.138000 36.674999
1326.125000 64.315353 0.122000 36.775002
1326.250000 64.315353 0.122000 36.869999
1326.750000 64.315353 0.122000 36.970001
1327.000000 64.315353 0.122000 37.070000
1327.000000 64.315353 0.122000 37.169998
1327.250000 64.315353 0.122000 37.270000
1327.750000 64.315353 0.122000 37.369999
1328.125000 64.315353 0.122000 37.474998
1328.375000 64.315353 0.122000 37.570000
1328.625000 64.315353 0.122000 37.665001
1329.125000 64.315353 0.121000 37.775002
1329.375000 64.315353 0.121000 37.869999
1329.750000 64.315353 0.121000 37.974998
1330.375000 64.315353 0.121000 38.075001
1330.875000 64.315353 0.121000 38.169998
1331.000000 64.315353 0.121000 38.279999
1331.625000 64.315353 0.121000 38.369999
1332.375000 64.315353 0.121000 38.474998
1332.625000 64.315353 0.121000 38.575001
1332.750000 64.315353 0.121000 38.674999
1333.500000 64.315353 0.124000 38.770000
1333.750000 64.315353 0.124000 38.875000
1334.000000 64.315353 0.124000 38.959999
1334.125000 64.315353 0.124000 39.070000
1335.000000 64.315353 0.124000 39.169998
1335.125000 64.315353 0.124000 39.270000
1335.125000 64.315353 0.124000 39.369999
1335.875000 64.315353 0.124000 39.470001
1336.375000 64.315353 0.124000 39.570000
1336.500000 64.315353 0.124000 39.674999
1336.875000 64.315353 0.122000 39.770000
1337.625000 64.315353 0.122000 39.865002
1338.000000 64.315353 0.122000 39.965000
1338.000000 64.315353 0.122000 40.080002
1338.875000 64.315353 0.122000 40.165001
1338.875000 64.315353 0.122000 40.270000
1339.250000 64.315353 0.122000 40.369999
1339.250000 64.315353 0.122000 40.465000
1340.000000 64.315353 0.122000 40.564999
1340.500000 64.315353 0.122000 40.669998
1340.750000 64.315353 0.125000 40.775002
1341.125000 64.315353 0.125000 40.880001
1341.750000 64.315353 0.125000 40.965000
1342.000000 64.315353 0.125000 41.060001
1342.000000 64.315353 0.125000 41.169998
1342.625000 64.315353 0.125000 41.270000
1343.000000 64.315353 0.125000 41.369999
1343.125000 64.315353 0.125000 41.465000
1344.000000 64.315353 0.125000 41.564999
1344.250000 64.315353 0.125000 41.669998
1344.375000 64.315353 0.136000 41.775002
1344.500000 64.315353 0.136000 41.875000
1344.500000 64.315353 0.136000 41.970001
1344.750000 64.315353 0.136000 42.064999
1344.750000 64.315353 0.136000 42.174999
1344.750000 64.315353 0.136000 42.270000
1344.875000 64.315353 0.136000 42.369999
1345.000000 64.315353 0.136000 42.474998
1345.000000 64.315353 0.136000 42.570000
1345.125000 64.315353 0.136000 42.665001
1345.125000 64.315353 0.133000 42.770000
1345.375000 64.315353 0.133000 42.869999
1345.625000 64.315353 0.133000 42.970001
1345.750000 64.315353 0.133000 43.070000
1345.750000 64.315353 0.133000 43.169998
1346.125000 64.315353 0.133000 43.275002
1346.125000 64.315353 0.133000 43.369999
1346.250000 64.315353 0.133000 43.465000
1346.250000 64.315353 0.133000 43.570000
1346.500000 64.315353 0.133000 43.674999
1346.625000 64.315353 0.129000 43.770000
1346.625000 64.315353 0.129000 43.869999
1346.875000 64.315353 0.129000 43.974998
1346.875000 64.315353 0.129000 44.070000
1346.875000 64.315353 0.129000 44.174999
1347.000000 64.315353 0.129000 44.264999
1347.125000 64.315353 0.129000 44.369999
1347.500000 64.315353 0.129000 44.470001
1347.625000 64.315353 0.129000 44.575001
1347.625000 64.315353 0.129000 44.665001
1347.625000 64.315353 0.137000 44.764999
1348.000000 64.315353 0.137000 44.869999
1348.000000 64.315353 0.137000 44.965000
1348.125000 64.315353 0.137000 45.064999
1348.250000 64.315353 0.137000 45.169998
1348.500000 64.315353 0.137000 45.270000
1348.625000 64.315353 0.137000 45.369999
1348.625000 64.315353 0.137000 45.470001
1348.875000 64.315353 0.137000 45.575001
1349.125000 64.315353 0.137000 45.665001
1349.125000 64.315353 0.123000 45.770000
1349.250000 64.315353 0.123000 45.869999
1349.375000 64.315353 0.123000 45.965000
1349.375000 64.315353 0.123000 46.075001
1349.625000 64.315353 0.123000 46.165001
1349.750000 64.315353 0.123000 46.264999
1349.875000 64.315353 0.123000 46.369999
1350.000000 64.315353 0.123000 46.470001
1350.250000 64.315353 0.123000 46.564999
1350.375000 64.315353 0.123000 46.665001
1350.375000 64.315353 0.143000 46.775002
1350.375000 64.315353 0.143000 46.869999
1350.500000 64.315353 0.143000 46.970001
1350.625000 64.315353 0.143000 47.075001
1350.750000 64.315353 0.143000 47.174999
1350.750000 64.315353 0.143000 47.270000
1350.875000 64.315353 0.143000 47.369999
1351.000000 64.315353 0.143000 47.474998
1351.125000 64.315353 0.143000 47.570000
1351.125000 64.315353 0.143000 47.669998
1351.125000 64.315353 0.121000 47.775002
1351.375000 64.315353 0.121000 47.869999
1351.375000 64.315353 0.121000 47.974998
1351.375000 64.315353 0.121000 48.070000
1351.375000 64.315353 0.121000 48.165001
1351.500000 64.315353 0.121000 48.264999
1351.500000 64.315353 0.121000 48.369999
1351.500000 64.315353 0.121000 48.465000
1351.500000 64.315353 0.121000 48.570000
1351.500000 64.315353 0.121000 48.669998
1351.625000 64.315353 0.127000 48.764999
1351.750000 64.315353 0.127000 48.875000
1351.750000 64.315353 0.127000 48.965000
1351.750000 64.315353 0.127000 49.070000
1351.750000 64.315353 0.127000 49.169998
1351.750000 64.315353 0.127000 49.275002
1351.750000 64.315353 0.127000 49.380001
1351.750000 64.315353 0.127000 49.474998
1351.750000 64.315353 0.127000 49.570000
1351.875000 64.315353 0.127000 49.669998
1352.000000 64.315353 0.121000 49.770000
1352.125000 64.315353 0.121000 49.865002
1352.500000 64.315353 0.121000 49.974998
1352.625000 64.315353 0.121000 50.080002
1352.750000 64.315353 0.121000 50.174999
1352.875000 64.315353 0.121000 50.275002
1353.250000 64.315353 0.121000 50.369999
1353.375000 64.315353 0.121000 50.470001
1353.375000 64.315353 0.121000 50.570000
1353.625000 64.315353 0.121000 50.665001
1353.750000 64.315353 0.132000 50.770000
1353.875000 64.315353 0.132000 50.865002
1353.875000 64.315353 0.132000 50.970001
1354.375000 64.315353 0.132000 51.064999
1354.375000 64.315353 0.132000 51.165001
1354.375000 64.315353 0.132000 51.270000
1354.750000 64.315353 0.132000 51.369999
1354.875000 64.315353 0.132000 51.470001
1354.875000 64.315353 0.132000 51.580002
1354.875000 64.315353 0.132000 51.669998
1355.125000 64.315353 0.106000 51.764999
1355.500000 64.315353 0.106000 51.875000
1355.750000 64.315353 0.106000 51.970001
1355.750000 64.315353 0.106000 52.070000
1355.750000 64.315353 0.106000 52.165001
1356.250000 64.315353 0.106000 52.275002
1356.500000 64.315353 0.106000 52.369999
1356.500000 64.315353 0.106000 52.470001
1356.750000 64.315353 0.106000 52.570000
1357.375000 64.315353 0.106000 52.665001
1357.500000 64.315353 0.118000 52.770000
1357.500000 64.315353 0.118000 52.869999
1358.000000 64.315353 0.118000 52.974998
1358.500000 64.315353 0.118000 53.070000
1358.500000 64.315353 0.118000 53.169998
1358.500000 64.315353 0.118000 53.275002
1358.500000 64.315353 0.118000 53.360001
1359.125000 64.315353 0.118000 53.470001
1359.125000 64.315353 0.118000 53.564999
1359.375000 64.315353 0.118000 53.674999
1359.500000 64.315353 0.112000 53.770000
1359.625000 64.315353 0.112000 53.869999
1359.750000 64.315353 0.112000 53.974998
1360.125000 64.315353 0.112000 54.075001
1360.125000 64.315353 0.112000 54.174999
1360.125000 64.315353 0.112000 54.270000
1360.625000 64.315353 0.112000 54.369999
1360.625000 64.315353 0.112000 54.459999
1360.750000 64.315353 0.112000 54.564999
1360.875000 64.315353 0.112000 54.660000
1361.625000 64.315353 0.130000 54.770000
1361.625000 64.315353 0.130000 54.875000
1361.625000 64.315353 0.130000 54.965000
1361.750000 64.315353 0.130000 55.064999
1362.250000 64.315353 0.130000 55.169998
1362.375000 64.315353 0.130000 55.270000
1362.375000 64.315353 0.130000 55.365002
1362.875000 64.315353 0.130000 55.470001
1363.250000 64.315353 0.130000 55.575001
1363.250000 64.315353 0.130000 55.665001
1363.750000 64.315353 0.121000 55.770000
1364.000000 64.315353 0.121000 55.869999
1364.125000 64.315353 0.121000 55.974998
1364.250000 64.315353 0.121000 56.064999
1364.750000 64.315353 0.121000 56.169998
1365.125000 64.315353 0.121000 56.275002
1365.125000 64.315353 0.121000 56.375000
1365.250000 64.315353 0.121000 56.470001
1365.875000 64.315353 0.121000 56.560001
1366.000000 64.315353 0.121000 56.674999
1366.000000 64.315353 0.124000 56.764999
1366.125000 64.315353 0.124000 56.875000
1367.125000 64.315353 0.124000 56.965000
1367.375000 64.315353 0.124000 57.075001
1367.500000 64.315353 0.124000 57.169998
1368.000000 64.315353 0.124000 57.270000
1368.000000 64.315353 0.124000 57.369999
1368.375000 64.315353 0.124000 57.470001
1369.375000 64.315353 0.124000 57.570000
1369.625000 64.315353 0.124000 57.674999
1370.125000 64.315353 0.125000 57.764999
1370.500000 64.315353 0.125000 57.875000
1370.875000 64.315353 0.125000 57.970001
1371.375000 64.315353 0.125000 58.075001
1371.375000 64.315353 0.125000 58.165001
1371.875000 64.315353 0.125000 58.264999
1372.625000 64.315353 0.125000 58.375000
1372.750000 64.315353 0.125000 58.470001
1372.875000 64.315353 0.125000 58.564999
1373.625000 64.315353 0.125000 58.669998
1373.875000 64.315353 0.121000 58.775002
1373.875000 64.315353 0.121000 58.875000
1374.250000 64.315353 0.121000 58.970001
1374.625000 64.315353 0.121000 59.070000
1374.875000 64.315353 0.121000 59.169998
1375.000000 64.315353 0.121000 59.270000
1375.625000 64.315353 0.121000 59.369999
1375.750000 64.315353 0.121000 59.470001
1375.750000 64.315353 0.121000 59.564999
1375.875000 64.315353 0.121000 59.674999
1376.375000 64.315353 0.119000 59.770000
1376.625000 64.315353 0.119000 59.865002
1376.750000 64.315353 0.119000 59.970001
1377.375000 64.315353 0.119000 60.075001
1377.750000 64.315353 0.119000 60.165001
1378.000000 64.315353 0.119000 60.264999
1378.250000 64.315353 0.119000 60.365002
1378.500000 64.315353 0.119000 60.470001
1378.750000 64.315353 0.119000 60.570000
1379.000000 64.315353 0.119000 60.660000
1379.250000 64.315353 0.123000 60.770000
1379.500000 64.315353 0.123000 60.875000
1379.750000 64.315353 0.123000 60.970001
1380.000000 64.315353 0.123000 61.064999
1380.375000 64.315353 0.123000 61.165001
1380.375000 64.315353 0.123000 61.275002
1380.375000 64.315353 0.123000 61.375000
