64.875000 0.000000 0.072000 0.065000
87.875000 0.202525 0.072000 0.170000
104.000000 0.405404 0.072000 0.275000
116.250000 0.405404 0.072000 0.375000
125.750000 0.627770 0.082000 0.475000
135.750000 0.830232 0.082000 0.575000
144.750000 1.036376 0.082000 0.675000
151.500000 1.274204 0.082000 0.770000
158.375000 1.483241 0.082000 0.875000
166.250000 1.692722 0.082000 0.970000
173.875000 1.902439 0.082000 1.070000
181.375000 2.112257 0.082000 1.175000
189.750000 2.321836 0.082000 1.275000
197.250000 2.531370 0.082000 1.375000
205.125000 2.741060 0.092000 1.475000
214.625000 2.950864 0.092000 1.575000
224.125000 3.160475 0.092000 1.670000
233.875000 3.369980 0.092000 1.770000
245.625000 3.579655 0.092000 1.875000
257.125000 3.579655 0.092000 1.965000
267.500000 3.789408 0.092000 2.070000
282.875000 3.999236 0.092000 2.175000
300.875000 4.219115 0.092000 2.275000
314.375000 4.429114 0.092000 2.380000
326.000000 4.629221 0.166000 2.475000
337.250000 4.829387 0.166000 2.570000
348.500000 5.029413 0.166000 2.675000
358.250000 5.239200 0.166000 2.765000
366.125000 5.488949 0.166000 2.880000
376.125000 5.698510 0.166000 2.975000
386.000000 5.928149 0.166000 3.075000
393.875000 6.137789 0.166000 3.175000
402.250000 6.347136 0.166000 3.275000
409.750000 6.556670 0.166000 3.375000
415.125000 6.766382 0.166000 3.475000
422.125000 6.766382 0.190000 3.565000
427.875000 6.976216 0.190000 3.675000
435.750000 7.186101 0.190000 3.765000
444.250000 7.396020 0.190000 3.870000
450.375000 7.615729 0.190000 3.965000
460.500000 7.865365 0.190000 4.080000
468.875000 8.095071 0.190000 4.175000
477.750000 8.304822 0.190000 4.270000
485.125000 8.514409 0.190000 4.370000
491.500000 8.723752 0.190000 4.475000
497.875000 8.933263 0.179000 4.570000
503.250000 9.142688 0.179000 4.670000
505.875000 9.351692 0.179000 4.770000
509.500000 9.560879 0.179000 4.875000
513.625000 9.770241 0.179000 4.975000
517.500000 9.770241 0.179000 5.075000
522.250000 9.999675 0.179000 5.180000
525.875000 10.219344 0.179000 5.275000
530.875000 10.469337 0.179000 5.375000
534.500000 10.699573 0.179000 5.475000
538.000000 10.919924 0.203000 5.575000
542.375000 11.120216 0.203000 5.675000
545.625000 11.320406 0.203000 5.775000
550.000000 11.520636 0.203000 5.875000
554.250000 11.720944 0.203000 5.970000
557.500000 11.941085 0.203000 6.080000
561.500000 12.146962 0.203000 6.175000
565.875000 12.146962 0.203000 6.270000
569.125000 12.350639 0.203000 6.370000
572.250000 12.601210 0.203000 6.470000
574.875000 12.601210 0.169000 6.570000
577.875000 12.820696 0.169000 6.675000
582.000000 12.820696 0.169000 6.770000
584.250000 13.035848 0.169000 6.875000
588.125000 13.035848 0.169000 6.975000
591.000000 13.035848 0.169000 7.075000
594.250000 13.236668 0.169000 7.175000
596.000000 13.236668 0.169000 7.280000
597.500000 13.236668 0.169000 7.370000
598.750000 13.236668 0.169000 7.480000
600.625000 13.236668 0.155000 7.570000
602.625000 13.236668 0.155000 7.675000
604.625000 13.236668 0.155000 7.775000
606.000000 13.236668 0.155000 7.875000
607.875000 13.236668 0.155000 7.975000
609.750000 13.236668 0.155000 8.075000
611.750000 13.236668 0.155000 8.170000
612.875000 13.236668 0.155000 8.275000
613.375000 13.236668 0.155000 8.370000
615.000000 13.236668 0.155000 8.475000
616.500000 13.236668 0.142000 8.580000
617.750000 13.236668 0.142000 8.670000
618.750000 13.236668 0.142000 8.780000
619.625000 13.236668 0.142000 8.875000
620.875000 13.236668 0.142000 8.975000
621.750000 13.236668 0.142000 9.075000
622.125000 13.236668 0.142000 9.165000
624.000000 13.236668 0.142000 9.275000
625.375000 13.236668 0.142000 9.360000
626.375000 13.236668 0.170000 9.460000
627.250000 13.236668 0.170000 9.575000
628.125000 13.236668 0.170000 9.675000
629.125000 13.236668 0.170000 9.770000
629.875000 13.236668 0.170000 9.875000
630.375000 13.236668 0.170000 9.970000
631.250000 13.236668 0.170000 10.080000
632.375000 13.236668 0.170000 10.180000
633.125000 13.236668 0.170000 10.275000
634.125000 13.236668 0.170000 10.375000
635.250000 13.236668 0.170000 10.470000
636.250000 13.236668 0.131000 10.575000
637.500000 13.236668 0.131000 10.680000
638.000000 13.236668 0.131000 10.775000
638.875000 13.236668 0.131000 10.870000
640.000000 13.236668 0.131000 10.970000
641.250000 13.236668 0.131000 11.075000
642.250000 13.236668 0.131000 11.175000
643.125000 13.236668 0.131000 11.275000
643.875000 13.236668 0.131000 11.370000
645.250000 13.236668 0.131000 11.470000
645.750000 13.236668 0.129000 11.575000
646.750000 13.236668 0.129000 11.675000
647.375000 13.236668 0.129000 11.775000
648.250000 13.236668 0.129000 11.875000
648.875000 13.236668 0.129000 11.970000
649.500000 13.236668 0.129000 12.075000
650.375000 13.236668 0.129000 12.170000
651.250000 13.236668 0.129000 12.270000
652.000000 13.236668 0.129000 12.380000
653.250000 13.236668 0.129000 12.475000
655.125000 13.236668 0.155000 12.570000
656.125000 13.236668 0.155000 12.670000
657.125000 13.236668 0.155000 12.770000
658.125000 13.236668 0.155000 12.880000
659.250000 13.236668 0.155000 12.975000
661.000000 13.236668 0.155000 13.080000
661.625000 13.236668 0.155000 13.180000
662.625000 13.236668 0.155000 13.280000
663.375000 13.236668 0.155000 13.375000
664.875000 13.236668 0.155000 13.475000
666.250000 13.236668 0.148000 13.575000
667.375000 13.236668 0.148000 13.670000
668.500000 13.236668 0.148000 13.770000
669.625000 13.236668 0.148000 13.870000
670.875000 13.236668 0.148000 13.975000
671.875000 13.236668 0.148000 14.075000
672.875000 13.236668 0.148000 14.175000
673.875000 13.236668 0.148000 14.275000
674.750000 13.236668 0.148000 14.370000
675.625000 13.236668 0.148000 14.475000
676.750000 13.236668 0.138000 14.575000
677.625000 13.236668 0.138000 14.670000
679.000000 13.236668 0.138000 14.770000
679.000000 13.236668 0.138000 14.880000
679.750000 13.236668 0.138000 14.970000
680.625000 13.236668 0.138000 15.075000
681.500000 13.236668 0.138000 15.180000
682.250000 13.236668 0.138000 15.275000
683.125000 13.236668 0.138000 15.375000
683.875000 13.236668 0.142000 15.470000
684.625000 13.236668 0.142000 15.560000
685.500000 13.236668 0.142000 15.670000
686.500000 13.236668 0.142000 15.780000
687.125000 13.236668 0.142000 15.875000
687.875000 13.236668 0.142000 15.970000
688.875000 13.236668 0.142000 16.065001
690.375000 13.236668 0.142000 16.180000
691.000000 13.236668 0.142000 16.275000
691.625000 13.236668 0.142000 16.375000
692.250000 13.236668 0.142000 16.475000
692.875000 13.236668 0.144000 16.575001
693.875000 13.236668 0.144000 16.680000
695.000000 13.236668 0.144000 16.780001
696.000000 13.236668 0.144000 16.875000
696.500000 13.236668 0.144000 16.969999
696.750000 13.236668 0.144000 17.070000
698.125000 13.236668 0.144000 17.165001
699.000000 13.236668 0.144000 17.275000
699.500000 13.236668 0.144000 17.375000
700.125000 13.236668 0.144000 17.469999
701.875000 13.236668 0.138000 17.580000
702.375000 13.236668 0.138000 17.680000
702.875000 13.236668 0.138000 17.775000
704.000000 13.236668 0.138000 17.875000
704.500000 13.236668 0.138000 17.980000
705.625000 13.236668 0.138000 18.080000
706.625000 13.236668 0.138000 18.174999
707.375000 13.236668 0.138000 18.270000
708.125000 13.236668 0.138000 18.375000
708.625000 13.236668 0.139000 18.475000
709.750000 13.236668 0.139000 18.575001
710.625000 13.236668 0.139000 18.670000
711.125000 13.236668 0.139000 18.780001
712.125000 13.236668 0.139000 18.875000
712.500000 13.236668 0.139000 18.975000
713.500000 13.236668 0.139000 19.075001
714.750000 13.236668 0.139000 19.174999
715.250000 13.236668 0.139000 19.275000
715.750000 13.236668 0.139000 19.375000
716.500000 13.236668 0.121000 19.469999
717.250000 13.236668 0.121000 19.575001
717.875000 13.236668 0.121000 19.680000
718.375000 13.236668 0.121000 19.770000
719.000000 13.236668 0.121000 19.875000
720.000000 13.236668 0.121000 19.969999
720.250000 13.236668 0.121000 20.075001
721.125000 13.236668 0.121000 20.174999
722.000000 13.236668 0.121000 20.275000
722.500000 13.236668 0.121000 20.370001
723.375000 13.236668 0.000000 20.480000
724.000000 13.236668 0.000000 20.570000
724.750000 13.236668 0.000000 20.670000
725.625000 13.236668 0.000000 20.775000
726.000000 13.236668 0.000000 20.879999
727.125000 13.236668 0.000000 20.975000
728.375000 13.236668 0.000000 21.075001
728.625000 13.236668 0.000000 21.174999
729.625000 13.236668 0.000000 21.275000
730.500000 13.236668 0.000000 21.379999
731.500000 13.236668 0.000000 21.475000
732.375000 13.236668 0.000000 21.580000
732.875000 13.236668 0.000000 21.680000
734.250000 13.236668 0.000000 21.780001
735.250000 13.236668 0.000000 21.875000
736.125000 13.236668 0.000000 21.969999
737.625000 13.236668 0.000000 22.080000
738.000000 13.236668 0.000000 22.180000
738.750000 13.236668 0.000000 22.275000
739.625000 13.236668 0.000000 22.370001
740.375000 13.236668 0.000000 22.469999
741.250000 13.236668 0.000000 22.580000
742.000000 13.236668 0.000000 22.670000
742.375000 13.236668 0.000000 22.775000
744.000000 13.236668 0.000000 22.875000
744.750000 13.236668 0.000000 22.980000
745.375000 13.236668 0.000000 23.075001
745.625000 13.236668 0.000000 23.174999
746.000000 13.236668 0.000000 23.270000
747.375000 13.236668 0.000000 23.375000
747.875000 13.236668 0.000000 23.475000
748.250000 13.236668 0.000000 23.570000
749.000000 13.236668 0.000000 23.670000
750.000000 13.236668 0.000000 23.770000
751.000000 13.236668 0.000000 23.879999
751.375000 13.236668 0.000000 23.969999
751.375000 13.236668 0.000000 24.075001
752.125000 13.236668 0.000000 24.174999
753.125000 13.236668 0.000000 24.280001
753.625000 13.236668 0.000000 24.370001
754.750000 13.236668 0.000000 24.469999
754.875000 13.236668 0.000000 24.575001
756.125000 13.236668 0.000000 24.674999
757.375000 13.236668 0.000000 24.770000
758.000000 13.236668 0.000000 24.875000
758.250000 13.236668 0.000000 24.969999
758.625000 13.236668 0.000000 25.080000
759.500000 13.236668 0.000000 25.174999
760.750000 13.236668 0.000000 25.270000
761.125000 13.236668 0.000000 25.379999
761.250000 13.236668 0.000000 25.469999
762.250000 13.236668 0.000000 25.575001
763.125000 13.236668 0.000000 25.674999
764.000000 13.236668 0.000000 25.770000
765.000000 13.236668 0.000000 25.870001
765.500000 13.236668 0.000000 25.965000
766.125000 13.236668 0.000000 26.065001
767.750000 13.236668 0.000000 26.165001
768.250000 13.236668 0.000000 26.275000
768.625000 13.236668 0.000000 26.370001
769.000000 13.236668 0.000000 26.480000
769.250000 13.236668 0.000000 26.570000
770.500000 13.236668 0.000000 26.670000
771.375000 13.236668 0.000000 26.770000
771.875000 13.236668 0.000000 26.875000
772.500000 13.236668 0.000000 26.969999
773.625000 13.236668 0.000000 27.080000
774.375000 13.236668 0.000000 27.170000
774.750000 13.236668 0.000000 27.270000
775.375000 13.236668 0.000000 27.375000
776.000000 13.236668 0.000000 27.469999
776.500000 13.236668 0.000000 27.575001
777.750000 13.236668 0.000000 27.674999
778.000000 13.236668 0.000000 27.764999
778.375000 13.236668 0.000000 27.875000
779.500000 13.236668 0.000000 27.975000
780.750000 13.236668 0.000000 28.080000
781.500000 13.236668 0.000000 28.180000
782.125000 13.236668 0.000000 28.270000
782.125000 13.236668 0.000000 28.370001
782.875000 13.236668 0.000000 28.475000
783.375000 13.236668 0.000000 28.580000
783.875000 13.236668 0.000000 28.680000
784.000000 13.236668 0.000000 28.770000
784.375000 13.236668 0.000000 28.879999
785.500000 13.236668 0.000000 28.980000
785.625000 13.236668 0.000000 29.080000
785.875000 13.236668 0.000000 29.170000
787.000000 13.236668 0.000000 29.264999
787.375000 13.236668 0.000000 29.375000
788.500000 13.236668 0.000000 29.469999
789.250000 13.236668 0.000000 29.575001
789.750000 13.236668 0.000000 29.674999
790.125000 13.236668 0.000000 29.775000
790.750000 13.236668 0.000000 29.870001
790.750000 13.236668 0.000000 29.975000
791.125000 13.236668 0.000000 30.075001
791.625000 13.236668 0.000000 30.174999
792.125000 13.236668 0.000000 30.275000
792.500000 13.236668 0.000000 30.365000
793.000000 13.236668 0.000000 30.480000
793.500000 13.236668 0.000000 30.580000
793.625000 13.236668 0.000000 30.680000
793.875000 13.236668 0.000000 30.785000
794.500000 13.236668 0.000000 30.875000
794.750000 13.236668 0.000000 30.975000
795.250000 13.236668 0.000000 31.075001
796.375000 13.236668 0.000000 31.174999
796.500000 13.236668 0.000000 31.275000
797.250000 13.236668 0.000000 31.375000
797.875000 13.236668 0.000000 31.480000
798.125000 13.236668 0.000000 31.575001
798.250000 13.236668 0.000000 31.684999
799.000000 13.236668 0.000000 31.775000
799.750000 13.236668 0.000000 31.865000
800.125000 13.236668 0.000000 31.975000
800.875000 13.236668 0.000000 32.075001
801.500000 13.236668 0.000000 32.180000
801.500000 13.236668 0.000000 32.270000
801.500000 13.236668 0.000000 32.375000
802.125000 13.236668 0.000000 32.480000
802.125000 13.236668 0.000000 32.570000
802.500000 13.236668 0.000000 32.674999
802.625000 13.236668 0.000000 32.770000
802.750000 13.236668 0.000000 32.875000
803.000000 13.236668 0.000000 32.970001
803.500000 13.236668 0.000000 33.075001
803.500000 13.236668 0.000000 33.169998
803.750000 13.236668 0.000000 33.279999
804.000000 13.236668 0.000000 33.369999
804.125000 13.236668 0.000000 33.465000
804.125000 13.236668 0.000000 33.580002
804.250000 13.236668 0.000000 33.674999
804.625000 13.236668 0.000000 33.775002
805.000000 13.236668 0.000000 33.869999
805.500000 13.236668 0.000000 33.974998
805.875000 13.236668 0.000000 34.064999
806.000000 13.236668 0.000000 34.174999
806.625000 13.236668 0.000000 34.275002
807.000000 13.236668 0.000000 34.375000
807.125000 13.236668 0.000000 34.474998
807.125000 13.236668 0.000000 34.575001
807.625000 13.236668 0.000000 34.669998
807.875000 13.236668 0.000000 34.775002
808.125000 13.236668 0.000000 34.875000
808.500000 13.236668 0.000000 34.974998
808.625000 13.236668 0.000000 35.070000
809.125000 13.236668 0.000000 35.169998
809.375000 13.236668 0.000000 35.279999
809.875000 13.236668 0.000000 35.380001
810.375000 13.236668 0.000000 35.480000
810.500000 13.236668 0.000000 35.575001
810.625000 13.236668 0.000000 35.674999
810.875000 13.236668 0.000000 35.775002
810.875000 13.236668 0.000000 35.875000
810.875000 13.236668 0.000000 35.974998
811.500000 13.236668 0.000000 36.070000
811.750000 13.236668 0.000000 36.180000
811.875000 13.236668 0.000000 36.275002
811.875000 13.236668 0.000000 36.375000
812.250000 13.236668 0.000000 36.474998
812.625000 13.236668 0.000000 36.575001
812.750000 13.236668 0.000000 36.669998
812.875000 13.236668 0.000000 36.770000
812.875000 13.236668 0.000000 36.875000
812.875000 13.236668 0.000000 36.970001
813.000000 13.236668 0.000000 37.080002
813.000000 13.236668 0.000000 37.174999
813.625000 13.236668 0.000000 37.270000
813.875000 13.236668 0.000000 37.375000
813.875000 13.236668 0.000000 37.480000
814.000000 13.236668 0.000000 37.575001
814.000000 13.236668 0.000000 37.674999
814.625000 13.236668 0.000000 37.775002
814.625000 13.236668 0.000000 37.875000
814.750000 13.236668 0.000000 37.974998
814.875000 13.236668 0.000000 38.070000
814.875000 13.236668 0.000000 38.174999
815.000000 13.236668 0.000000 38.279999
815.125000 13.236668 0.000000 38.375000
815.500000 13.236668 0.000000 38.474998
815.500000 13.236668 0.000000 38.570000
815.625000 13.236668 0.000000 38.674999
815.625000 13.236668 0.000000 38.775002
816.125000 13.236668 0.000000 38.875000
816.125000 13.236668 0.000000 38.974998
816.250000 13.236668 0.000000 39.075001
816.875000 13.236668 0.000000 39.180000
817.000000 13.236668 0.000000 39.275002
817.125000 13.236668 0.000000 39.369999
817.125000 13.236668 0.000000 39.474998
817.125000 13.236668 0.000000 39.575001
817.250000 13.236668 0.000000 39.674999
817.375000 13.236668 0.000000 39.775002
817.625000 13.236668 0.000000 39.875000
818.000000 13.236668 0.000000 39.974998
818.000000 13.236668 0.000000 40.070000
818.250000 13.236668 0.000000 40.169998
818.250000 13.236668 0.000000 40.279999
818.375000 13.236668 0.000000 40.380001
818.625000 13.236668 0.000000 40.470001
819.000000 13.236668 0.000000 40.580002
819.250000 13.236668 0.000000 40.680000
819.625000 13.236668 0.000000 40.779999
819.750000 13.236668 0.000000 40.884998
820.000000 13.236668 0.000000 40.965000
820.000000 13.236668 0.000000 41.064999
820.125000 13.236668 0.000000 41.169998
820.250000 13.236668 0.000000 41.270000
820.250000 13.236668 0.000000 41.375000
820.375000 13.236668 0.000000 41.480000
820.750000 13.236668 0.000000 41.564999
820.750000 13.236668 0.000000 41.680000
820.875000 13.236668 0.000000 41.770000
821.000000 13.236668 0.000000 41.875000
821.125000 13.236668 0.000000 41.974998
821.250000 13.236668 0.000000 42.070000
821.500000 13.236668 0.000000 42.174999
821.625000 13.236668 0.000000 42.270000
822.000000 13.236668 0.000000 42.375000
822.000000 13.236668 0.000000 42.474998
822.000000 13.236668 0.000000 42.575001
822.375000 13.236668 0.000000 42.669998
822.500000 13.236668 0.000000 42.770000
822.750000 13.236668 0.000000 42.869999
822.875000 13.236668 0.000000 42.974998
822.875000 13.236668 0.000000 43.070000
823.125000 13.236668 0.000000 43.180000
823.125000 13.236668 0.000000 43.270000
823.250000 13.236668 0.000000 43.365002
823.500000 13.236668 0.000000 43.470001
824.000000 13.236668 0.000000 43.570000
824.000000 13.236668 0.000000 43.674999
824.000000 13.236668 0.000000 43.779999
824.000000 13.236668 0.000000 43.880001
824.125000 13.236668 0.000000 43.974998
824.250000 13.236668 0.000000 44.080002
824.500000 13.236668 0.000000 44.165001
824.875000 13.236668 0.000000 44.275002
825.000000 13.236668 0.000000 44.375000
825.000000 13.236668 0.000000 44.480000
825.125000 13.236668 0.000000 44.564999
825.250000 13.236668 0.000000 44.669998
825.375000 13.236668 0.000000 44.775002
825.375000 13.236668 0.000000 44.869999
825.500000 13.236668 0.000000 44.974998
825.875000 13.236668 0.000000 45.070000
826.000000 13.236668 0.000000 45.180000
826.125000 13.236668 0.000000 45.279999
826.125000 13.236668 0.000000 45.375000
826.250000 13.236668 0.000000 45.480000
826.250000 13.236668 0.000000 45.570000
826.375000 13.236668 0.000000 45.680000
826.625000 13.236668 0.000000 45.770000
826.750000 13.236668 0.000000 45.869999
826.750000 13.236668 0.000000 45.970001
826.750000 13.236668 0.000000 46.080002
826.750000 13.236668 0.000000 46.169998
826.875000 13.236668 0.000000 46.279999
827.000000 13.236668 0.000000 46.369999
827.000000 13.236668 0.000000 46.474998
827.250000 13.236668 0.000000 46.580002
827.375000 13.236668 0.000000 46.669998
827.375000 13.236668 0.000000 46.775002
827.500000 13.236668 0.000000 46.875000
827.500000 13.236668 0.000000 46.959999
827.625000 13.236668 0.000000 47.070000
827.625000 13.236668 0.000000 47.169998
827.625000 13.236668 0.000000 47.275002
827.875000 13.236668 0.000000 47.375000
827.875000 13.236668 0.000000 47.474998
827.875000 13.236668 0.000000 47.570000
828.125000 13.236668 0.000000 47.674999
828.250000 13.236668 0.000000 47.775002
828.375000 13.236668 0.000000 47.880001
828.375000 13.236668 0.000000 47.974998
828.375000 13.236668 0.000000 48.075001
828.750000 13.236668 0.000000 48.180000
828.875000 13.236668 0.000000 48.270000
829.250000 13.236668 0.000000 48.369999
829.375000 13.236668 0.000000 48.474998
829.375000 13.236668 0.000000 48.575001
829.375000 13.236668 0.000000 48.669998
829.500000 13.236668 0.000000 48.779999
830.000000 13.236668 0.000000 48.875000
830.250000 13.236668 0.000000 48.970001
830.500000 13.236668 0.000000 49.070000
830.625000 13.236668 0.000000 49.174999
830.750000 13.236668 0.000000 49.279999
830.875000 13.236668 0.000000 49.369999
831.000000 13.236668 0.000000 49.474998
831.625000 13.236668 0.000000 49.575001
831.875000 13.236668 0.000000 49.674999
832.250000 13.236668 0.000000 49.779999
832.875000 13.236668 0.000000 49.875000
833.250000 13.236668 0.000000 49.974998
833.375000 13.236668 0.000000 50.075001
833.375000 13.236668 0.000000 50.165001
833.375000 13.236668 0.000000 50.279999
834.250000 13.236668 0.000000 50.375000
834.625000 13.236668 0.000000 50.474998
835.375000 13.236668 0.000000 50.570000
835.625000 13.236668 0.000000 50.680000
835.625000 13.236668 0.000000 50.775002
835.625000 13.236668 0.000000 50.880001
835.625000 13.236668 0.000000 50.974998
835.750000 13.236668 0.000000 51.080002
835.875000 13.236668 0.000000 51.169998
836.125000 13.236668 0.000000 51.279999
836.500000 13.236668 0.000000 51.375000
836.500000 13.236668 0.000000 51.470001
836.500000 13.236668 0.000000 51.580002
836.625000 13.236668 0.000000 51.674999
836.625000 13.236668 0.000000 51.779999
836.625000 13.236668 0.000000 51.865002
836.625000 13.236668 0.000000 51.970001
