67.000000 0.000000 0.075000 0.055000
90.625000 0.201157 0.074000 0.150000
108.250000 0.201157 0.074000 0.250000
121.000000 0.405800 0.074000 0.360000
132.000000 0.609756 0.074000 0.455000
142.500000 0.811983 0.074000 0.560000
153.375000 1.017981 0.074000 0.655000
159.625000 1.255759 0.074000 0.760000
167.000000 1.464771 0.074000 0.860000
174.375000 1.684190 0.074000 0.960000
182.250000 1.893551 0.074000 1.055000
189.875000 2.102775 0.078000 1.155000
196.750000 2.311669 0.078000 1.255000
204.250000 2.520786 0.078000 1.360000
213.125000 2.730251 0.078000 1.450000
221.000000 2.939938 0.078000 1.555000
230.000000 3.149723 0.078000 1.660000
238.625000 3.359617 0.078000 1.760000
248.875000 3.359617 0.078000 1.855000
259.375000 3.569652 0.078000 1.955000
271.750000 3.789763 0.078000 2.060000
287.625000 3.999871 0.078000 2.155000
304.500000 4.199984 0.148000 2.255000
317.375000 4.400104 0.148000 2.360000
331.875000 4.600216 0.148000 2.460000
344.500000 4.800300 0.148000 2.560000
355.750000 5.000392 0.148000 2.650000
365.125000 5.200497 0.148000 2.760000
373.250000 5.400596 0.148000 2.850000
382.125000 5.610524 0.148000 2.955000
394.625000 5.820066 0.148000 3.060000
403.125000 6.029381 0.148000 3.160000
413.000000 6.268593 0.177000 3.255000
420.750000 6.478054 0.177000 3.360000
429.875000 6.687668 0.177000 3.460000
438.375000 6.897396 0.177000 3.560000
445.750000 7.107182 0.177000 3.650000
455.375000 7.316992 0.177000 3.755000
463.625000 7.526810 0.177000 3.860000
470.000000 7.736631 0.177000 3.960000
478.500000 7.946436 0.177000 4.055000
484.000000 8.156233 0.177000 4.160000
491.875000 8.366032 0.167000 4.265000
498.625000 8.366032 0.167000 4.350000
506.375000 8.575814 0.167000 4.455000
512.000000 8.795585 0.167000 4.560000
517.000000 9.005367 0.167000 4.650000
521.250000 9.245142 0.167000 4.760000
525.750000 9.474950 0.167000 4.855000
528.625000 9.684775 0.167000 4.955000
532.125000 9.894620 0.167000 5.050000
537.125000 10.114459 0.167000 5.165000
539.625000 10.324295 0.167000 5.265000
542.875000 10.534130 0.167000 5.350000
546.750000 10.743955 0.167000 5.460000
550.250000 10.953793 0.167000 5.560000
554.625000 10.953793 0.167000 5.650000
558.500000 11.173649 0.167000 5.760000
563.125000 11.383510 0.167000 5.855000
567.000000 11.593364 0.167000 5.955000
569.375000 11.803260 0.167000 6.050000
573.125000 12.013179 0.167000 6.160000
577.500000 12.223117 0.151000 6.265000
580.125000 12.433024 0.151000 6.355000
585.500000 12.662871 0.151000 6.455000
588.750000 12.872741 0.151000 6.550000
592.500000 13.092578 0.151000 6.650000
597.000000 13.312400 0.151000 6.760000
599.750000 13.522204 0.151000 6.860000
604.250000 13.732041 0.151000 6.955000
608.125000 13.941886 0.151000 7.060000
611.625000 14.151765 0.151000 7.160000
615.375000 14.151765 0.145000 7.250000
618.250000 14.361650 0.145000 7.360000
621.500000 14.601542 0.145000 7.460000
625.125000 14.811463 0.145000 7.560000
627.750000 15.021377 0.145000 7.655000
631.000000 15.231301 0.145000 7.750000
633.000000 15.461219 0.145000 7.855000
637.000000 15.691106 0.145000 7.955000
640.750000 15.900990 0.145000 8.065000
643.000000 16.110874 0.145000 8.150000
647.250000 16.320793 0.148000 8.260000
651.375000 16.530695 0.148000 8.355000
653.750000 16.740599 0.148000 8.460000
657.500000 16.740599 0.148000 8.555000
660.250000 16.980501 0.148000 8.665000
663.250000 17.190453 0.148000 8.755000
667.000000 17.400387 0.148000 8.855000
671.875000 17.610308 0.148000 8.955000
674.375000 17.840214 0.148000 9.055000
678.000000 18.050138 0.148000 9.160000
680.625000 18.260063 0.139000 9.260000
684.250000 18.470015 0.139000 9.360000
687.750000 18.679951 0.139000 9.455000
690.125000 18.889912 0.139000 9.555000
693.625000 19.099861 0.139000 9.660000
697.875000 19.309786 0.139000 9.750000
700.750000 19.519711 0.139000 9.850000
703.000000 19.729635 0.139000 9.950000
705.000000 19.939560 0.139000 10.060000
708.375000 20.149500 0.139000 10.160000
712.375000 20.149500 0.156000 10.260000
714.625000 20.369463 0.156000 10.360000
717.875000 20.589426 0.156000 10.460000
720.750000 20.799379 0.156000 10.555000
723.125000 21.009338 0.156000 10.655000
725.750000 21.249329 0.156000 10.755000
728.375000 21.459276 0.156000 10.851000
731.250000 21.669209 0.156000 10.950000
735.125000 21.879133 0.156000 11.050000
738.000000 22.089058 0.156000 11.155000
741.000000 22.299019 0.140000 11.245000
743.000000 22.509010 0.140000 11.350000
745.500000 22.718950 0.140000 11.460000
748.375000 22.928835 0.140000 11.555000
750.125000 23.138720 0.140000 11.655000
752.875000 23.138720 0.140000 11.750000
756.250000 23.348604 0.140000 11.855000
759.250000 23.558483 0.140000 11.950000
761.750000 23.768368 0.140000 12.055000
764.500000 23.978252 0.140000 12.150000
766.250000 24.188118 0.138000 12.250000
770.250000 24.397985 0.138000 12.350000
772.375000 24.607918 0.138000 12.450000
774.875000 24.817904 0.138000 12.555000
778.125000 25.057878 0.138000 12.655000
780.125000 25.267843 0.138000 12.755000
781.875000 25.477772 0.138000 12.850000
784.750000 25.687702 0.138000 12.950000
787.875000 25.897667 0.138000 13.050000
790.625000 26.107632 0.138000 13.160000
792.750000 26.307636 0.139000 13.250000
796.750000 26.507641 0.139000 13.350000
799.000000 26.707645 0.139000 13.455000
801.000000 26.917625 0.139000 13.555000
804.375000 27.127590 0.139000 13.655000
806.250000 27.337534 0.139000 13.750000
807.875000 27.337534 0.139000 13.850000
810.375000 27.547445 0.139000 13.955000
812.250000 27.787291 0.139000 14.050000
815.125000 27.997175 0.139000 14.155000
818.000000 28.207060 0.154000 14.255000
821.000000 28.416903 0.154000 14.350000
823.000000 28.626707 0.154000 14.445000
825.000000 28.856493 0.154000 14.555000
827.125000 29.086279 0.154000 14.655000
829.000000 29.296164 0.154000 14.755000
830.625000 29.506006 0.154000 14.855000
833.125000 29.715811 0.154000 14.955000
835.000000 29.925615 0.154000 15.050000
838.125000 30.135420 0.154000 15.155000
840.250000 30.345112 0.146000 15.255000
842.375000 30.345112 0.146000 15.350000
844.375000 30.554556 0.146000 15.455000
845.375000 30.794027 0.146000 15.555000
846.625000 31.003702 0.146000 15.655000
849.000000 31.243441 0.146000 15.745000
851.250000 31.453297 0.146000 15.850000
853.375000 31.663181 0.146000 15.945000
856.125000 31.873066 0.146000 16.040001
857.875000 32.082958 0.145000 16.139999
858.750000 32.302856 0.145000 16.254999
861.125000 32.512699 0.145000 16.344999
863.625000 32.722534 0.145000 16.450001
865.625000 32.932369 0.145000 16.549999
867.375000 32.932369 0.145000 16.650000
869.500000 33.142200 0.145000 16.745001
870.625000 33.352024 0.145000 16.855000
872.000000 33.571835 0.145000 16.955000
874.000000 33.781681 0.145000 17.055000
876.375000 33.991497 0.145000 17.150000
877.750000 34.201351 0.154000 17.250000
880.625000 34.411247 0.154000 17.350000
882.250000 34.630959 0.154000 17.455000
884.625000 34.859844 0.154000 17.559999
886.625000 35.078487 0.154000 17.650999
888.500000 35.287601 0.154000 17.750000
891.125000 35.497089 0.154000 17.855000
892.875000 35.706841 0.154000 17.945000
895.250000 35.916676 0.154000 18.055000
898.500000 36.126575 0.154000 18.155001
900.875000 36.126575 0.148000 18.245001
902.500000 36.356522 0.148000 18.355000
903.500000 36.566452 0.148000 18.455000
905.875000 36.775909 0.148000 18.555000
908.125000 36.985321 0.148000 18.650000
909.625000 37.194866 0.148000 18.745001
912.000000 37.404530 0.148000 18.855000
915.125000 37.614254 0.148000 18.955000
918.000000 37.844051 0.148000 19.055000
921.125000 38.053890 0.148000 19.150000
924.250000 38.263699 0.148000 19.250000
927.250000 38.473537 0.148000 19.360001
929.250000 38.683399 0.148000 19.455000
933.250000 38.893238 0.148000 19.549999
935.750000 39.103123 0.148000 19.650000
939.375000 39.313072 0.148000 19.750000
943.500000 39.523033 0.148000 19.850000
947.875000 39.732925 0.148000 19.955000
951.375000 39.732925 0.148000 20.049999
954.000000 39.962803 0.148000 20.160000
959.625000 40.172638 0.179000 20.245001
965.375000 40.392475 0.179000 20.355000
972.875000 40.602272 0.179000 20.450001
982.875000 40.812145 0.179000 20.555000
992.875000 41.051960 0.179000 20.655001
1004.500000 41.261829 0.179000 20.750000
1019.875000 41.471691 0.179000 20.844999
1032.375000 41.681549 0.179000 20.959999
1046.000000 41.891399 0.179000 21.059999
1053.750000 42.101250 0.179000 21.150000
1064.750000 42.311100 0.202000 21.250000
1074.000000 42.521027 0.202000 21.350000
1083.125000 42.731018 0.202000 21.455000
1091.750000 42.731018 0.202000 21.549999
1098.875000 42.931034 0.202000 21.650000
1106.250000 43.170963 0.202000 21.750000
1112.750000 43.380775 0.202000 21.850000
1118.375000 43.589828 0.202000 21.955000
1125.250000 43.798496 0.202000 22.059999
1132.000000 44.006870 0.202000 22.155001
1136.125000 44.215649 0.216000 22.250000
1141.750000 44.434845 0.216000 22.355000
1149.250000 44.644375 0.216000 22.455000
1154.375000 44.854141 0.216000 22.549999
1159.750000 45.064072 0.216000 22.650000
1164.750000 45.264095 0.216000 22.750000
1171.500000 45.464161 0.216000 22.850000
1178.000000 45.664215 0.216000 22.955000
1182.625000 45.864304 0.216000 23.049999
1187.875000 46.064396 0.216000 23.155001
1194.000000 46.264507 0.221000 23.250000
1198.000000 46.464615 0.221000 23.350000
1203.000000 46.664711 0.221000 23.450001
1208.125000 46.864807 0.221000 23.549999
1210.875000 47.064907 0.221000 23.655001
1215.750000 47.264973 0.221000 23.754999
1218.000000 47.464993 0.221000 23.855000
1220.625000 47.674980 0.221000 23.955000
1222.250000 47.884914 0.221000 24.055000
1226.000000 48.094807 0.221000 24.155001
1226.500000 48.304688 0.206000 24.254999
1229.000000 48.514580 0.206000 24.355000
1232.250000 48.514580 0.206000 24.450001
1235.750000 48.724483 0.206000 24.555000
1238.250000 48.964447 0.206000 24.645000
1240.000000 49.174198 0.206000 24.754999
1240.625000 49.383877 0.206000 24.855000
1242.750000 49.593662 0.206000 24.945000
1244.375000 49.823467 0.206000 25.055000
1248.125000 50.033257 0.206000 25.155001
1250.500000 50.242844 0.207000 25.254999
1253.125000 50.452499 0.207000 25.355000
1255.625000 50.662193 0.207000 25.455000
1257.625000 50.871681 0.207000 25.545000
1259.000000 51.080627 0.207000 25.655001
1261.250000 51.289265 0.207000 25.750000
1262.250000 51.498016 0.207000 25.850000
1265.625000 51.707249 0.207000 25.955000
1267.125000 51.916836 0.207000 26.055000
1270.250000 51.916836 0.207000 26.155001
1272.375000 52.126659 0.223000 26.250000
1273.625000 52.346611 0.223000 26.350000
1275.250000 52.556576 0.223000 26.455000
1276.750000 52.756584 0.223000 26.555000
1278.625000 52.966606 0.223000 26.655001
1280.125000 53.166607 0.223000 26.754999
1281.750000 53.366627 0.223000 26.855000
1284.125000 53.566669 0.223000 26.950001
1285.875000 53.776669 0.223000 27.055000
1288.875000 53.976711 0.190000 27.150000
1291.000000 54.186749 0.190000 27.245001
1294.000000 54.426800 0.190000 27.355000
1295.375000 54.636810 0.190000 27.455000
1297.250000 54.836811 0.190000 27.555000
1298.625000 55.056831 0.190000 27.650000
1300.375000 55.256931 0.190000 27.754999
1302.250000 55.457043 0.190000 27.855000
1304.500000 55.657154 0.190000 27.955000
1305.500000 55.857262 0.190000 28.049999
1306.750000 56.057362 0.190000 28.150000
1308.500000 56.257397 0.173000 28.245001
1310.250000 56.477409 0.173000 28.355000
1311.625000 56.677418 0.173000 28.455000
1313.500000 56.887325 0.173000 28.555000
1314.750000 57.096806 0.173000 28.655001
1315.375000 57.306168 0.173000 28.750000
1316.375000 57.515701 0.173000 28.855000
1317.125000 57.515701 0.173000 28.955000
1318.000000 57.754974 0.173000 29.055000
1319.375000 57.974319 0.173000 29.150000
1319.875000 58.183868 0.168000 29.245001
1320.875000 58.423416 0.168000 29.355000
1321.375000 58.633099 0.168000 29.455000
1322.000000 58.842869 0.168000 29.555000
1323.625000 59.052750 0.168000 29.655001
1324.375000 59.262661 0.168000 29.750000
1324.625000 59.472603 0.168000 29.855000
1325.000000 59.682552 0.168000 29.955000
1325.500000 59.892494 0.168000 30.055000
1326.125000 60.102413 0.168000 30.155001
1326.125000 60.312321 0.160000 30.254999
1327.125000 60.312321 0.160000 30.355000
1327.875000 60.541843 0.160000 30.459999
1328.375000 60.751087 0.160000 30.549999
1328.625000 60.960007 0.160000 30.655001
1329.125000 61.168987 0.160000 30.754999
1329.250000 61.378357 0.160000 30.850000
1329.750000 61.588024 0.160000 30.940001
1330.625000 61.847862 0.160000 31.049999
1331.000000 62.057816 0.160000 31.150000
1331.625000 62.257835 0.152000 31.254999
1332.000000 62.467697 0.152000 31.355000
1332.375000 62.676975 0.152000 31.450001
1332.625000 62.885670 0.152000 31.555000
1333.500000 63.093700 0.152000 31.650000
1333.875000 63.301090 0.152000 31.760000
1334.125000 63.301090 0.152000 31.850000
1334.125000 63.548599 0.152000 31.955000
1334.500000 63.795815 0.152000 32.055000
1334.500000 64.000824 0.152000 32.150002
1334.750000 64.208298 0.181000 32.255001
1335.375000 64.208298 0.181000 32.349998
1335.500000 64.426941 0.181000 32.459999
1336.000000 64.426941 0.181000 32.560001
1336.125000 64.628067 0.181000 32.650002
1336.875000 64.628067 0.181000 32.755001
1337.250000 64.628067 0.181000 32.849998
1338.000000 64.628067 0.181000 32.955002
1338.125000 64.628067 0.181000 33.049999
1338.375000 64.628067 0.181000 33.160000
1338.875000 64.628067 0.136000 33.255001
1338.875000 64.628067 0.136000 33.349998
1339.125000 64.628067 0.136000 33.455002
1339.125000 64.628067 0.136000 33.544998
1339.500000 64.628067 0.136000 33.654999
1339.625000 64.628067 0.136000 33.759998
1339.750000 64.628067 0.136000 33.855000
1340.375000 64.628067 0.136000 33.950001
1340.375000 64.628067 0.136000 34.049999
1341.000000 64.628067 0.136000 34.145000
1341.250000 64.628067 0.129000 34.255001
1341.375000 64.628067 0.129000 34.360001
1341.625000 64.628067 0.129000 34.450001
1341.750000 64.628067 0.129000 34.549999
1341.875000 64.628067 0.129000 34.660000
1342.250000 64.628067 0.129000 34.750000
1342.625000 64.628067 0.129000 34.849998
1342.875000 64.628067 0.129000 34.955002
1343.250000 64.628067 0.129000 35.049999
1343.750000 64.628067 0.129000 35.145000
1344.000000 64.628067 0.124000 35.250000
1344.125000 64.628067 0.124000 35.355000
1344.250000 64.628067 0.124000 35.459999
1344.750000 64.628067 0.124000 35.555000
1344.875000 64.628067 0.124000 35.650002
1345.250000 64.628067 0.124000 35.755001
1345.625000 64.628067 0.124000 35.849998
1346.375000 64.628067 0.124000 35.955002
1346.375000 64.628067 0.124000 36.049999
1347.125000 64.628067 0.124000 36.154999
1347.375000 64.628067 0.121000 36.255001
1347.375000 64.628067 0.121000 36.349998
1347.375000 64.628067 0.121000 36.455002
1348.250000 64.628067 0.121000 36.555000
1348.500000 64.628067 0.121000 36.654999
1348.875000 64.628067 0.121000 36.744999
1349.125000 64.628067 0.121000 36.855000
1349.625000 64.628067 0.121000 36.955002
1350.000000 64.628067 0.121000 37.049999
1350.125000 64.628067 0.121000 37.154999
1350.125000 64.628067 0.121000 37.255001
1350.500000 64.628067 0.121000 37.360001
1350.500000 64.628067 0.121000 37.455002
1351.000000 64.628067 0.121000 37.549999
1351.500000 64.628067 0.121000 37.650002
1351.875000 64.628067 0.121000 37.759998
1351.875000 64.628067 0.121000 37.855000
1352.000000 64.628067 0.121000 37.955002
1352.000000 64.628067 0.121000 38.044998
1352.500000 64.628067 0.121000 38.154999
1352.875000 64.628067 0.116000 38.255001
1353.750000 64.628067 0.116000 38.355000
1353.750000 64.628067 0.116000 38.450001
1354.000000 64.628067 0.116000 38.549999
1354.000000 64.628067 0.116000 38.654999
1355.125000 64.628067 0.116000 38.755001
1355.250000 64.628067 0.116000 38.845001
1355.375000 64.628067 0.116000 38.955002
1355.750000 64.628067 0.116000 39.049999
1356.375000 64.628067 0.116000 39.154999
1356.625000 64.628067 0.116000 39.250000
1356.875000 64.628067 0.116000 39.355000
1357.375000 64.628067 0.116000 39.445000
1357.625000 64.628067 0.116000 39.549999
1357.750000 64.628067 0.116000 39.645000
1358.250000 64.628067 0.116000 39.755001
1358.750000 64.628067 0.116000 39.855000
1359.000000 64.628067 0.116000 39.950001
1359.250000 64.628067 0.116000 40.049999
1360.125000 64.628067 0.116000 40.154999
1360.250000 64.628067 0.113000 40.255001
1360.375000 64.628067 0.113000 40.345001
1360.375000 64.628067 0.113000 40.450001
1361.125000 64.628067 0.113000 40.549999
1361.125000 64.628067 0.113000 40.654999
1361.250000 64.628067 0.113000 40.740002
1361.625000 64.628067 0.113000 40.849998
1361.750000 64.628067 0.113000 40.955002
1361.875000 64.628067 0.113000 41.055000
1362.125000 64.628067 0.116000 41.154999
1362.125000 64.628067 0.116000 41.250000
1362.750000 64.628067 0.116000 41.355000
1362.750000 64.628067 0.116000 41.455002
1362.750000 64.628067 0.116000 41.555000
1362.750000 64.628067 0.116000 41.654999
1362.875000 64.628067 0.116000 41.755001
1362.875000 64.628067 0.116000 41.849998
1363.125000 64.628067 0.116000 41.950001
1363.125000 64.628067 0.116000 42.060001
1363.375000 64.628067 0.116000 42.154999
1363.375000 64.628067 0.112000 42.250000
1363.375000 64.628067 0.112000 42.355000
1363.375000 64.628067 0.112000 42.445000
1363.625000 64.628067 0.112000 42.544998
1363.625000 64.628067 0.112000 42.650002
1363.750000 64.628067 0.112000 42.750000
1363.750000 64.628067 0.112000 42.860001
1364.000000 64.628067 0.112000 42.955002
1364.000000 64.628067 0.112000 43.049999
1364.125000 64.628067 0.112000 43.154999
1364.250000 64.628067 0.114000 43.255001
1364.375000 64.628067 0.114000 43.355000
1364.375000 64.628067 0.114000 43.455002
1364.625000 64.628067 0.114000 43.549999
1364.750000 64.628067 0.114000 43.660000
1364.875000 64.628067 0.114000 43.750000
1364.875000 64.628067 0.114000 43.855000
1365.125000 64.628067 0.114000 43.950001
1365.125000 64.628067 0.114000 44.055000
1365.125000 64.628067 0.114000 44.154999
1365.500000 64.628067 0.124000 44.250000
1365.500000 64.628067 0.124000 44.360001
1365.625000 64.628067 0.124000 44.450001
1365.875000 64.628067 0.124000 44.544998
1366.000000 64.628067 0.124000 44.654999
1366.000000 64.628067 0.124000 44.755001
1366.125000 64.628067 0.124000 44.849998
1366.500000 64.628067 0.124000 44.950001
1366.500000 64.628067 0.124000 45.055000
1366.625000 64.628067 0.124000 45.154999
1366.875000 64.628067 0.111000 45.259998
1367.000000 64.628067 0.111000 45.349998
1367.250000 64.628067 0.111000 45.445000
1367.250000 64.628067 0.111000 45.560001
1367.250000 64.628067 0.111000 45.654999
1367.750000 64.628067 0.111000 45.755001
1367.750000 64.628067 0.111000 45.849998
1367.750000 64.628067 0.111000 45.955002
1368.125000 64.628067 0.111000 46.055000
1368.125000 64.628067 0.111000 46.150002
1368.125000 64.628067 0.133000 46.255001
1368.125000 64.628067 0.133000 46.349998
1368.125000 64.628067 0.133000 46.459999
1368.125000 64.628067 0.133000 46.555000
1368.125000 64.628067 0.133000 46.650002
1368.125000 64.628067 0.133000 46.750000
1368.125000 64.628067 0.133000 46.860001
1368.125000 64.628067 0.133000 46.950001
1368.125000 64.628067 0.133000 47.055000
1368.125000 64.628067 0.133000 47.154999
1368.125000 64.628067 0.123000 47.250000
1368.125000 64.628067 0.123000 47.355000
1368.250000 64.628067 0.123000 47.450001
1368.250000 64.628067 0.123000 47.549999
1368.250000 64.628067 0.123000 47.645000
1368.250000 64.628067 0.123000 47.755001
1368.250000 64.628067 0.123000 47.845001
1368.250000 64.628067 0.123000 47.950001
1368.250000 64.628067 0.123000 48.055000
1368.250000 64.628067 0.123000 48.160000
1368.375000 64.628067 0.117000 48.259998
1368.375000 64.628067 0.117000 48.349998
1368.375000 64.628067 0.117000 48.455002
1368.500000 64.628067 0.117000 48.549999
1368.625000 64.628067 0.117000 48.654999
1368.625000 64.628067 0.117000 48.755001
1368.625000 64.628067 0.117000 48.849998
1368.875000 64.628067 0.117000 48.950001
1368.875000 64.628067 0.117000 49.055000
1368.875000 64.628067 0.126000 49.145000
1369.000000 64.628067 0.126000 49.244999
1369.250000 64.628067 0.126000 49.345001
1369.250000 64.628067 0.126000 49.450001
1369.375000 64.628067 0.126000 49.555000
1369.625000 64.628067 0.126000 49.654999
1369.625000 64.628067 0.126000 49.750000
1369.625000 64.628067 0.126000 49.849998
1369.875000 64.628067 0.126000 49.950001
1369.875000 64.628067 0.126000 50.055000
1369.875000 64.628067 0.112000 50.154999
1369.875000 64.628067 0.112000 50.250000
1370.250000 64.628067 0.112000 50.355000
1370.250000 64.628067 0.112000 50.459999
1370.375000 64.628067 0.112000 50.555000
1370.375000 64.628067 0.112000 50.654999
1371.000000 64.628067 0.112000 50.755001
1371.125000 64.628067 0.112000 50.855000
1371.375000 64.628067 0.112000 50.955002
1371.375000 64.628067 0.112000 51.060001
1371.750000 64.628067 0.112000 51.150002
1372.250000 64.628067 0.117000 51.255001
1372.375000 64.628067 0.117000 51.355000
1372.375000 64.628067 0.117000 51.459999
1373.375000 64.628067 0.117000 51.560001
1373.375000 64.628067 0.117000 51.650002
1373.375000 64.628067 0.117000 51.744999
1373.875000 64.628067 0.117000 51.855000
1374.375000 64.628067 0.117000 51.950001
1374.375000 64.628067 0.117000 52.049999
1374.375000 64.628067 0.113000 52.145000
1374.375000 64.628067 0.113000 52.250000
1375.250000 64.628067 0.113000 52.349998
1375.250000 64.628067 0.113000 52.450001
1375.500000 64.628067 0.113000 52.555000
1375.750000 64.628067 0.113000 52.650002
1376.125000 64.628067 0.113000 52.759998
1376.125000 64.628067 0.113000 52.849998
1376.750000 64.628067 0.113000 52.955002
1376.750000 64.628067 0.113000 53.060001
1376.750000 64.628067 0.113000 53.150002
1376.875000 64.628067 0.110000 53.255001
1377.500000 64.628067 0.110000 53.349998
1377.750000 64.628067 0.110000 53.450001
1377.750000 64.628067 0.110000 53.549999
1378.000000 64.628067 0.110000 53.654999
1378.250000 64.628067 0.110000 53.755001
1378.250000 64.628067 0.110000 53.855000
1378.375000 64.628067 0.110000 53.955002
1378.750000 64.628067 0.110000 54.049999
1378.750000 64.628067 0.121000 54.150002
1378.750000 64.628067 0.121000 54.255001
1379.125000 64.628067 0.121000 54.355000
1379.125000 64.628067 0.121000 54.459999
1379.125000 64.628067 0.121000 54.549999
1379.375000 64.628067 0.121000 54.650002
1379.875000 64.628067 0.121000 54.755001
1379.875000 64.628067 0.121000 54.849998
1379.875000 64.628067 0.121000 54.950001
1380.500000 64.628067 0.121000 55.049999
1380.500000 64.628067 0.116000 55.154999
1380.625000 64.628067 0.116000 55.255001
1380.625000 64.628067 0.116000 55.349998
1381.125000 64.628067 0.116000 55.455002
1381.125000 64.628067 0.116000 55.544998
1381.250000 64.628067 0.116000 55.654999
1381.875000 64.628067 0.116000 55.750000
1382.000000 64.628067 0.116000 55.849998
1382.000000 64.628067 0.116000 55.950001
1382.000000 64.628067 0.116000 56.055000
1382.375000 64.628067 0.116000 56.150002
1382.750000 64.628067 0.129000 56.255001
1382.750000 64.628067 0.129000 56.355000
1382.750000 64.628067 0.129000 56.450001
1383.375000 64.628067 0.129000 56.549999
1383.375000 64.628067 0.129000 56.654999
1383.625000 64.628067 0.129000 56.750000
1383.625000 64.628067 0.129000 56.855000
1384.250000 64.628067 0.129000 56.955002
1384.375000 64.628067 0.129000 57.049999
1384.875000 64.628067 0.129000 57.150002
1385.250000 64.628067 0.125000 57.255001
1385.375000 64.628067 0.125000 57.349998
1385.375000 64.628067 0.125000 57.455002
1386.125000 64.628067 0.125000 57.549999
1386.375000 64.628067 0.125000 57.650002
1386.500000 64.628067 0.125000 57.744999
1387.125000 64.628067 0.125000 57.849998
1387.375000 64.628067 0.125000 57.955002
1387.500000 64.628067 0.125000 58.049999
1387.500000 64.628067 0.125000 58.150002
1388.000000 64.628067 0.129000 58.244999
1388.500000 64.628067 0.129000 58.349998
1388.625000 64.628067 0.129000 58.450001
1388.750000 64.628067 0.129000 58.555000
1388.875000 64.628067 0.129000 58.650002
1389.375000 64.628067 0.129000 58.750000
1389.375000 64.628067 0.129000 58.849998
1389.875000 64.628067 0.129000 58.950001
1389.875000 64.628067 0.129000 59.049999
1390.000000 64.628067 0.129000 59.154999
1390.250000 64.628067 0.139000 59.250000
1390.625000 64.628067 0.139000 59.355000
1391.000000 64.628067 0.139000 59.450001
1391.000000 64.628067 0.139000 59.544998
1391.375000 64.628067 0.139000 59.654999
1391.625000 64.628067 0.139000 59.744999
1391.625000 64.628067 0.139000 59.855000
1392.125000 64.628067 0.139000 59.945000
1392.125000 64.628067 0.139000 60.049999
1392.250000 64.628067 0.139000 60.154999
1392.250000 64.628067 0.127000 60.255001
1392.500000 64.628067 0.127000 60.355000
1393.000000 64.628067 0.127000 60.445000
1393.125000 64.628067 0.127000 60.555000
1393.125000 64.628067 0.127000 60.654999
1393.625000 64.628067 0.127000 60.755001
1393.625000 64.628067 0.127000 60.855000
1393.750000 64.628067 0.127000 60.950001
1394.000000 64.628067 0.127000 61.055000
1394.125000 64.628067 0.127000 61.150002
1394.250000 64.628067 0.144000 61.250000
1394.500000 64.628067 0.144000 61.349998
1394.500000 64.628067 0.144000 61.450001
1394.750000 64.628067 0.144000 61.544998
1394.875000 64.628067 0.144000 61.650002
1395.375000 64.628067 0.144000 61.755001
1395.375000 64.628067 0.144000 61.849998
1395.500000 64.628067 0.144000 61.950001
1395.625000 64.628067 0.144000 62.055000
1396.000000 64.628067 0.144000 62.154999
1396.000000 64.628067 0.123000 62.250000
1396.250000 64.628067 0.123000 62.349998
1396.375000 64.628067 0.123000 62.450001
1396.750000 64.628067 0.123000 62.555000
1396.750000 64.628067 0.123000 62.650002
1396.750000 64.628067 0.123000 62.750000
1397.000000 64.628067 0.123000 62.849998
1397.250000 64.628067 0.123000 62.950001
1397.500000 64.628067 0.123000 63.055000
1397.875000 64.628067 0.123000 63.150002
1398.000000 64.628067 0.126000 63.255001
1398.125000 64.628067 0.126000 63.355000
1398.125000 64.628067 0.126000 63.455002
1398.375000 64.628067 0.126000 63.549999
1398.375000 64.628067 0.126000 63.654999
1398.625000 64.628067 0.126000 63.750000
1398.875000 64.628067 0.126000 63.849998
1399.250000 64.628067 0.126000 63.950001
1399.375000 64.628067 0.126000 64.050003
1399.375000 64.628067 0.126000 64.150002
1399.375000 64.628067 0.125000 64.250000
1399.625000 64.628067 0.125000 64.355003
1399.625000 64.628067 0.125000 64.455002
1399.750000 64.628067 0.125000 64.555000
1400.250000 64.628067 0.125000 64.650002
1400.375000 64.628067 0.125000 64.750000
1400.375000 64.628067 0.125000 64.855003
1400.375000 64.628067 0.125000 64.955002
1400.375000 64.628067 0.125000 65.055000
1400.500000 64.628067 0.125000 65.150002
1400.500000 64.628067 0.122000 65.254997
1400.750000 64.628067 0.122000 65.355003
1400.750000 64.628067 0.122000 65.455002
1401.000000 64.628067 0.122000 65.555000
1401.000000 64.628067 0.122000 65.654999
1401.375000 64.628067 0.122000 65.750000
1401.375000 64.628067 0.122000 65.855003
1401.375000 64.628067 0.122000 65.949997
1401.500000 64.628067 0.122000 66.050003
1401.500000 64.628067 0.122000 66.150002
1401.500000 64.628067 0.124000 66.254997
1401.625000 64.628067 0.124000 66.349998
1401.625000 64.628067 0.124000 66.455002
1401.875000 64.628067 0.124000 66.555000
1402.000000 64.628067 0.124000 66.654999
1402.125000 64.628067 0.124000 66.750000
1402.250000 64.628067 0.124000 66.849998
1402.250000 64.628067 0.124000 66.955002
1402.250000 64.628067 0.124000 67.055000
1402.250000 64.628067 0.124000 67.150002
1402.250000 64.628067 0.120000 67.250000
1402.250000 64.628067 0.120000 67.355003
1402.250000 64.628067 0.120000 67.449997
1402.375000 64.628067 0.120000 67.555000
1402.500000 64.628067 0.120000 67.650002
1402.500000 64.628067 0.120000 67.754997
1402.500000 64.628067 0.120000 67.849998
1402.500000 64.628067 0.120000 67.955002
1402.500000 64.628067 0.120000 68.055000
1402.625000 64.628067 0.120000 68.150002
1402.625000 64.628067 0.126000 68.254997
1402.625000 64.628067 0.126000 68.355003
1402.625000 64.628067 0.126000 68.445000
1402.750000 64.628067 0.126000 68.555000
1402.750000 64.628067 0.126000 68.650002
1402.750000 64.628067 0.126000 68.750000
1402.875000 64.628067 0.126000 68.855003
1403.000000 64.628067 0.126000 68.955002
1403.000000 64.628067 0.126000 69.055000
1403.000000 64.628067 0.126000 69.144997
1403.000000 64.628067 0.139000 69.245003
1403.000000 64.628067 0.139000 69.349998
1403.000000 64.628067 0.139000 69.455002
1403.000000 64.628067 0.139000 69.555000
1403.000000 64.628067 0.139000 69.654999
1403.000000 64.628067 0.139000 69.760002
1403.000000 64.628067 0.139000 69.849998
1403.000000 64.628067 0.139000 69.949997
1403.000000 64.628067 0.139000 70.050003
1403.000000 64.628067 0.139000 70.150002
1403.000000 64.628067 0.128000 70.245003
1403.000000 64.628067 0.128000 70.349998
1403.000000 64.628067 0.128000 70.449997
1403.000000 64.628067 0.128000 70.550003
1403.000000 64.628067 0.128000 70.654999
1403.000000 64.628067 0.128000 70.754997
1403.000000 64.628067 0.128000 70.860001
1403.000000 64.628067 0.128000 70.949997
1403.000000 64.628067 0.128000 71.055000
1403.000000 64.628067 0.128000 71.144997
1403.000000 64.628067 0.124000 71.250000
1403.000000 64.628067 0.124000 71.349998
1403.000000 64.628067 0.124000 71.455002
1403.000000 64.628067 0.124000 71.555000
1403.000000 64.628067 0.124000 71.650002
1403.000000 64.628067 0.124000 71.745003
1403.000000 64.628067 0.124000 71.849998
1403.000000 64.628067 0.124000 71.955002
1403.000000 64.628067 0.124000 72.055000
1403.125000 64.628067 0.124000 72.144997
1403.125000 64.628067 0.133000 72.250000
1403.125000 64.628067 0.133000 72.349998
1403.125000 64.628067 0.133000 72.455002
1403.125000 64.628067 0.133000 72.555000
1403.125000 64.628067 0.133000 72.650002
1403.125000 64.628067 0.133000 72.745003
1403.125000 64.628067 0.133000 72.855003
1403.125000 64.628067 0.133000 72.949997
1403.125000 64.628067 0.133000 73.055000
1403.125000 64.628067 0.133000 73.150002
1403.125000 64.628067 0.129000 73.254997
1403.125000 64.628067 0.129000 73.349998
1403.125000 64.628067 0.129000 73.445000
1403.125000 64.628067 0.129000 73.550003
1403.125000 64.628067 0.129000 73.650002
1403.125000 64.628067 0.129000 73.750000
1403.250000 64.628067 0.129000 73.845001
1403.250000 64.628067 0.129000 73.955002
1403.250000 64.628067 0.129000 74.050003
1403.250000 64.628067 0.129000 74.154999
1403.250000 64.628067 0.121000 74.250000
1403.250000 64.628067 0.121000 74.345001
1403.250000 64.628067 0.121000 74.449997
1403.250000 64.628067 0.121000 74.550003
1403.250000 64.628067 0.121000 74.650002
1403.250000 64.628067 0.121000 74.750000
1403.250000 64.628067 0.121000 74.849998
1403.500000 64.628067 0.121000 74.949997
1403.625000 64.628067 0.121000 75.050003
1403.625000 64.628067 0.121000 75.144997
1403.625000 64.628067 0.122000 75.254997
1403.750000 64.628067 0.122000 75.355003
1403.750000 64.628067 0.122000 75.445000
1403.875000 64.628067 0.122000 75.550003
1403.875000 64.628067 0.122000 75.654999
1404.000000 64.628067 0.122000 75.745003
1404.000000 64.628067 0.122000 75.845001
1404.125000 64.628067 0.122000 75.955002
1404.125000 64.628067 0.122000 76.055000
1404.500000 64.628067 0.122000 76.154999
1404.500000 64.628067 0.123000 76.254997
1405.000000 64.628067 0.123000 76.345001
1405.125000 64.628067 0.123000 76.449997
1405.375000 64.628067 0.123000 76.555000
1405.500000 64.628067 0.123000 76.654999
1405.500000 64.628067 0.123000 76.750000
1405.500000 64.628067 0.123000 76.849998
1405.500000 64.628067 0.123000 76.955002
1405.500000 64.628067 0.123000 77.050003
1405.750000 64.628067 0.123000 77.150002
1405.875000 64.628067 0.122000 77.250000
1406.000000 64.628067 0.122000 77.360001
1406.125000 64.628067 0.122000 77.455002
1406.250000 64.628067 0.122000 77.559998
1406.500000 64.628067 0.122000 77.644997
1406.500000 64.628067 0.122000 77.750000
1406.500000 64.628067 0.122000 77.849998
1406.625000 64.628067 0.122000 77.955002
1406.750000 64.628067 0.122000 78.050003
1407.000000 64.628067 0.122000 78.144997
1407.000000 64.628067 0.126000 78.250000
1407.125000 64.628067 0.126000 78.345001
1407.125000 64.628067 0.126000 78.449997
1407.125000 64.628067 0.126000 78.550003
1407.125000 64.628067 0.126000 78.644997
1407.250000 64.628067 0.126000 78.745003
1407.250000 64.628067 0.126000 78.855003
1407.250000 64.628067 0.126000 78.945000
1407.250000 64.628067 0.126000 79.050003
1407.375000 64.628067 0.126000 79.150002
1407.500000 64.628067 0.124000 79.250000
1407.500000 64.628067 0.124000 79.349998
1407.625000 64.628067 0.124000 79.455002
1407.625000 64.628067 0.124000 79.550003
1407.625000 64.628067 0.124000 79.654999
1407.625000 64.628067 0.124000 79.750000
1407.625000 64.628067 0.124000 79.855003
1407.625000 64.628067 0.124000 79.949997
1407.625000 64.628067 0.124000 80.050003
1407.750000 64.628067 0.124000 80.154999
1407.875000 64.628067 0.124000 80.254997
1407.875000 64.628067 0.124000 80.349998
1407.875000 64.628067 0.124000 80.445000
1407.875000 64.628067 0.124000 80.550003
1408.000000 64.628067 0.124000 80.650002
1408.125000 64.628067 0.124000 80.754997
1408.125000 64.628067 0.124000 80.849998
1408.125000 64.628067 0.124000 80.945000
1408.125000 64.628067 0.124000 81.050003
1408.250000 64.628067 0.124000 81.150002
1408.250000 64.628067 0.130000 81.250000
1408.250000 64.628067 0.130000 81.355003
1408.375000 64.628067 0.130000 81.455002
1408.375000 64.628067 0.130000 81.555000
1408.375000 64.628067 0.130000 81.650002
1408.375000 64.628067 0.130000 81.750000
1408.375000 64.628067 0.130000 81.855003
1408.375000 64.628067 0.130000 81.959999
1408.500000 64.628067 0.130000 82.050003
1408.625000 64.628067 0.130000 82.144997
1408.750000 64.628067 0.126000 82.250000
1408.750000 64.628067 0.126000 82.355003
1408.875000 64.628067 0.126000 82.449997
1409.000000 64.628067 0.126000 82.555000
1409.000000 64.628067 0.126000 82.650002
1409.000000 64.628067 0.126000 82.745003
1409.000000 64.628067 0.126000 82.845001
1409.000000 64.628067 0.126000 82.949997
1409.000000 64.628067 0.126000 83.055000
1409.000000 64.628067 0.126000 83.154999
1409.000000 64.628067 0.123000 83.250000
1409.000000 64.628067 0.123000 83.345001
1409.000000 64.628067 0.123000 83.455002
1409.000000 64.628067 0.123000 83.555000
1409.000000 64.628067 0.123000 83.654999
1409.250000 64.628067 0.123000 83.750000
1409.250000 64.628067 0.123000 83.855003
1409.250000 64.628067 0.123000 83.955002
1409.250000 64.628067 0.123000 84.050003
1409.250000 64.628067 0.123000 84.150002
1409.250000 64.628067 0.127000 84.245003
1409.250000 64.628067 0.127000 84.349998
1409.375000 64.628067 0.127000 84.455002
1409.375000 64.628067 0.127000 84.555000
1409.375000 64.628067 0.127000 84.654999
1409.375000 64.628067 0.127000 84.745003
1409.875000 64.628067 0.127000 84.855003
1409.875000 64.628067 0.127000 84.949997
1409.875000 64.628067 0.127000 85.055000
1409.875000 64.628067 0.127000 85.150002
1409.875000 64.628067 0.127000 85.260002
1410.250000 64.628067 0.127000 85.339996
1410.250000 64.628067 0.127000 85.455002
1410.500000 64.628067 0.127000 85.550003
