-12.805938 3.907665 1.000000 0.014684 0.319090 -0.494185 0.000000
-12.622796 3.816460 1.009596 -0.085944 0.098658 -0.373464 0.155000
-12.438231 3.744738 1.055581 -0.109253 0.037301 -0.188261 0.290000
-12.201244 3.680475 1.094568 -0.083249 0.026988 0.010314 0.455000
-11.996484 3.644090 1.127291 -0.084824 0.029855 0.159589 0.595000
-11.790727 3.625034 1.141454 -0.101794 0.039776 0.301191 0.735000
-11.585552 3.626830 1.139758 -0.111966 0.048750 0.429136 0.875000
-11.383125 3.652602 1.138390 -0.128522 0.056743 0.563770 1.015000
-11.183473 3.699768 1.170890 -0.045370 0.046635 0.531648 1.155000
-10.990395 3.757450 1.203438 -0.063707 0.034988 0.508020 1.290000
-10.778099 3.836270 1.233809 -0.062622 0.022380 0.488512 1.440000
-10.590632 3.919151 1.232480 -0.044935 0.014546 0.475428 1.575000
-10.406104 4.009723 1.231376 -0.019203 0.011130 0.465679 1.710000
-10.209480 4.110833 1.230419 0.002720 0.010036 0.457824 1.855000
-10.019483 4.208401 1.229680 0.016070 0.010067 0.452212 1.995000
-9.791924 4.318338 1.229010 0.097822 0.168319 0.366741 2.155000
-9.604132 4.393331 1.228621 0.065426 0.123073 0.281958 2.270000
-9.383118 4.472079 1.228271 0.016295 0.070480 0.249409 2.395000
-9.181252 4.541647 1.228014 0.008853 0.046740 0.251403 2.505000
-8.985114 4.607999 1.227805 0.031815 0.034319 0.252930 2.610000
-8.786438 4.671735 1.227629 0.047797 0.028062 0.254147 2.715000
-8.537472 4.744553 1.227447 0.048010 0.022415 0.255330 2.845000
-8.324909 4.800804 1.227319 0.036357 0.010265 0.256106 2.955000
-8.122557 4.850752 1.227216 0.019462 0.004196 0.256698 3.060000
-7.921339 4.899095 1.227129 -0.055956 0.026706 0.305412 3.165000
-7.720352 4.951078 1.227054 -0.005184 0.029310 0.302232 3.270000
-7.518501 5.003551 1.226990 -0.017076 0.023194 0.285892 3.375000
-7.279995 5.066074 1.226928 -0.027000 -0.122593 0.313249 3.500000
-7.085948 5.121243 1.226883 -0.027104 -0.116432 0.324382 3.610000
-6.855845 5.197806 1.226833 -0.144567 -0.052300 0.538822 3.755000
-6.644969 5.296654 1.226793 -0.141983 0.006664 0.748054 3.905000
-6.474525 5.405530 1.226763 -0.132119 0.030800 0.914813 4.040000
-6.314631 5.537001 1.226739 -0.119533 0.039651 1.043461 4.180000
-6.170187 5.684785 1.226719 -0.132151 0.043179 1.165245 4.320000
-6.042725 5.847685 1.240306 -0.086849 0.042088 1.209514 4.460000
-5.935821 6.016994 1.240679 -0.139121 0.043218 1.359287 4.595000
-5.839910 6.224817 1.234199 -0.083468 0.041763 1.452974 4.750000
-5.768338 6.428278 1.214454 -0.008112 0.028762 1.429376 4.895000
-5.697372 6.650867 1.213711 -0.003480 0.018396 1.313487 5.050000
-5.633802 6.869193 1.213145 -0.067358 0.013443 1.351938 5.200000
-5.586637 7.076131 1.212724 -0.050425 0.012432 1.358578 5.340000
-5.549600 7.277734 1.212396 -0.029160 0.011190 1.363381 5.475000
-5.517052 7.480323 1.212130 -0.007221 0.011740 1.366977 5.610000
-5.486835 7.681647 1.211922 -0.025458 0.171429 1.408576 5.740000
-5.457876 7.888197 1.211763 0.019279 0.132106 1.409793 5.860000
-5.429451 8.091351 1.211642 -0.011656 0.081367 1.477849 5.970000
-5.403025 8.292328 1.213414 0.007847 0.053006 1.476735 6.075000
-5.375563 8.496849 1.251961 -0.004838 0.036595 1.475842 6.180000
-5.349615 8.693385 1.287265 0.002737 0.027007 1.462474 6.280000
-5.319132 8.920206 1.327159 0.074117 0.018828 1.378855 6.395000
-5.287174 9.116549 1.360965 -0.024003 0.022622 1.394553 6.495000
-5.251890 9.332793 1.397183 0.014432 0.022436 1.411054 6.605000
-5.216749 9.539302 1.402049 0.023860 0.021612 1.406843 6.710000
-5.178798 9.745562 1.400373 0.042776 0.019943 1.385979 6.815000
-5.135296 9.950633 1.398939 0.086675 0.005491 1.284141 6.920000
-5.073009 10.187904 1.397781 0.061519 -0.099338 1.215981 7.045000
-5.013385 10.386010 1.397781 0.009906 -0.308869 1.336410 7.160000
-4.949622 10.579848 1.397781 -0.043003 -0.272142 1.488254 7.305000
-4.874901 10.779739 1.397781 -0.070111 -0.145742 1.734348 7.540000
-4.789392 10.965369 1.397781 -0.043666 -0.022153 2.273653 8.055000
-4.960916 10.854036 1.397781 -0.021191 0.185712 -2.322246 10.020000
-5.108881 10.709730 1.397781 0.012224 0.071932 -2.182062 10.175000
-5.253096 10.569569 1.397781 0.012671 0.032465 -2.121033 10.315000
-5.401308 10.425920 1.397781 -0.027151 0.028624 -2.073974 10.455000
-5.541418 10.281397 1.397781 -0.036163 0.031274 -2.054703 10.590000
-5.705680 10.094868 1.397781 -0.063431 0.027475 -2.077722 10.755000
-5.848983 9.908381 1.397781 -0.068965 0.018407 -2.093278 10.910000
-5.963605 9.737869 1.397781 -0.030629 0.011553 -2.124008 11.045000
-6.086899 9.545589 1.416533 0.063448 0.005472 -2.296777 11.195000
-6.213792 9.367194 1.446304 0.092346 0.015850 -2.468800 11.340000
-6.343893 9.213718 1.451862 0.120868 0.031556 -2.637227 11.475000
-6.488262 9.076982 1.474590 0.125002 0.045086 -2.777611 11.610000
-6.647099 8.959602 1.509176 0.138738 0.054888 -2.918346 11.745000
-6.845994 8.852592 1.546571 0.132609 0.057134 -3.065013 11.900000
-7.058562 8.776351 1.583159 0.134608 0.056665 3.072348 12.055000
-7.272704 8.733539 1.618847 0.130178 0.057075 2.930813 12.205000
-7.476202 8.721531 1.651787 0.128728 0.056604 2.799986 12.345000
-7.679560 8.736414 1.684249 0.124003 0.055167 2.670835 12.485000
-7.879442 8.777555 1.698522 0.124971 0.054677 2.538740 12.625000
-8.072768 8.843913 1.724358 0.104295 0.049883 2.435296 12.765000
-8.264141 8.935933 1.734756 0.128282 0.050253 2.306200 12.910000
-8.432461 9.041398 1.761194 0.057284 0.044079 2.303756 13.045000
-8.596045 9.159564 1.772993 0.064190 0.031330 2.323154 13.180000
-8.753888 9.288802 1.770070 0.061470 0.021400 2.337883 13.315000
-8.911507 9.431909 1.767627 -0.000734 0.010117 2.419626 13.455000
-9.062008 9.572185 1.765723 0.006175 0.008786 2.458976 13.590000
-9.229289 9.728056 1.792117 -0.013696 0.009566 2.517437 13.740000
-9.375736 9.861460 1.823489 -0.033646 0.010475 2.535672 13.870000
-9.535998 9.998672 1.867580 -0.099449 0.090289 2.628083 14.005000
-9.700192 10.117932 1.876727 -0.090574 -0.014490 2.768340 14.130000
-9.873940 10.226914 1.874890 -0.076864 -0.004168 2.831149 14.260000
-10.076752 10.337099 1.873191 -0.087430 0.013421 2.892491 14.410000
-10.263697 10.420883 1.871959 -0.099282 0.022802 2.965611 14.545000
-10.484684 10.496706 1.870834 -0.055755 0.024326 3.002426 14.700000
-10.681351 10.551117 1.870049 -0.040098 0.018504 2.986099 14.835000
-10.880493 10.598866 1.869415 -0.033437 0.014757 2.973888 14.970000
-11.096416 10.643134 1.868869 -0.082505 0.073468 3.029126 15.115000
-11.295061 10.673161 1.868484 -0.040008 0.168939 3.055238 15.240000
-11.497903 10.697156 1.868192 0.000174 0.114239 3.087812 15.355000
-11.703931 10.717666 1.867955 -0.010668 0.074522 3.130973 15.465000
-11.906683 10.733131 1.867766 -0.028910 0.049385 -3.096511 15.570000
-12.112566 10.744884 1.867604 -0.010597 0.037055 -3.104058 15.675000
-12.320250 10.754951 1.867468 -0.027733 0.030663 -3.110066 15.780000
-12.558880 10.762575 1.867336 -0.038946 0.025986 -3.115558 15.900000
-12.788133 10.764742 1.867231 -0.055118 0.018969 -3.108695 16.014999
-12.997113 10.759593 1.867150 -0.107376 0.023669 -3.017125 16.120001
-13.235225 10.742862 1.867072 -0.011351 0.023998 -3.016784 16.240000
-13.453683 10.725043 1.867013 0.000224 0.022708 -3.024061 16.350000
-13.662476 10.707697 1.866965 -0.000440 0.021718 -3.029606 16.455000
-13.871425 10.690043 1.866924 -0.001889 0.021358 -3.034092 16.559999
-14.080463 10.671957 1.866889 -0.002296 0.020756 -3.037661 16.665001
-14.289527 10.653417 1.866860 -0.001704 0.020312 -3.040548 16.770000
-14.498341 10.633893 1.866835 -0.043401 -0.003708 -2.995330 16.875000
-14.703363 10.611403 1.866814 -0.007913 -0.068896 -2.999567 16.980000
-14.923565 10.582498 1.866794 -0.148550 -0.112077 -2.736821 17.100000
-15.119863 10.540879 1.880120 -0.160047 -0.037133 -2.531439 17.219999
-15.310874 10.477636 1.888835 -0.159965 0.022840 -2.389113 17.350000
-15.491000 10.388948 1.888347 -0.155134 0.049992 -2.257335 17.485001
-15.676065 10.257506 1.887900 -0.146715 0.057639 -2.107388 17.639999
-15.822217 10.114339 1.887576 -0.137693 0.055449 -1.970111 17.780001
-15.947460 9.952276 1.887317 -0.124010 0.052329 -1.840572 17.920000
-16.051283 9.777350 1.887222 -0.096047 -0.108140 -1.739712 18.059999
-16.149927 9.589162 1.887222 -0.095133 -0.208184 -1.556447 18.235001
-16.248655 9.413716 1.887222 -0.085479 -0.092736 -1.273695 18.504999
-16.363138 9.249496 1.887222 -0.017097 0.004458 -0.373077 19.365000
-16.158066 9.264829 1.887222 -0.018658 0.319379 0.176315 20.320000
-15.957862 9.302505 1.887222 -0.006386 0.244162 0.250128 20.465000
-15.756743 9.344330 1.887222 -0.003505 0.139505 0.327449 20.584999
-15.557711 9.388269 1.895259 0.038980 0.076551 0.359316 20.695000
-15.341191 9.433897 1.893944 0.022360 0.049835 0.346268 20.809999
-15.139332 9.475232 1.892934 -0.059441 0.040845 0.360549 20.915001
-14.938269 9.523559 1.892506 -0.076610 -0.070704 0.346273 21.020000
-14.742204 9.578664 1.892506 -0.010186 -0.285366 0.231077 21.129999
-14.548393 9.637506 1.892506 0.038340 -0.290155 0.089701 21.264999
-14.357909 9.701807 1.892506 0.068460 -0.180363 -0.114508 21.459999
-14.166569 9.779084 1.892506 0.059116 -0.052056 -0.517692 21.844999
-14.081504 9.598651 1.874580 0.020459 0.319649 -1.746682 23.445000
-14.118352 9.398344 1.875024 -0.033751 0.226491 -1.805668 23.584999
-14.153118 9.192933 1.863404 -0.025298 0.125720 -1.826479 23.705000
-14.183776 8.989737 1.857553 -0.023990 0.076327 -1.833970 23.815001
-14.213063 8.788831 1.838397 0.009806 0.053335 -1.828653 23.920000
-14.245388 8.584923 1.826087 0.106650 0.038213 -1.879237 24.025000
-14.294102 8.352779 1.824082 0.062996 0.033408 -1.885831 24.145000
-14.347712 8.140964 1.822546 0.051399 0.027992 -1.879330 24.254999
-14.405051 7.939650 1.821302 0.039455 0.023391 -1.874353 24.360001
-14.466808 7.739145 1.820251 0.018984 0.021580 -1.870389 24.465000
-14.527850 7.548573 1.819394 0.002618 0.019345 -1.867323 24.565001
-14.589379 7.358014 1.818662 -0.012925 0.019698 -1.864851 24.665001
-14.650447 7.167226 1.818032 0.043058 0.017561 -1.915860 24.764999
-14.715322 6.977936 1.817495 0.068864 0.017919 -2.012318 24.865000
-14.789910 6.783381 1.817015 0.066638 -0.033623 -2.101391 24.969999
-14.869630 6.596174 1.816607 0.010134 0.026218 -2.111452 25.075001
-14.950666 6.409142 1.816257 -0.067641 0.038946 -1.990895 25.180000
-15.026965 6.217495 1.815961 -0.053851 0.033183 -1.886437 25.285000
-15.099200 6.022713 1.815710 0.022455 0.025186 -1.850523 25.389999
-15.173348 5.827619 1.815498 0.030428 0.022118 -1.860444 25.495001
-15.257933 5.614372 1.815302 -0.060276 0.021436 -1.818659 25.610001
-15.331341 5.418262 1.815149 -0.038835 0.024890 -1.806533 25.715000
-15.400578 5.220407 1.815019 -0.046885 0.024569 -1.813623 25.820000
-15.465264 5.020891 1.814910 -0.053134 -0.002390 -1.819310 25.924999
-15.531734 4.804841 1.814809 -0.029251 -0.018203 -1.892345 26.040001
-15.589953 4.600365 1.814728 -0.103731 0.039241 -1.788463 26.150000
-15.635619 4.400916 1.814662 -0.083183 0.041651 -1.698360 26.254999
-15.672887 4.197961 1.827807 -0.066906 0.034934 -1.615041 26.360001
-15.705316 3.993098 1.828439 0.014319 0.028417 -1.625727 26.465000
-15.738801 3.787370 1.827491 0.006477 0.025540 -1.638203 26.570000
-15.772892 3.581012 1.826684 -0.013898 0.024578 -1.648250 26.674999
-15.810019 3.344385 1.825911 -0.029459 0.023600 -1.657299 26.795000
-15.840699 3.126989 1.825316 -0.032128 -0.013164 -1.663855 26.905001
-15.866310 2.922947 1.824833 -0.027375 -0.074058 -1.668890 27.010000
-15.887139 2.715619 1.824404 -0.101581 0.044451 -1.577018 27.120001
-15.896353 2.515659 1.824061 -0.095620 0.058115 -1.488211 27.225000
-15.895090 2.312468 1.823769 -0.034428 0.048187 -1.439269 27.330000
-15.888250 2.087099 1.823499 -0.007452 0.037158 -1.447372 27.445000
-15.879894 1.869598 1.823281 -0.024647 0.030620 -1.453506 27.555000
-15.868830 1.661136 1.823105 -0.035840 0.027380 -1.458185 27.660000
-15.853676 1.452356 1.822955 -0.036182 0.023897 -1.461948 27.764999
-15.834523 1.243633 1.822829 -0.026967 0.012967 -1.464947 27.870001
-15.812643 1.037152 1.822721 -0.012569 -0.051372 -1.467359 27.975000
-15.787009 0.806875 1.822619 0.069567 0.034720 -1.528623 28.094999
-15.769688 0.604022 1.822543 0.029129 0.043845 -1.552314 28.200001
-15.755346 0.388726 1.822476 0.032041 0.037152 -1.553802 28.309999
-15.744753 0.171341 1.822419 0.038236 0.029478 -1.554989 28.420000
-15.738744 -0.037297 1.822372 0.036589 0.025140 -1.555905 28.525000
-15.736487 -0.246535 1.822333 0.025871 0.022511 -1.556627 28.629999
-15.737103 -0.486014 1.822295 0.011374 0.021248 -1.557283 28.750000
-15.738914 -0.695705 1.822267 -0.000937 0.021042 -1.557741 28.855000
-15.742383 -0.904663 1.822244 0.060967 -0.026966 -1.651925 28.959999
-15.749922 -1.110478 1.822223 -0.055742 0.024240 -1.598104 29.065001
-15.752454 -1.316566 1.822207 -0.088975 0.032465 -1.492944 29.170000
-15.745364 -1.523251 1.822192 -0.084998 0.032791 -1.399809 29.275000
-15.726379 -1.759362 1.822179 -0.013716 0.030569 -1.365141 29.395000
-15.704392 -1.986326 1.822168 -0.009129 0.027242 -1.376526 29.510000
-15.682616 -2.194144 1.822160 -0.024689 0.026645 -1.384775 29.615000
-15.657727 -2.402071 1.822152 -0.032301 0.024163 -1.391372 29.719999
-15.626124 -2.629533 1.822146 -0.029621 0.013530 -1.397088 29.834999
-15.589187 -2.864228 1.822140 -0.017730 -0.054041 -1.401793 29.955000
-15.555235 -3.063142 1.822135 -0.071929 -0.082269 -1.320647 30.059999
-15.512479 -3.267319 1.822132 -0.118205 -0.100924 -1.129089 30.174999
-15.450932 -3.482025 1.822129 -0.142865 -0.029862 -0.937876 30.309999
-15.368989 -3.681815 1.822125 -0.145518 0.021292 -0.777712 30.450001
-15.260589 -3.868292 1.822122 -0.148817 0.046556 -0.620984 30.594999
-15.112293 -4.049684 1.856212 -0.140028 0.055205 -0.461920 30.754999
-14.937064 -4.203823 1.894947 -0.136552 0.056689 -0.305501 30.915001
-14.765356 -4.314559 1.911456 -0.132659 0.055918 -0.172620 31.055000
-14.580341 -4.401613 1.910829 -0.131733 0.053888 -0.037181 31.195000
-14.385773 -4.463350 1.910304 -0.131625 0.055215 0.102629 31.334999
-14.185113 -4.498342 1.909884 -0.101799 0.055726 0.204439 31.475000
-13.980163 -4.510680 1.909546 -0.092010 0.048502 0.249818 31.615000
-13.780171 -4.504079 1.909281 -0.094131 0.040392 0.300271 31.750000
-13.565558 -4.476924 1.909054 -0.088120 0.032858 0.362617 31.895000
-13.367835 -4.434122 1.908883 -0.080835 0.028647 0.425106 32.029999
-13.173330 -4.378460 1.908877 -0.023150 -0.226896 0.286136 32.169998
-12.979807 -4.315513 1.908877 0.029831 -0.205607 0.092399 32.355000
-12.791786 -4.243215 1.908877 0.051889 -0.084796 -0.247951 32.680000
-12.866275 -4.411314 2.023601 0.111979 0.142122 -2.448678 35.240002
-13.023424 -4.565170 2.071794 0.078898 0.059187 -2.520664 35.400002
-13.172482 -4.691023 2.121704 0.099308 0.042868 -2.700085 35.535000
-13.339365 -4.811991 2.121105 0.083838 0.033839 -2.768554 35.674999
-13.515972 -4.920681 2.119540 0.117342 0.036647 -2.934342 35.814999
-13.702498 -5.008491 2.118279 0.109714 0.043912 -3.073062 35.955002
-13.897175 -5.076792 2.098109 0.049275 0.040789 -3.086241 36.095001
-14.119645 -5.142738 2.057563 0.014761 0.023790 -2.953970 36.250000
-14.345852 -5.205631 2.017046 0.020810 0.010390 -2.836010 36.404999
-14.543784 -5.257322 1.983229 0.000908 -0.010969 -2.753187 36.540001
-14.736118 -5.309660 1.950487 -0.072843 -0.052745 -2.579407 36.674999
-14.948387 -5.381413 1.946397 -0.101417 -0.062907 -2.413482 36.840000
-15.133572 -5.464805 1.931358 -0.108577 0.012388 -2.283592 37.009998
-15.313623 -5.588228 1.930313 -0.117089 0.144400 -2.130728 37.195000
-15.462378 -5.741586 1.930948 -0.068426 0.086647 -1.973681 37.355000
-15.598203 -5.915192 1.931426 -0.051929 0.054262 -1.899856 37.509998
-15.716272 -6.091467 1.931780 -0.100814 0.047650 -1.806950 37.654999
-15.813013 -6.273663 1.932056 -0.125198 0.048101 -1.705649 37.794998
-15.891770 -6.480520 1.932292 -0.118888 0.046849 -1.623529 37.945000
-15.944658 -6.696686 1.940720 -0.107841 0.038873 -1.554448 38.095001
-15.971704 -6.896307 1.958099 -0.095370 0.032693 -1.490179 38.230000
-15.984317 -7.100029 1.963048 -0.024541 0.155320 -1.506076 38.365002
-15.989767 -7.307383 1.975931 -0.026461 0.156474 -1.517456 38.490002
-15.990069 -7.516627 1.975339 -0.026751 0.099329 -1.525622 38.605000
-15.986824 -7.716917 1.974882 -0.020346 0.061876 -1.531576 38.709999
-15.980863 -7.931681 1.974476 -0.008078 0.041365 -1.536553 38.820000
-15.972800 -8.178780 1.974092 0.003576 0.029509 -1.540984 38.945000
-15.966291 -8.387541 1.980942 0.010335 0.024782 -1.543895 39.049999
-15.960813 -8.596828 2.017252 0.012967 0.022608 -1.546232 39.154999
-15.956553 -8.796128 2.051278 -0.050601 -0.057408 -1.469731 39.255001
-15.947832 -8.995964 2.084512 -0.120775 -0.131853 -1.284830 39.360001
-15.928482 -9.194360 2.117674 -0.116494 -0.066529 -1.177171 39.474998
-15.894093 -9.391939 2.149760 -0.116583 -0.008744 -1.080188 39.599998
-15.838515 -9.600087 2.183904 -0.065464 0.015167 -1.080469 39.740002
-15.772448 -9.794894 2.205926 -0.090890 0.018552 -1.070109 39.875000
-15.692836 -9.983799 2.215031 -0.042947 -0.042956 -1.026692 40.009998
-15.607666 -10.167317 2.215031 -0.051806 -0.247993 -0.874843 40.154999
-15.524920 -10.351968 2.215031 -0.073140 -0.167648 -0.660161 40.360001
-15.452988 -10.539136 2.215031 -0.057146 -0.044554 -0.241269 40.759998
-15.432019 -10.338376 2.203455 0.001902 0.305686 1.620001 43.115002
-15.440262 -10.115977 2.191211 0.001233 0.187421 1.616014 43.255001
-15.450518 -9.917371 2.157359 -0.013455 0.061988 1.622022 43.365002
-15.465120 -9.715551 2.121663 -0.004460 -0.093718 1.666958 43.474998
-15.480500 -9.516931 2.088060 0.013971 -0.076526 1.702085 43.590000
-15.492565 -9.313915 2.053942 -0.013008 -0.036822 1.686911 43.715000
-15.504431 -9.095659 2.018138 -0.063075 -0.005816 1.793612 43.855000
-15.519113 -8.897294 1.985414 0.033038 0.004252 1.687298 43.985001
-15.530619 -8.699761 1.954289 -0.004104 0.010785 1.678769 44.115002
-15.543762 -8.487246 1.920371 -0.010838 0.012261 1.671842 44.255001
-15.557928 -8.290051 1.890137 -0.009761 0.011505 1.666993 44.386002
-15.574446 -8.085442 1.870114 -0.005383 0.012124 1.663218 44.520000
-15.592098 -7.880881 1.871741 -0.001396 0.012074 1.660335 44.654999
-15.610822 -7.668742 1.873095 0.002062 0.011102 1.658114 44.794998
-15.628402 -7.467149 1.874117 0.004610 0.170409 1.656555 44.924999
-15.645832 -7.261186 1.874897 0.004905 0.136032 1.655439 45.044998
-15.662612 -7.057646 1.875493 0.004278 0.084499 1.654638 45.154999
-15.676916 -6.855948 1.875977 0.091948 0.051744 1.554578 45.259998
-15.681831 -6.650892 1.876386 0.105729 0.040680 1.451867 45.365002
-15.677657 -6.444433 1.876734 0.022542 0.035361 1.458700 45.470001
-15.670102 -6.236698 1.877030 0.023906 0.030566 1.464199 45.575001
-15.659552 -6.028155 1.877281 0.030418 0.026150 1.468627 45.680000
-15.645505 -5.819308 1.877494 0.029522 0.023482 1.472178 45.785000
-15.625457 -5.580595 1.877698 0.019577 0.012680 1.475369 45.904999
-15.605582 -5.373177 1.877848 0.008421 0.003800 1.477597 46.009998
-15.582973 -5.171258 1.877976 0.102713 -0.126932 1.299127 46.115002
-15.546791 -4.952545 1.878103 0.137569 -0.083711 1.104112 46.240002
-15.497252 -4.756539 1.878209 0.143799 -0.015708 0.949435 46.365002
-15.421558 -4.556709 1.878304 0.145548 0.030474 0.800566 46.505001
-15.325894 -4.380783 1.878379 0.147210 0.047795 0.659860 46.639999
-15.203363 -4.215964 1.878441 0.133982 0.053719 0.529576 46.779999
-15.054544 -4.064375 1.878493 0.130382 0.052014 0.393845 46.924999
-14.892921 -3.938281 1.878533 0.122527 0.052414 0.263319 47.064999
-14.716826 -3.833353 1.878565 0.129901 0.053129 0.129626 47.205002
-14.529351 -3.748843 1.878591 0.083402 0.046394 0.094788 47.345001
-14.311870 -3.674152 1.878614 0.094988 0.039864 0.039983 47.500000
-14.116041 -3.626940 1.878631 0.096849 0.034967 -0.016266 47.634998
-13.916195 -3.597276 1.878644 0.091819 0.031386 -0.077768 47.770000
-13.691563 -3.583786 1.878655 0.078597 0.026687 -0.144560 47.919998
-13.488659 -3.587164 1.878664 0.069198 0.024024 -0.208527 48.055000
-13.271200 -3.605435 1.878671 0.064230 0.022986 -0.280775 48.200001
-13.073092 -3.635563 1.878677 0.068846 0.183082 -0.341547 48.330002
-12.863297 -3.678931 1.878680 -0.013461 0.137757 -0.322177 48.455002
-12.663790 -3.721687 1.878682 0.002413 0.086316 -0.308714 48.564999
-12.467099 -3.768054 1.878685 0.093723 0.059073 -0.389250 48.669998
-12.269292 -3.823772 1.878687 0.040132 0.042537 -0.381895 48.775002
-12.071787 -3.887169 1.878690 0.092437 0.034880 -0.461162 48.880001
-11.877111 -3.960871 1.878691 0.094805 0.033569 -0.517186 48.985001
-11.667323 -4.051475 1.878691 -0.056121 0.017727 -0.429953 49.099998
-11.455485 -4.137525 1.878691 -0.098010 0.020325 -0.300739 49.215000
-11.258820 -4.207279 1.878691 -0.031336 0.024890 -0.280558 49.320000
-11.060421 -4.273640 1.878691 -0.065957 0.023661 -0.255832 49.424999
-10.840755 -4.339515 1.878691 -0.034792 0.023193 -0.218383 49.540001
-10.628767 -4.396381 1.878691 -0.056967 0.023389 -0.161644 49.650002
-10.425047 -4.445623 1.878691 -0.010185 0.022484 -0.170894 49.755001
-10.220804 -4.493805 1.878691 -0.009553 0.019671 -0.178549 49.860001
-10.017652 -4.540843 1.878691 -0.016609 -0.042048 -0.184638 49.965000
-9.818223 -4.585363 1.878691 -0.077287 0.029004 -0.144074 50.070000
-9.617109 -4.622540 1.878691 -0.104490 0.041626 -0.050229 50.174999
-9.383757 -4.654014 1.878691 -0.023220 0.037052 -0.040585 50.294998
-9.167564 -4.679291 1.878691 -0.024049 0.030394 -0.046233 50.404999
-8.940045 -4.702764 1.878691 -0.032160 0.025534 -0.050927 50.520000
-8.691673 -4.723834 1.878691 -0.030917 0.022842 -0.054892 50.645000
-8.472558 -4.738689 1.878691 -0.022393 0.021545 -0.057630 50.755001
-8.263150 -4.750566 1.878691 -0.012496 0.020297 -0.059721 50.860001
-8.054132 -4.761399 1.878691 0.039936 -0.013934 -0.094209 50.965000
-7.849247 -4.776203 1.878691 0.082864 0.009596 -0.188700 51.070000
-7.646672 -4.795883 1.878691 -0.067464 0.036528 -0.065718 51.174999
-7.442106 -4.809673 1.878691 -0.004327 0.032225 -0.050135 51.279999
-7.236162 -4.822611 1.878691 0.004991 0.032206 -0.055391 51.384998
-7.009331 -4.839172 1.878691 0.029495 0.028058 -0.060615 51.500000
-6.801712 -4.858969 1.878691 0.046172 0.024275 -0.113534 51.605000
-6.574724 -4.888123 1.888601 0.049604 0.023147 -0.178975 51.720001
-6.328955 -4.927938 1.903260 0.027710 0.020777 -0.212632 51.845001
-6.123779 -4.964983 1.876260 0.016283 -0.028588 -0.194713 51.950001
-5.923181 -5.003128 1.874050 0.023704 0.019840 -0.197631 52.055000
-5.723576 -5.043920 1.871226 0.021075 0.042381 -0.199977 52.160000
-5.522206 -5.087626 1.846249 0.013165 0.036040 -0.201853 52.264999
-5.309694 -5.135512 1.845201 0.003195 0.028616 -0.203440 52.375000
-5.076705 -5.188684 1.844256 -0.007146 0.024508 -0.204779 52.494999
-4.862393 -5.237092 1.843524 -0.011972 0.021355 -0.205760 52.605000
-4.647666 -5.284859 1.841906 0.045731 0.019041 -0.253408 52.715000
-4.443968 -5.335035 1.847843 0.079183 0.019213 -0.358786 52.820000
-4.243734 -5.392655 1.846606 0.018761 -0.032575 -0.391588 52.924999
-4.032148 -5.456847 1.845460 0.055829 -0.106505 -0.429714 53.040001
-3.837865 -5.522560 1.844500 0.149011 -0.089251 -0.627664 53.154999
-3.630531 -5.615362 1.843548 0.169240 -0.006295 -0.812904 53.294998
-3.429713 -5.740719 1.842703 0.114508 0.028241 -0.884915 53.450001
-3.253783 -5.882331 1.842059 0.103797 0.031280 -0.946208 53.599998
-3.109143 -6.025079 1.841593 0.093514 0.028663 -1.005718 53.735001
-2.976933 -6.179921 1.839913 0.106654 0.023742 -1.100527 53.869999
-2.843846 -6.363034 1.839232 0.001623 0.016435 -1.073553 54.020000
-2.725120 -6.529825 1.839300 -0.044124 0.010130 -0.908160 54.154999
-2.600136 -6.692138 1.839355 -0.038539 0.010411 -0.775849 54.290001
-2.469831 -6.849767 1.839399 -0.004430 0.012266 -0.725975 54.424999
-2.335975 -7.004575 1.839435 -0.060110 0.016873 -0.653753 54.560001
-2.190610 -7.159232 1.839465 -0.030430 0.017077 -0.660973 54.700001
-2.045376 -7.304427 1.839489 -0.039685 0.014750 -0.671618 54.834999
-1.894878 -7.444454 1.839508 -0.037878 0.175715 -0.679419 54.965000
-1.743116 -7.577131 1.839521 0.036924 0.056472 -0.773302 55.080002
-1.591024 -7.715277 1.839532 0.113077 -0.079438 -0.985124 55.195000
-1.451012 -7.859008 1.839542 0.107318 -0.042451 -1.103072 55.314999
-1.314773 -8.022503 1.839552 0.125403 0.004302 -1.185617 55.450001
-1.188306 -8.213098 1.839559 0.126938 0.025314 -1.264350 55.599998
-1.087320 -8.415220 1.839566 0.110341 0.027907 -1.337225 55.750000
-1.010718 -8.619482 1.839570 0.088138 0.024402 -1.399577 55.895000
-0.953057 -8.814767 1.839574 0.036560 0.019735 -1.401788 56.029999
-0.909249 -9.012898 1.839577 0.159274 0.024421 -1.655859 56.165001
-0.892103 -9.226065 1.863087 0.114858 0.038890 -1.843191 56.310001
-0.900992 -9.438115 1.898558 0.113291 0.046797 -1.990548 56.455002
-0.933327 -9.640013 1.939806 0.116441 0.050254 -2.128032 56.595001
-0.997256 -9.856769 1.998303 0.119157 0.053198 -2.273817 56.750000
-1.086456 -10.056708 2.053905 0.128045 0.052123 -2.397033 56.900002
-1.206414 -10.248263 2.087878 0.124619 0.055272 -2.532972 57.055000
-1.338836 -10.403261 2.119618 0.158171 0.059344 -2.695746 57.195000
-1.505337 -10.543369 2.153813 0.153608 0.061012 -2.852166 57.345001
-1.699341 -10.657426 2.181038 0.137156 0.058663 -3.006176 57.500000
-1.902451 -10.738060 2.179730 0.129166 0.054506 3.129010 57.650002
-2.107901 -10.788520 2.178730 0.128758 0.053010 2.983055 57.794998
-2.332383 -10.811767 2.177882 0.101352 0.054137 2.855142 57.950001
-2.552772 -10.810339 2.195447 0.102583 0.044295 2.822155 58.099998
-2.780420 -10.784439 2.201121 0.072931 0.040837 2.735288 58.255001
-2.977860 -10.745080 2.241420 0.036449 0.029552 2.762730 58.389999
-3.197668 -10.691725 2.238914 0.036551 0.020140 2.785229 58.540001
-3.394624 -10.636004 2.225191 0.057231 0.016060 2.770235 58.674999
-3.604101 -10.567877 2.222847 0.017314 0.012665 2.780740 58.820000
-3.798159 -10.500612 2.221117 0.006287 0.011496 2.788179 58.955002
-4.005518 -10.425257 2.219622 0.077912 0.009681 2.673116 59.099998
-4.192784 -10.343779 2.218499 0.096560 0.015699 2.507109 59.235001
-4.370686 -10.247495 2.217584 0.094892 0.023741 2.341887 59.369999
-4.541882 -10.134330 2.217293 0.076686 -0.153375 2.326941 59.509998
-4.705709 -10.013079 2.217293 0.019404 -0.229708 2.504962 59.680000
-4.861986 -9.885852 2.217293 -0.025856 -0.121520 2.604444 59.955002
-5.008924 -9.749911 2.217293 -0.013317 -0.005345 -2.725805 60.895000
-4.861194 -9.598425 2.187610 0.014917 0.319818 0.638989 64.235001
-4.700206 -9.480434 2.156755 0.012321 0.259161 0.569037 64.379997
-4.526047 -9.357166 2.132618 -0.017802 0.136542 0.512926 64.504997
-4.358978 -9.239318 2.133636 0.030341 0.080630 0.434048 64.614998
-4.191416 -9.126565 2.134452 0.031588 0.053855 0.381537 64.720001
-4.018352 -9.015896 2.135151 0.096301 0.044681 0.334761 64.824997
-3.839586 -8.911381 2.113626 0.084017 0.043390 0.341810 64.930000
-3.639245 -8.805913 2.113731 0.069276 -0.118975 0.260221 65.044998
-3.454803 -8.714173 2.113731 0.088727 -0.308916 0.139793 65.160004
-3.270954 -8.620502 2.113731 0.107564 -0.246513 -0.017287 65.309998
-3.087477 -8.518083 2.113731 0.100581 -0.118576 -0.268614 65.550003
-2.919915 -8.407537 2.113731 0.042467 -0.013626 -0.561830 66.089996
-3.021679 -8.226451 2.113731 -0.025713 0.252619 2.729772 69.455002
-3.207979 -8.143669 2.096408 0.003210 0.112813 2.843781 69.620003
-3.396537 -8.065832 2.098331 -0.039343 0.057489 2.942319 69.764999
-3.589512 -7.996888 2.099796 -0.115275 0.038940 3.095134 69.904999
-3.803526 -7.945856 2.118970 -0.125118 0.044100 -3.011079 70.055000
-4.026119 -7.922305 2.118469 -0.078976 -0.133340 -3.028220 70.209999
-4.248323 -7.914851 2.118469 -0.004363 -0.216852 3.056001 70.400002
-4.450161 -7.918118 2.118469 0.038138 -0.106587 2.747082 70.695000
-4.648320 -7.945295 2.118469 0.002586 0.002206 1.144874 72.224998
-4.472627 -7.839874 2.110689 0.019169 0.245902 0.417597 72.974998
-4.274837 -7.733871 2.110674 0.027944 0.096846 0.226065 73.154999
-4.091516 -7.648784 2.110667 0.033164 0.056684 0.102127 73.300003
-3.890359 -7.567095 2.110663 0.025478 0.047160 0.094779 73.449997
-3.673194 -7.490691 2.110663 0.104901 0.039374 0.058177 73.605003
-3.477409 -7.442212 2.110663 0.112987 0.035208 -0.004619 73.739998
-3.277387 -7.411121 2.110663 0.052699 0.025506 0.010818 73.875000
-3.074757 -7.390215 2.110663 0.078208 0.019946 -0.018901 74.010002
-2.855765 -7.382140 2.110663 0.069130 0.019099 -0.099497 74.154999
-2.650256 -7.386566 2.110663 0.065321 0.147872 -0.141871 74.290001
-2.443668 -7.403133 2.100290 0.056724 0.155576 -0.218897 74.415001
-2.241173 -7.430626 2.100705 0.060995 -0.046066 -0.337129 74.529999
-2.039447 -7.467567 2.127402 0.092372 -0.057643 -0.479315 74.650002
-1.845453 -7.516151 2.137393 0.131090 -0.030976 -0.599532 74.775002
-1.654277 -7.580561 2.137393 0.058753 -0.250803 -0.452924 74.915001
-1.458194 -7.657474 2.137393 -0.012007 -0.187689 -0.238248 75.120003
-1.271673 -7.744351 2.137393 -0.040436 -0.064892 0.170159 75.510002
-1.479300 -7.725092 2.128351 -0.053604 0.184845 2.962620 78.355003
-1.680756 -7.688604 2.128610 -0.008064 0.087399 2.998063 78.510002
-1.879764 -7.655300 2.118379 -0.027980 0.045233 3.015613 78.650002
-2.078603 -7.627102 2.116060 -0.038078 0.025548 3.028255 78.785004
-2.280759 -7.605006 2.114181 -0.034755 0.017239 3.037783 78.919998
-2.484527 -7.589634 2.100951 -0.053355 0.012379 3.105994 79.055000
-2.686049 -7.581779 2.100464 -0.010380 0.173263 3.105195 79.184998
-2.892156 -7.575468 2.100210 0.000153 0.076204 3.062870 79.305000
-3.095666 -7.568765 2.100210 0.033563 -0.153796 2.942444 79.419998
-3.296606 -7.561738 2.100210 0.067501 -0.288231 2.806310 79.550003
-3.512980 -7.559023 2.100210 0.088409 -0.180412 2.596874 79.750000
-3.713148 -7.566538 2.100210 0.061609 -0.064474 2.497392 80.095001
-3.725965 -7.366672 2.086107 -0.000392 0.215180 0.881483 83.739998
-3.603863 -7.201789 2.083591 0.070885 0.082239 0.940028 83.894997
-3.452791 -7.026045 2.084666 0.050683 0.030248 0.939099 84.055000
-3.295963 -6.865883 2.085457 0.029548 0.016569 0.928882 84.205002
-3.149601 -6.723328 2.068752 -0.012386 0.016584 0.915866 84.339996
-3.004230 -6.578156 2.066948 -0.029962 0.014604 0.900267 84.474998
-2.865310 -6.434276 2.056589 -0.027104 0.145490 0.824379 84.605003
-2.725674 -6.289453 2.040781 -0.027532 0.146035 0.758197 84.724998
-2.584863 -6.147862 2.000456 0.091818 -0.001616 0.561544 84.834999
-2.433552 -6.010257 2.000659 0.089463 -0.081880 0.404221 84.949997
-2.279576 -5.881672 2.001083 0.084745 -0.272511 0.509331 85.074997
-2.116963 -5.754895 2.001083 0.012233 -0.231773 0.687354 85.245003
-1.952961 -5.638143 2.001083 -0.035428 -0.117772 0.975332 85.519997
-1.781040 -5.535551 2.001083 -0.006584 -0.013052 0.933445 86.449997
-1.983920 -5.553549 1.990328 -0.018537 0.226501 -2.853214 100.050003
-2.179839 -5.596255 2.004315 0.077970 0.094629 -2.783556 100.209999
-2.373400 -5.629612 2.056963 0.079069 0.052723 -2.906790 100.349998
-2.593331 -5.652901 2.095232 0.013143 0.030744 -3.007776 100.500000
-2.795630 -5.671014 2.129118 -0.008997 0.016087 -3.102855 100.635002
-2.991276 -5.689370 2.167704 0.007048 0.009998 3.094535 100.764999
-3.194199 -5.707346 2.198500 0.032488 0.014881 3.017962 100.900002
-3.418779 -5.717374 2.222543 0.120679 0.025215 2.832670 101.050003
-3.631782 -5.703144 2.212734 0.098620 0.044988 2.718658 101.195000
-3.863390 -5.660227 2.209920 0.114842 0.047390 2.639586 101.355003
-4.054294 -5.600590 2.208033 0.111333 0.040910 2.576745 101.489998
-4.258992 -5.510505 2.206363 0.096565 0.032251 2.500255 101.639999
-4.448501 -5.403733 2.205071 0.044888 0.024807 2.463884 101.785004
-4.620973 -5.294587 2.204109 0.022498 0.016936 2.480740 101.919998
-4.790378 -5.179331 2.203324 0.112974 0.013905 2.350531 102.055000
-4.952815 -5.045259 2.202666 0.113703 0.023503 2.172707 102.195000
-5.108455 -4.884871 2.202102 0.103785 0.031504 2.007698 102.345001
-5.244549 -4.709486 2.201657 0.112812 0.039848 1.850953 102.495003
-5.351489 -4.533395 2.201325 0.123710 0.046493 1.711842 102.635002
-5.437382 -4.346813 2.201060 0.088598 0.048879 1.648942 102.775002
-5.505717 -4.151464 2.200844 0.097580 0.043718 1.596955 102.915001
-5.555469 -3.949179 2.200668 0.068269 0.036860 1.572698 103.055000
-5.590077 -3.727186 2.200522 0.073980 0.029371 1.527546 103.205002
-5.606352 -3.501988 2.200405 0.046615 0.022375 1.521479 103.355003
-5.609109 -3.297934 2.193358 0.076997 0.018469 1.452186 103.489998
-5.601056 -3.093776 2.182265 0.045171 0.016671 1.439248 103.625000
-5.585269 -2.892058 2.146861 -0.002251 0.175681 1.423861 103.754997
-5.564553 -2.694839 2.114033 0.060452 0.138728 1.359683 103.870003
-5.535457 -2.493315 2.081081 -0.014108 0.084037 1.334910 103.980003
-5.506559 -2.293667 2.066332 -0.094317 0.048409 1.410499 104.084999
-5.484404 -2.069813 2.067709 -0.093771 0.035522 1.532938 104.199997
-5.474343 -1.853213 2.068822 -0.045496 0.030696 1.618520 104.309998
-5.469294 -1.625566 2.069799 -0.001090 0.028166 1.617563 104.425003
-5.464849 -1.386978 2.070648 -0.021555 0.025759 1.616781 104.544998
-5.463592 -1.167706 2.071301 -0.037998 0.023616 1.616215 104.654999
-5.466615 -0.958206 2.071831 -0.040870 0.022806 1.615782 104.760002
-5.474032 -0.748679 2.072278 -0.033811 0.021280 1.615437 104.864998
-5.482806 -0.540332 2.072659 0.053068 -0.038841 1.514480 104.970001
-5.486268 -0.335997 2.072983 0.014207 0.029964 1.477523 105.074997
-5.487510 -0.131110 2.073258 0.007280 0.039549 1.503783 105.180000
-5.487725 0.075729 2.073492 0.018956 0.034741 1.511615 105.285004
-5.485379 0.303852 2.073706 0.022142 0.027941 1.518322 105.400002
-5.480054 0.532864 2.073886 0.017285 0.024508 1.523692 105.514999
-5.473115 0.742354 2.074024 0.010509 0.021837 1.527568 105.620003
-5.465018 0.951996 2.074143 0.002514 0.020948 1.530690 105.724998
-5.456615 1.161722 2.074243 -0.004177 0.020215 1.533195 105.830002
-5.448629 1.370607 2.074329 -0.007913 -0.035359 1.535192 105.934998
-5.440780 1.603812 2.074410 -0.055732 0.026125 1.568966 106.055000
-5.439870 1.807593 2.074471 -0.095385 0.041953 1.671995 106.160004
-5.449366 2.012634 2.074522 -0.092333 0.040060 1.764343 106.264999
-5.466804 2.218425 2.074566 0.002662 0.033095 1.752993 106.370003
-5.485171 2.425520 2.074604 0.007445 0.028044 1.739561 106.474998
-5.503388 2.633561 2.074636 -0.002744 0.025279 1.728628 106.580002
-5.524260 2.861926 2.074664 -0.013196 0.022938 1.719321 106.695000
-5.547180 3.090404 2.074689 -0.015480 0.022341 1.711919 106.809998
-5.573483 3.328118 2.074710 -0.012458 -0.029051 1.705888 106.930000
-5.601116 3.560401 2.065977 -0.005836 0.024222 1.701177 107.050003
-5.626116 3.763188 2.029489 0.033551 0.038783 1.678056 107.154999
-5.647599 3.968206 1.993963 0.040548 0.034619 1.606046 107.260002
-5.663946 4.165111 1.961024 0.006503 0.030384 1.609756 107.360001
-5.679493 4.363050 1.928553 0.009315 0.026453 1.612760 107.459999
-5.694181 4.561657 1.895491 0.014468 0.024724 1.615211 107.559998
-5.710420 4.770403 1.894679 -0.074696 0.018721 1.725735 107.665001
-5.732091 4.978409 1.897069 -0.007403 0.022759 1.729600 107.769997
-5.755423 5.186451 1.899092 -0.009113 0.023113 1.727724 107.875000
-5.780126 5.394614 1.900820 0.016258 0.020327 1.704173 107.980003
-5.801903 5.593028 1.922715 0.072643 0.018702 1.596225 108.080002
-5.819296 5.841105 1.930392 0.084309 0.023856 1.480987 108.205002
-5.823513 6.068849 1.932267 0.098715 0.031441 1.386188 108.320000
-5.812752 6.315228 1.933957 0.119698 0.038869 1.288423 108.445000
-5.788996 6.520377 1.935140 0.131439 0.043863 1.211697 108.550003
-5.750214 6.722855 1.936147 0.116578 0.046447 1.149243 108.654999
-5.698785 6.923113 1.937006 0.059650 0.040491 1.164184 108.760002
-5.639566 7.122633 1.937731 0.057322 0.033136 1.176197 108.864998
-5.573493 7.321032 1.946098 0.085198 0.027244 1.167801 108.970001
-5.500873 7.514773 1.952164 0.036697 -0.153356 1.102075 109.074997
-5.421065 7.718513 1.952164 0.054483 -0.319146 0.971175 109.199997
-5.349732 7.907876 1.952164 0.080591 -0.243641 0.808860 109.355003
-5.284195 8.103910 1.952164 0.083106 -0.111935 0.541825 109.610001
-5.236255 8.298299 1.952164 0.030774 -0.003439 -0.149326 110.269997
-5.054383 8.212095 1.952164 -0.021683 0.242647 -0.658163 111.529999
-4.884161 8.064308 1.951787 -0.030740 0.043754 -0.689548 111.705002
-4.724620 7.933920 1.952706 -0.015308 -0.205593 -0.656537 111.860001
-4.565881 7.808685 1.953627 -0.016743 -0.192571 -0.626568 112.065002
-4.400899 7.695244 1.954697 0.005916 -0.035779 -0.753613 112.584999
-4.568910 7.569167 1.954697 -0.097912 0.153557 -2.772559 115.099998
-4.735830 7.461682 1.983591 0.041569 0.012770 -2.862212 115.264999
-4.905843 7.355350 1.969870 0.027504 -0.061951 -2.643898 115.430000
-5.082785 7.256610 1.962519 0.028905 -0.097651 -2.554434 115.614998
-5.266972 7.170601 1.947226 -0.012576 -0.079307 -2.461463 115.839996
-5.450500 7.086431 1.947041 -0.016422 0.223577 -2.374803 116.110001
-5.619681 6.976502 1.946947 -0.037385 0.143186 -2.253876 116.305000
-5.777175 6.848310 1.946888 -0.037260 0.053592 -2.150340 116.464996
-5.927165 6.707689 1.946844 -0.088098 0.030772 -2.001513 116.620003
-6.060972 6.553025 1.946809 -0.102663 0.032059 -1.858678 116.775002
-6.182536 6.368508 1.946780 -0.109779 0.038814 -1.722175 116.945000
-6.267279 6.185456 1.946759 -0.123958 0.107783 -1.586888 117.099998
-6.323125 5.980668 1.946743 -0.120091 0.085053 -1.437530 117.254997
-6.348597 5.754647 1.946730 -0.116630 0.064745 -1.287875 117.415001
-6.346058 5.551765 1.946721 -0.072005 0.051792 -1.232655 117.555000
-6.325935 5.346566 1.912301 -0.086326 0.043456 -1.179587 117.695000
-6.282287 5.120265 1.884106 -0.089324 0.035748 -1.116645 117.849998
-6.218961 4.905047 1.862059 -0.075431 0.029176 -1.064668 118.000000
-6.146238 4.715804 1.863274 -0.087728 0.026357 -0.990897 118.135002
-6.057001 4.524578 1.861765 -0.080132 0.022587 -0.965522 118.275002
-5.956942 4.347427 1.837896 -0.045103 0.010768 -0.924707 118.410004
-5.838309 4.164543 1.828302 0.040315 -0.033853 -1.007512 118.555000
-5.727406 3.988304 1.828302 -0.022714 -0.248148 -0.850433 118.705002
-5.624843 3.815449 1.828302 -0.057765 -0.170368 -0.635759 118.910004
-5.531700 3.636855 1.828302 -0.052200 -0.047764 -0.211643 119.315002
-5.372187 3.764951 1.828302 -0.055002 0.191704 1.297272 120.855003
-5.304664 3.954865 1.828302 -0.046085 0.087859 1.480555 121.010002
-5.248735 4.151456 1.819978 -0.020679 0.050685 1.577284 121.154999
-5.201661 4.349692 1.821604 -0.097713 0.046286 1.685447 121.294998
-5.171038 4.574617 1.823035 -0.112647 0.049956 1.807088 121.449997
-5.169152 4.787003 1.824088 -0.108161 0.050816 1.927657 121.595001
-5.195341 5.021234 1.825015 -0.083579 0.042680 1.971269 121.754997
-5.235642 5.218088 1.825637 -0.062391 0.034043 2.007959 121.889999
-5.288798 5.412959 1.825949 -0.055768 -0.080281 1.958179 122.025002
-5.349646 5.603522 1.825949 -0.001223 -0.251264 1.801098 122.175003
-5.418691 5.794259 1.825949 0.045023 -0.155091 1.565477 122.400002
-5.501159 5.979747 1.825949 0.040272 -0.030937 1.041874 122.900002
-5.301410 5.956351 1.825949 -0.045510 -0.011290 0.389102 124.620003
-5.102169 5.988353 1.821775 -0.006155 0.316694 -0.327299 125.419998
-4.906638 5.937509 1.820916 0.006943 0.179842 -0.318100 125.614998
-4.710089 5.882165 1.841117 0.065516 0.070888 -0.276827 125.764999
-4.517100 5.816395 1.841173 -0.014181 0.024774 -0.137827 125.904999
-4.314401 5.745514 1.841219 -0.001378 0.016971 -0.060917 126.050003
-4.109936 5.676406 1.857777 -0.064282 0.030487 0.007386 126.195000
-3.916041 5.621687 1.857638 -0.056130 0.036162 -0.001045 126.330002
-3.717886 5.578885 1.857525 -0.088229 0.032368 0.018519 126.464996
-3.516655 5.554946 1.857435 -0.139128 0.028933 0.118644 126.599998
-3.291974 5.553295 1.857353 -0.059687 0.024439 0.122023 126.750000
-3.058655 5.566699 1.857288 -0.037984 0.018000 0.112827 126.904999
-2.857862 5.585947 1.857244 -0.023918 0.173727 0.107048 127.035004
-2.652632 5.609573 1.857210 -0.006289 0.134199 0.102988 127.154999
-2.450155 5.633679 1.857184 0.008583 0.085883 0.100057 127.264999
-2.249405 5.656647 1.857164 0.017855 0.054685 0.097829 127.370003
-2.044661 5.678259 1.857146 0.020812 0.039055 0.096015 127.474998
-1.837674 5.698054 1.846567 0.018514 0.029541 0.094574 127.580002
-1.629489 5.716190 1.848150 -0.012577 0.023969 0.109345 127.684998
-1.411392 5.737939 1.849544 -0.038484 0.022261 0.188368 127.794998
-1.183904 5.765298 1.850765 0.054486 0.017994 0.128040 127.910004
-0.976277 5.786068 1.851710 0.014146 0.015236 0.071462 128.014999
-0.769025 5.804957 1.852511 -0.014965 0.026016 0.074859 128.119995
-0.561218 5.823346 1.853192 0.068288 0.025641 -0.011543 128.225006
-0.333168 5.835026 1.836353 0.057426 0.025476 -0.105802 128.339996
-0.124889 5.839101 1.822860 0.011992 0.027587 -0.095362 128.445007
0.083993 5.841211 1.823352 0.025742 0.026991 -0.086971 128.550003
0.293336 5.840256 1.823770 0.038361 0.024900 -0.080222 128.654999
0.502844 5.835020 1.824128 0.040103 0.023728 -0.074761 128.759995
0.712240 5.825398 1.824430 0.032324 0.001660 -0.070413 128.865005
0.918588 5.812514 1.824689 0.017959 -0.061753 -0.066889 128.970001
1.124320 5.797607 1.824808 -0.001481 -0.199987 -0.007727 129.080002
1.338458 5.779773 1.824808 -0.044162 -0.300962 0.133645 129.214996
1.547926 5.756389 1.824808 -0.074628 -0.194168 0.332613 129.404999
1.752286 5.722043 1.824808 -0.066762 -0.064610 0.693896 129.750000
1.549919 5.761547 1.816442 -0.018505 0.074780 2.971372 132.044998
1.352910 5.807756 1.829667 -0.031001 -0.036480 2.910534 132.205002
1.153066 5.846410 1.830356 0.000871 -0.084151 2.764075 132.375000
0.952535 5.880369 1.830950 0.036294 -0.076350 2.645912 132.570007
0.738755 5.922139 1.831499 0.046249 -0.045871 2.557178 132.824997
0.546607 5.979903 1.831909 0.050942 0.124286 2.490693 133.115005
0.365589 6.079960 1.832126 0.039811 0.144733 2.355542 133.345001
0.203272 6.196984 1.832244 0.044359 0.030991 2.208214 133.514999
0.046529 6.328970 1.823869 0.071574 -0.005725 2.063278 133.684998
-0.094657 6.472620 1.834882 0.094497 -0.008619 1.911459 133.860001
-0.217182 6.636265 1.842188 0.105572 0.133318 1.743693 134.050003
-0.302203 6.817433 1.847118 0.076788 0.144459 1.626336 134.220001
-0.360340 7.010271 1.850527 0.092058 0.090294 1.496319 134.369995
-0.395738 7.212380 1.853145 0.106932 0.065365 1.350771 134.514999
-0.406843 7.413703 1.855171 0.111301 0.059302 1.222886 134.654999
-0.391903 7.630640 1.856904 0.125197 0.057559 1.080426 134.804993
-0.346710 7.843450 1.858282 0.132729 0.059993 0.933116 134.955002
-0.273604 8.040862 1.859340 0.125740 0.058500 0.804992 135.100006
-0.167503 8.241011 1.860238 0.089744 0.049964 0.733426 135.255005
-0.052128 8.412951 1.860881 0.094527 0.042695 0.678961 135.395004
0.090184 8.585664 1.861431 0.097137 0.034935 0.616132 135.544998
0.233311 8.728910 1.861827 0.093832 0.030407 0.553885 135.679993
0.388629 8.859984 1.862148 0.081584 0.025038 0.493071 135.815002
0.553651 8.979428 1.862410 0.075961 0.023049 0.427346 135.949997
0.745929 9.099626 1.862643 -0.006819 0.014664 0.447182 136.100006
0.947951 9.223030 1.862833 -0.017901 0.142411 0.531268 136.255005
1.124538 9.334246 1.862956 0.027666 0.149794 0.578617 136.380005
1.310790 9.450528 1.863054 -0.029444 0.090302 0.639435 136.500000
1.496831 9.569141 1.863131 0.022067 0.053843 0.647653 136.615005
1.671253 9.679104 1.863191 0.012549 0.037102 0.639634 136.720001
1.847980 9.789975 1.863243 -0.010626 0.028070 0.633252 136.824997
2.066895 9.930220 1.863296 -0.026267 0.021815 0.627032 136.955002
2.232813 10.042312 1.863318 -0.060297 -0.050616 0.717230 137.054993
2.395877 10.159095 1.863318 -0.055086 -0.260616 0.827186 137.160004
2.562951 10.279180 1.863318 -0.081599 -0.301336 0.963321 137.289993
2.728228 10.392174 1.863318 -0.096630 -0.193089 1.151817 137.470001
2.899160 10.497354 1.863318 -0.077190 -0.065470 1.486923 137.789993
2.694049 10.423685 1.863318 -0.009571 0.259529 -2.673273 140.315002
2.493712 10.331326 1.863318 0.007659 0.139985 -2.598282 140.445007
2.309270 10.244416 1.863318 0.002824 0.075600 -2.531985 140.554993
2.126975 10.158173 1.863318 0.032346 0.049550 -2.543927 140.660004
1.940395 10.071546 1.863318 -0.008535 0.039969 -2.553610 140.764999
1.752756 9.981753 1.863318 -0.051930 0.034486 -2.561395 140.869995
1.566866 9.885690 1.863318 -0.070825 0.027801 -2.567683 140.975006
1.383901 9.782780 1.863318 0.004543 0.018111 -2.639477 141.080002
1.209870 9.684009 1.863318 -0.010487 0.016879 -2.695702 141.179993
1.036018 9.584643 1.863318 -0.010600 0.018143 -2.694135 141.279999
0.862340 9.484416 1.863318 0.018828 0.019363 -2.692878 141.380005
0.687647 9.385585 1.863318 0.040250 0.018896 -2.691850 141.479996
0.475552 9.271339 1.863318 0.050605 0.017200 -2.690883 141.600006
0.287537 9.176162 1.863318 0.044188 0.016558 -2.690206 141.705002
0.106274 9.090268 1.863318 0.106278 0.013571 -2.763565 141.804993
-0.086087 9.007532 1.863318 0.026385 -0.033144 -2.762501 141.910004
-0.274126 8.929523 1.863318 0.013440 -0.092868 -2.761643 142.014999
-0.497105 8.836692 1.863318 -0.091305 0.055227 -2.653717 142.145004
-0.683931 8.747551 1.878111 -0.033760 0.066426 -2.575447 142.255005
-0.864907 8.648781 1.877665 -0.232622 -0.103049 -2.167836 142.365005
-1.028532 8.533138 1.877223 -0.256155 -0.007303 -1.892956 142.485001
-1.168313 8.389571 1.890155 -0.306596 0.061906 -1.711819 142.619995
-1.266236 8.208492 1.889904 -0.254136 0.113635 -1.483292 142.770004
-1.303563 8.010307 1.877961 -0.211581 0.111206 -1.234983 142.919998
-1.287807 7.806658 1.900342 -0.201686 0.090722 -0.978720 143.070007
-1.222951 7.606406 1.885976 -0.152086 0.083772 -0.668949 143.225006
-1.126646 7.435417 1.845318 -0.053016 0.086956 -0.545843 143.369995
-1.007315 7.269513 1.844759 -0.069590 0.078850 -0.564141 143.514999
-0.876428 7.109620 1.844325 -0.039760 0.035907 -0.781484 143.654999
-0.722913 6.943654 1.843953 -0.116877 0.009133 -0.780998 143.804993
-0.552137 6.794260 1.843658 -0.061164 0.008293 -0.774661 143.955002
-0.390453 6.667944 1.843445 -0.006561 0.011521 -0.770443 144.089996
-0.226700 6.543238 1.843272 -0.034170 0.008886 -0.662849 144.225006
-0.060578 6.421385 1.858562 -0.004078 0.008822 -0.586788 144.360001
0.105548 6.299778 1.859972 -0.007368 0.007183 -0.514209 144.494995
0.291369 6.166082 1.844520 -0.025763 0.117636 -0.439306 144.645004
0.462228 6.053210 1.832266 -0.048768 0.163716 -0.361428 144.770004
0.663485 5.932674 1.832682 -0.069465 0.102286 -0.328614 144.899994
0.856104 5.830041 1.833013 -0.125025 0.073492 -0.243063 145.014999
1.041813 5.748166 1.833268 -0.145189 0.061855 -0.162957 145.119995
1.234839 5.680482 1.833484 -0.090270 0.053045 -0.135225 145.225006
1.432607 5.620953 1.833667 -0.034187 0.035166 -0.224742 145.330002
1.632973 5.564614 1.833822 0.000400 0.025466 -0.282205 145.434998
1.833809 5.507879 1.833953 0.059113 0.018519 -0.416931 145.539993
2.028119 5.445543 1.834064 0.090440 -0.124780 -0.587798 145.645004
2.220505 5.374435 1.834168 0.148592 -0.084909 -0.737916 145.759995
2.404795 5.288930 1.834263 0.121185 -0.009971 -0.827616 145.884995
2.578860 5.187972 1.834344 0.119749 0.019634 -0.828904 146.014999
2.748422 5.060959 1.834415 0.180370 0.034611 -0.995187 146.154999
2.887452 4.916652 1.834471 0.153306 0.043023 -1.144433 146.289993
3.016000 4.736550 1.834520 0.086902 0.041095 -1.251740 146.440002
3.114589 4.562406 1.854380 0.060234 0.036096 -1.331313 146.574997
3.203620 4.381016 1.853634 0.040562 0.027213 -1.282928 146.710007
3.286730 4.194658 1.852975 0.060669 0.020011 -1.275312 146.845001
3.362324 4.002653 1.852886 0.013221 -0.215980 -1.159119 146.985001
3.431359 3.812790 1.852886 -0.036123 -0.218896 -0.975854 147.160004
3.491691 3.621416 1.852886 -0.056982 -0.096656 -0.666921 147.455002
3.683943 3.684426 1.831923 -0.005671 0.166367 1.274576 149.104996
3.778595 3.863011 1.823549 0.033432 0.089808 1.335988 149.259995
3.872500 4.054089 1.823549 -0.049655 0.062194 1.417456 149.410004
3.951042 4.244524 1.823549 -0.030661 0.041411 1.355721 149.550003
4.024446 4.457392 1.823549 -0.012089 0.015788 1.229516 149.699997
4.094723 4.672282 1.823549 0.030729 0.003438 1.012594 149.850006
4.163353 4.861322 1.823549 0.101022 0.017489 0.817681 149.985001
4.257241 5.063987 1.823549 0.181745 -0.073122 0.509415 150.145004
4.380576 5.250528 1.823549 0.160656 -0.051350 0.413643 150.339996
4.524156 5.389639 1.845528 0.079485 -0.066319 0.442344 150.559998
4.692249 5.503390 1.845964 0.005984 -0.065619 0.639287 150.850006
4.867065 5.602446 1.846094 -0.025084 -0.052467 1.007548 151.324997
4.664214 5.588828 1.846094 0.079328 0.301641 -2.950459 154.070007
4.464287 5.557302 1.812946 0.094672 0.216443 -2.984431 154.205002
4.262941 5.537600 1.810842 0.077835 0.125945 -3.077728 154.320007
4.056261 5.526837 1.799639 0.040052 0.072442 3.117996 154.429993
3.853010 5.520365 1.800740 -0.040450 0.043142 3.095052 154.535004
3.648613 5.511654 1.801023 0.010774 -0.111697 -3.111320 154.639999
3.443038 5.503304 1.801023 -0.012649 -0.313164 -2.990900 154.755005
3.241528 5.498431 1.801023 -0.054639 -0.265760 -2.839065 154.899994
3.041069 5.500354 1.801023 -0.074524 -0.148727 -2.608696 155.119995
2.840635 5.515718 1.801023 -0.047270 -0.025446 -2.106071 155.600006
2.900414 5.324587 1.801023 0.003703 0.198438 -0.998942 157.354996
3.023757 5.144945 1.801023 -0.003319 0.071133 -1.164262 157.520004
3.136302 4.979416 1.801023 -0.015396 0.031704 -1.252195 157.660004
3.264360 4.783413 1.801023 0.049736 0.038374 -1.353999 157.820007
3.367309 4.603829 1.801023 0.084060 0.043007 -1.404536 157.960007
3.454655 4.422472 1.801023 0.091088 0.038363 -1.400378 158.095001
3.535872 4.212341 1.801023 0.078658 0.028272 -1.394413 158.244995
3.594972 4.017237 1.801023 0.086712 0.019772 -1.397455 158.380005
3.637844 3.810668 1.801023 0.071616 0.020513 -1.516657 158.520004
3.664074 3.608949 1.801023 0.041826 0.019590 -1.532551 158.654999
3.684207 3.390476 1.790829 0.023182 0.015936 -1.579770 158.800003
3.699522 3.186357 1.789795 -0.017817 0.011924 -1.568375 158.934998
3.717705 2.974615 1.788932 0.023487 0.012837 -1.585222 159.074997
3.731749 2.770371 1.788263 0.046697 0.014483 -1.661760 159.210007
3.738038 2.551100 1.787683 0.013961 0.016415 -1.684272 159.354996
3.737613 2.323680 1.787205 0.071462 0.105832 -1.734490 159.505005
3.725065 2.104184 1.786859 0.014719 0.163872 -1.739066 159.639999
3.707633 1.897744 1.786618 0.024450 0.107726 -1.732173 159.755005
3.685936 1.689962 1.786423 0.031332 0.066717 -1.726958 159.865005
3.660733 1.486903 1.786266 0.028934 0.044385 -1.722969 159.970001
3.631867 1.281668 1.786132 0.018691 0.033136 -1.719763 160.074997
3.600635 1.075339 1.786019 0.006071 0.026267 -1.717217 160.179993
3.562318 0.828978 1.785906 -0.006550 0.022166 -1.714851 160.304993
3.530500 0.621657 1.785827 -0.012927 0.020692 -1.713265 160.410004
3.499766 0.414044 1.785760 -0.015154 0.020690 -1.712005 160.514999
3.470360 0.206160 1.785703 -0.013870 0.020026 -1.710987 160.619995
3.436881 -0.041564 1.785645 -0.009466 0.020059 -1.710029 160.744995
3.409086 -0.259713 1.785603 -0.070358 0.003914 -1.646005 160.854996
3.387790 -0.465881 1.785568 -0.006011 -0.057078 -1.638746 160.960007
3.367764 -0.665752 1.785540 0.012190 0.030544 -1.645200 161.065002
3.346443 -0.866041 1.785516 0.009697 0.052648 -1.650435 161.169998
3.324120 -1.069530 1.785496 -0.057610 0.041357 -1.609032 161.274994
3.307303 -1.275447 1.785479 -0.076741 0.034709 -1.521795 161.380005
3.297398 -1.482750 1.785464 -0.010367 0.030381 -1.532754 161.485001
3.288069 -1.720933 1.785450 -0.012696 0.027077 -1.542629 161.604996
3.281456 -1.930078 1.785439 -0.019245 0.023468 -1.549498 161.710007
3.276949 -2.139559 1.785430 -0.020798 0.022731 -1.554994 161.815002
3.274689 -2.348825 1.785423 -0.017429 -0.019722 -1.559368 161.919998
3.274259 -2.553877 1.785416 -0.010768 0.000256 -1.562887 162.024994
3.276546 -2.795461 1.765043 -0.046188 0.041608 -1.505672 162.149994
3.284868 -2.997920 1.764523 -0.053368 -0.106176 -1.405049 162.255005
3.297791 -3.205425 1.764096 0.009437 -0.105036 -1.511698 162.369995
3.316153 -3.437810 1.732245 -0.087837 -0.049315 -1.398613 162.509995
3.341383 -3.641073 1.725458 0.007329 -0.015308 -1.520117 162.639999
3.367582 -3.839504 1.724973 -0.030228 0.000218 -1.505904 162.770004
3.399234 -4.043261 1.724565 -0.010517 0.007206 -1.494544 162.904999
3.429700 -4.252825 1.698185 0.020497 -0.048379 -1.562914 163.044998
3.455719 -4.451802 1.696960 -0.028180 -0.077820 -1.386034 163.184998
3.485900 -4.652360 1.695885 0.042863 -0.078126 -1.414257 163.339996
3.507470 -4.851523 1.712568 0.046513 -0.048619 -1.546622 163.509995
3.516066 -5.061863 1.739985 0.018734 -0.017057 -1.622348 163.705002
3.515306 -5.265617 1.754190 0.014918 -0.156166 -1.609327 163.904999
3.506955 -5.465997 1.754190 -0.027321 -0.115221 -1.310894 164.190002
3.477418 -5.663977 1.754190 -0.009041 0.000692 -0.138103 165.309998
3.677308 -5.644917 1.746773 0.018681 0.259439 0.176777 165.865005
3.877376 -5.622959 1.746684 -0.026206 0.114485 0.132154 166.024994
4.081965 -5.594618 1.746621 -0.034166 0.046484 0.071961 166.169998
4.293791 -5.559366 1.746570 -0.042748 0.017781 0.027965 166.315002
4.492553 -5.519963 1.746532 -0.024041 0.015985 0.049479 166.449997
4.690618 -5.481777 1.734774 0.048117 0.179923 -0.023361 166.580002
4.894969 -5.453846 1.726194 0.089640 0.139992 -0.070676 166.699997
5.096942 -5.439444 1.720348 0.058967 0.095240 -0.119996 166.809998
5.297486 -5.434121 1.720732 0.027156 0.064114 -0.103778 166.914993
5.502563 -5.432665 1.721058 0.032750 0.044642 -0.090839 167.020004
5.710021 -5.435151 1.721336 0.034573 0.033513 -0.080402 167.125000
5.948469 -5.442752 1.721601 0.027097 0.026075 -0.071038 167.244995
6.157617 -5.452673 1.721797 0.015730 0.023109 -0.064500 167.350006
6.366971 -5.464351 1.721964 0.002885 0.021702 -0.059245 167.455002
6.576450 -5.476436 1.722105 -0.007048 0.020362 -0.055035 167.559998
6.785992 -5.487838 1.722225 -0.013465 0.020116 -0.051687 167.664993
6.995602 -5.497916 1.722327 -0.014982 0.020359 -0.048978 167.770004
7.205175 -5.506523 1.722414 -0.012512 -0.001762 -0.046807 167.875000
7.411629 -5.513813 1.722489 -0.006634 -0.052789 -0.045072 167.979996
7.613433 -5.520230 1.722551 -0.003876 0.038722 -0.043666 168.085007
7.816899 -5.526426 1.722605 0.000220 0.044074 -0.042549 168.190002
8.042624 -5.533491 1.722654 0.003470 0.034984 -0.041586 168.304993
8.250454 -5.540479 1.722690 0.004429 0.028757 -0.040875 168.410004
8.459207 -5.548055 1.722722 0.003940 0.024214 -0.040309 168.514999
8.668399 -5.556146 1.709470 0.002489 0.022213 -0.039850 168.619995
8.877811 -5.564578 1.711492 0.000555 0.021132 -0.039482 168.725006
9.087348 -5.573141 1.713205 -0.001230 0.021682 -0.039186 168.830002
9.286093 -5.581699 1.682166 0.022285 -0.037728 -0.070291 168.929993
9.499455 -5.593160 1.665616 0.020191 0.024521 -0.075742 169.039993
9.712332 -5.607300 1.666253 0.069377 -0.008590 -0.133566 169.149994
9.919074 -5.627273 1.660897 0.023056 -0.122439 -0.144465 169.259995
10.117393 -5.653538 1.628067 0.142684 -0.083982 -0.349166 169.375000
10.329086 -5.699360 1.616350 -0.007647 -0.023620 -0.267205 169.509995
10.523814 -5.748936 1.593746 0.069916 -0.003642 -0.345404 169.639999
10.720989 -5.805058 1.594470 -0.089671 0.003893 -0.078613 169.774994
10.918077 -5.846728 1.595088 -0.063806 0.019541 0.107569 169.910004
11.130291 -5.876921 1.595627 -0.062529 0.031871 0.194924 170.054993
11.351396 -5.892432 1.596067 -0.103406 0.043241 0.293685 170.205002
11.573541 -5.886964 1.596419 -0.063815 0.040874 0.290295 170.354996
11.782322 -5.866659 1.596679 -0.074680 0.029532 0.275761 170.494995
11.983613 -5.834766 1.596884 -0.057981 0.016476 0.209524 170.630005
12.184311 -5.795383 1.597048 -0.039631 0.011474 0.163566 170.764999
12.414186 -5.742806 1.597199 -0.012296 0.112295 0.163204 170.919998
12.630516 -5.691834 1.597304 0.016419 0.158669 0.162964 171.054993
12.834742 -5.650008 1.597379 0.114632 0.104139 0.067792 171.169998
13.041419 -5.622368 1.597438 0.119245 0.070089 -0.028432 171.279999
13.244133 -5.609240 1.597485 0.109638 0.053526 -0.110127 171.384995
13.449218 -5.608653 1.597526 0.107961 0.045711 -0.191316 171.490005
13.654811 -5.620598 1.597561 0.110983 0.043302 -0.269709 171.595001
13.859607 -5.645386 1.597590 0.115781 0.042899 -0.343920 171.699997
14.072011 -5.685821 1.597616 0.126190 0.044869 -0.424050 171.809998
14.271452 -5.739089 1.597638 0.130649 0.045367 -0.497806 171.914993
14.466523 -5.806876 1.597656 0.130824 0.044701 -0.568099 172.020004
14.653953 -5.885790 1.597657 0.068305 -0.155342 -0.508688 172.125000
14.855048 -5.978983 1.597657 0.008033 -0.321828 -0.372560 172.255005
15.034325 -6.069032 1.597657 -0.043880 -0.238775 -0.205019 172.414993
15.209202 -6.167107 1.597657 -0.064745 -0.114945 0.067236 172.675003
15.375357 -6.281222 1.597657 -0.022746 -0.002156 0.868294 173.440002
15.467419 -6.099066 1.597657 -0.031769 0.249757 1.273617 174.179993
15.530437 -5.892136 1.597657 0.052666 0.094018 1.348940 174.350006
15.600664 -5.690035 1.597657 0.019855 0.038976 1.408878 174.500000
15.678672 -5.474722 1.597657 -0.033621 0.028842 1.477144 174.654999
15.741165 -5.283087 1.597657 -0.067033 0.029955 1.537949 174.789993
15.796577 -5.065565 1.597657 -0.052579 0.030842 1.564791 174.940002
15.833465 -4.866043 1.597657 -0.067864 0.027108 1.590682 175.074997
15.857864 -4.663898 1.597657 -0.054658 0.021556 1.576248 175.210007
15.873336 -4.436774 1.597657 -0.042409 0.174827 1.564623 175.354996
15.879435 -4.235460 1.597657 -0.027584 0.128749 1.557594 175.470001
15.882222 -4.029541 1.597657 -0.008839 0.079702 1.552299 175.580002
15.884097 -3.826175 1.597657 0.006124 0.050175 1.548272 175.684998
15.886786 -3.619492 1.597657 0.016375 0.035193 1.545064 175.789993
15.891589 -3.401279 1.597657 0.019812 0.026732 1.542385 175.899994
15.898770 -3.182333 1.597657 0.016530 0.018640 1.540238 176.009995
15.907093 -2.973367 1.597657 -0.050282 0.020115 1.590842 176.115005
15.910393 -2.764602 1.597657 -0.090323 0.024159 1.692194 176.220001
15.903882 -2.556562 1.597657 -0.098619 0.029091 1.782249 176.324997
15.888618 -2.349270 1.597657 -0.026510 0.029939 1.776633 176.429993
15.868305 -2.131783 1.597657 -0.035627 0.029338 1.767526 176.539993
15.843157 -1.914105 1.597657 -0.044711 0.026347 1.760269 176.649994
15.813890 -1.706582 1.597657 -0.041843 0.023024 1.754722 176.755005
15.779925 -1.499592 1.597657 -0.029706 0.014528 1.750262 176.860001
15.743000 -1.295063 1.597657 -0.012741 -0.051209 1.746698 176.964996
15.704223 -1.089418 1.597657 0.013347 -0.024713 1.738065 177.074997
15.669141 -0.887638 1.597657 0.035391 0.065502 1.684910 177.184998
15.638673 -0.680335 1.597657 0.058460 0.058777 1.645674 177.294998
15.614956 -0.477562 1.597657 0.038321 0.044848 1.644159 177.399994
15.592597 -0.242134 1.597657 0.035938 0.032910 1.642795 177.520004
15.574259 0.005446 1.597657 0.028446 0.025631 1.641693 177.645004
15.563291 0.224283 1.597657 0.097131 0.021371 1.549476 177.755005
15.562971 0.433129 1.597657 0.096060 0.023297 1.450688 177.860001
15.571052 0.640525 1.597657 0.056768 -0.024739 1.413892 177.964996
15.584354 0.841608 1.599245 0.058243 -0.069337 1.345227 178.070007
15.600093 1.045723 1.635184 -0.075805 0.054622 1.478114 178.179993
15.608148 1.244444 1.689068 -0.069733 0.059915 1.586812 178.285004
15.611287 1.466993 1.762426 -0.020769 0.044313 1.619686 178.399994
15.611155 1.692567 1.835621 -0.015638 0.035302 1.680505 178.514999
15.607973 1.889692 1.870613 -0.080843 -0.056055 1.757167 178.615005
15.596907 2.095958 1.858214 -0.159066 -0.105571 1.934272 178.725006
15.569465 2.298906 1.822543 -0.180543 -0.036466 2.092092 178.845001
15.524557 2.492957 1.877505 -0.016852 -0.012012 1.918192 178.970001
15.465816 2.702039 1.943855 -0.020214 -0.001209 1.867640 179.110001
15.409286 2.884837 2.003472 0.010623 -0.001913 1.703515 179.235001
15.352562 3.073118 2.062608 0.038715 0.004506 1.559028 179.365005
15.299783 3.267800 2.089141 0.058106 0.024010 1.476411 179.500000
15.255935 3.478383 2.087490 0.104008 0.042307 1.384993 179.645004
15.234064 3.676789 2.136155 0.075941 0.046537 1.372156 179.779999
15.228615 3.885618 2.190577 0.114136 0.036514 1.346414 179.919998
15.241688 4.085767 2.212782 0.054744 -0.126414 1.380667 180.054993
15.264854 4.291818 2.212782 -0.004832 -0.236564 1.553444 180.220001
15.295913 4.491920 2.212782 -0.045208 -0.129418 1.820464 180.475006
15.343583 4.686464 2.212782 -0.026527 -0.010336 2.542986 181.164993
15.214634 4.533086 2.178188 -0.026925 0.205088 -2.063576 182.845001
15.104352 4.368071 2.145185 -0.047079 0.095632 -1.886139 183.000000
14.997528 4.178941 2.110473 -0.063597 0.056640 -1.723976 183.154999
14.901806 3.975929 2.074147 -0.056575 0.047309 -1.670994 183.309998
14.829069 3.790622 2.042166 -0.077208 0.044423 -1.628618 183.445007
14.770281 3.598431 2.009856 -0.080158 0.038025 -1.604099 183.580002
14.725580 3.400922 1.977711 -0.063797 0.028321 -1.622196 183.714996
14.691038 3.192300 1.943745 -0.056623 0.019479 -1.636427 183.854996
14.665341 2.966373 1.918153 -0.034391 0.014294 -1.647589 184.005005
14.650077 2.761945 1.898316 -0.015217 0.042399 -1.626377 184.139999
14.638956 2.555167 1.892155 0.007953 0.169626 -1.619011 184.270004
14.627631 2.352460 1.885917 -0.014081 0.119832 -1.605144 184.384995
14.617792 2.136695 1.860456 -0.042785 0.024559 -1.566847 184.500000
14.613249 1.931675 1.860456 0.005154 -0.195441 -1.682032 184.610001
14.611078 1.717124 1.860456 0.050671 -0.303017 -1.823395 184.744995
14.614304 1.515535 1.860456 0.078821 -0.196785 -2.011879 184.925003
14.621653 1.313465 1.860456 0.029062 -0.096041 -1.760567 185.244995
14.640770 1.111542 1.847691 0.002218 0.286230 -1.484220 185.610001
14.663719 0.892458 1.835158 -0.021302 0.124258 -1.437225 185.794998
14.690340 0.690783 1.835529 -0.039880 0.059245 -1.411053 185.940002
14.725073 0.487413 1.835816 -0.007868 0.030972 -1.423449 186.080002
14.761729 0.288036 1.836039 -0.020507 0.016828 -1.465153 186.214996
14.802881 0.080391 1.836224 0.014672 0.034457 -1.480127 186.354996
14.839925 -0.121800 1.836364 0.016123 0.172856 -1.534525 186.485001
14.871681 -0.320951 1.836466 -0.027084 0.120220 -1.517673 186.600006
14.908162 -0.542926 1.836555 0.065721 0.075785 -1.554338 186.720001
14.937914 -0.773117 1.836630 0.112853 0.052779 -1.635149 186.839996
14.953712 -0.997567 1.836689 0.096521 0.044334 -1.669409 186.955002
14.956408 -1.203779 1.836717 0.094589 -0.037906 -1.768755 187.059998
14.949653 -1.408901 1.836717 0.080765 -0.257906 -1.883940 187.169998
14.940978 -1.627412 1.836717 0.101292 -0.277344 -2.035774 187.315002
14.938231 -1.830320 1.836717 0.104001 -0.157915 -2.245201 187.514999
14.947124 -2.032803 1.836717 0.066346 -0.035691 -2.653583 187.904999
14.769401 -1.932795 1.836717 0.018246 0.178508 2.206951 189.380005
14.615953 -1.762539 1.836717 0.051325 0.054450 2.347058 189.544998
14.471478 -1.585467 1.836717 0.029381 0.004194 2.493837 189.699997
14.348600 -1.427160 1.836717 0.006062 0.009146 2.575938 189.835007
14.224403 -1.269510 1.836717 -0.052885 0.031646 2.618237 189.970001
14.070453 -1.097565 1.836717 -0.108673 0.044709 2.677295 190.125000
13.920810 -0.963385 1.836717 -0.130073 0.046050 2.735248 190.259995
13.750469 -0.841752 1.846803 -0.092363 0.034344 2.741379 190.399994
13.555701 -0.726566 1.846333 -0.057496 0.020513 2.721984 190.550003
13.361306 -0.623299 1.845974 -0.022716 0.012058 2.650113 190.695007
13.176956 -0.529448 1.845703 -0.023614 0.144227 2.646154 190.830002
12.989758 -0.436333 1.845498 0.061167 0.147053 2.600305 190.955002
12.813861 -0.340447 1.845347 0.029738 0.101090 2.548748 191.065002
12.642241 -0.237735 1.845226 0.083034 0.064175 2.459648 191.169998
12.472237 -0.124404 1.845122 0.088737 0.047288 2.378477 191.274994
12.306682 -0.001233 1.845035 0.098479 0.039789 2.297922 191.380005
12.147045 0.131008 1.844960 0.080543 0.036143 2.253141 191.485001
11.986183 0.277970 1.844894 0.063910 0.035180 2.220227 191.595001
11.816723 0.446343 1.844834 0.058518 0.029397 2.233603 191.714996
11.679570 0.591920 1.844792 0.059784 0.025008 2.242504 191.815002
11.546391 0.741869 1.844756 0.051624 0.015633 2.249686 191.914993
11.411025 0.902108 1.844724 0.031314 -0.045848 2.255780 192.020004
11.259454 1.091170 1.852784 0.056476 0.022466 2.181630 192.145004
11.137298 1.253057 1.887294 0.001797 0.045020 2.189382 192.250000
11.013556 1.417616 1.921693 -0.007675 0.037673 2.195782 192.354996
10.893683 1.575673 1.954673 -0.007005 0.028564 2.200655 192.455002
10.772367 1.734333 1.987007 -0.004213 0.022270 2.204625 192.554993
10.650193 1.893252 1.987610 -0.000810 0.018714 2.207843 192.654999
10.527627 2.052351 1.985048 0.002413 0.017577 2.210455 192.755005
10.406445 2.212693 1.999369 0.081203 0.016717 2.128446 192.854996
10.291457 2.377064 1.996233 0.087843 0.018775 2.043412 192.955002
10.182211 2.544816 1.993538 0.062805 0.020301 2.012328 193.054993
10.073248 2.724144 1.991135 0.049421 0.022320 1.957174 193.160004
9.969309 2.906354 1.989087 0.031351 0.024192 1.967485 193.264999
9.873490 3.082004 2.005791 0.111127 0.022992 1.916434 193.365005
9.784596 3.260665 1.990468 0.000237 -0.055768 2.017760 193.464996
9.692905 3.448059 1.988605 0.015469 -0.275199 1.919647 193.574997
9.601659 3.628946 1.988605 0.054980 -0.299083 1.783519 193.705002
9.499339 3.817236 1.988605 0.080885 -0.179575 1.574092 193.904999
9.393903 3.988176 1.988605 0.067219 -0.058759 1.207595 194.255005
9.547353 4.125045 1.954714 0.024714 0.320215 0.031181 195.804993
9.751111 4.130011 1.944257 0.004920 0.232834 -0.040331 195.945007
9.950974 4.132162 1.924758 -0.007226 0.130093 -0.111048 196.059998
10.152766 4.131670 1.893039 0.044130 -0.068068 -0.248656 196.169998
10.353889 4.126805 1.859197 0.080626 -0.072597 -0.319463 196.285004
10.557097 4.112898 1.837436 0.148757 -0.020028 -0.426665 196.410004
10.761985 4.077642 1.829950 0.146810 0.025666 -0.515067 196.544998
10.956166 4.018412 1.804137 0.099293 0.031865 -0.531835 196.679993
11.149381 3.935653 1.788060 0.065558 0.026062 -0.561143 196.820007
11.330903 3.842827 1.789005 0.041261 0.015204 -0.481922 196.955002
11.531357 3.735005 1.767712 -0.054474 0.009069 -0.318276 197.104996
11.734638 3.636079 1.738407 -0.056140 0.016642 -0.180066 197.255005
11.920957 3.558909 1.707070 -0.094846 0.029673 -0.047325 197.389999
12.139755 3.487501 1.671065 0.016670 0.025935 -0.160026 197.544998
12.333808 3.429679 1.650677 -0.103592 0.026574 -0.090404 197.679993
12.532187 3.389114 1.638656 -0.071437 0.025557 -0.022480 197.815002
12.733265 3.360423 1.618359 0.035067 0.014302 -0.135077 197.949997
12.937101 3.327502 1.611132 -0.008877 -0.205407 -0.050331 198.089996
13.137737 3.290656 1.611132 -0.051033 -0.220758 0.132918 198.264999
13.332697 3.245501 1.611132 -0.064532 -0.094417 0.436587 198.554993
13.523033 3.183800 1.611132 0.072844 0.179143 1.501813 199.860001
13.590498 3.392583 1.611132 0.027727 0.224349 1.234269 200.210007
13.650156 3.586363 1.611132 0.016681 0.110055 1.142545 200.369995
13.719074 3.780433 1.611132 0.041849 0.054765 1.126398 200.514999
13.799491 3.971031 1.616671 0.102705 0.030180 1.012976 200.654999
13.906253 4.167902 1.656191 0.058801 0.024711 0.935602 200.804993
14.026596 4.362117 1.671817 -0.071043 0.161555 1.037144 200.955002
14.125901 4.537825 1.673690 -0.051150 0.144796 1.162389 201.074997
14.220179 4.715053 1.701633 0.018007 0.091581 1.171142 201.184998
14.325047 4.908140 1.698367 -0.002060 0.058722 1.182537 201.300003
14.422252 5.089285 1.695832 -0.095051 0.041460 1.224324 201.404999
14.516968 5.284862 1.693588 -0.078551 0.035451 1.241171 201.514999
14.599734 5.476314 1.691771 -0.075656 0.028439 1.237448 201.619995
14.675649 5.671414 1.690252 -0.062437 0.023009 1.234522 201.725006
14.747078 5.868660 1.688963 0.028115 0.018178 1.157672 201.830002
14.821916 6.075337 1.687810 -0.043883 0.018682 1.207398 201.940002
14.891423 6.284037 1.686825 -0.033370 0.019657 1.275694 202.050003
14.956451 6.483552 1.686029 0.078543 0.016560 1.168066 202.154999
15.026521 6.680898 1.685349 -0.046180 0.019809 1.269416 202.259995
15.095236 6.878861 1.684775 0.022391 0.019809 1.266927 202.365005
15.166203 7.076327 1.684285 0.023423 0.019221 1.260424 202.470001
15.236166 7.263809 1.683887 0.008666 0.020126 1.255437 202.570007
15.306186 7.451450 1.683550 -0.033319 0.019565 1.292570 202.669998
15.373782 7.639971 1.683259 -0.008593 0.019220 1.283745 202.770004
15.440729 7.828802 1.683010 -0.009272 0.018580 1.276599 202.869995
15.510013 8.026262 1.682786 -0.006522 -0.036195 1.265352 202.975006
15.578505 8.217733 1.682597 0.040054 -0.032304 1.186962 203.080002
15.647717 8.408559 1.682429 -0.128330 -0.114680 1.418431 203.190002
15.704608 8.603078 1.682276 -0.129582 -0.049471 1.545731 203.309998
15.748264 8.827534 1.682125 -0.132567 -0.000034 1.639005 203.455002
15.763992 9.032123 1.682011 -0.123629 0.023848 1.783591 203.589996
15.754471 9.264074 1.681908 -0.114268 0.032301 1.896231 203.744995
15.717158 9.499588 1.701669 -0.088592 0.029570 2.036081 203.904999
15.667258 9.693745 1.702300 -0.035756 0.031264 2.097392 204.039993
15.604354 9.884587 1.736829 -0.163694 0.031258 2.280841 204.175003
15.514708 10.068302 1.737398 -0.157110 0.054231 2.452787 204.315002
15.397564 10.232230 1.731067 -0.188160 0.065581 2.665391 204.455002
15.231286 10.386508 1.731684 -0.173936 0.075182 2.900474 204.615005
15.056850 10.492629 1.732129 -0.160297 0.078858 3.100269 204.759995
14.859772 10.567156 1.732493 -0.167671 0.080899 -2.975667 204.910004
14.659056 10.605814 1.732774 -0.108028 0.057666 -2.896509 205.054993
14.449467 10.619286 1.733007 -0.125655 -0.023919 -2.810776 205.205002
14.244315 10.605428 1.733201 -0.103849 -0.061835 -2.694992 205.365005
14.045813 10.569468 1.733368 -0.024382 -0.090989 -2.926712 205.544998
13.849861 10.524617 1.733517 0.019403 -0.084778 3.125110 205.759995
13.642006 10.477491 1.736039 -0.015398 0.006710 3.074155 206.054993
13.435675 10.439409 1.754681 0.043836 0.234006 3.067333 206.304993
13.233809 10.427000 1.764559 0.029560 0.116160 3.028532 206.464996
13.035133 10.426356 1.796292 0.016949 0.054874 3.042326 206.604996
12.835445 10.430037 1.828619 0.021390 0.030763 3.052393 206.740005
12.632587 10.438175 1.847585 0.055525 0.019788 3.020841 206.875000
12.428934 10.454342 1.857601 0.010867 0.087537 3.001762 207.009995
12.202409 10.476566 1.856355 0.032871 0.160788 2.994628 207.149994
11.997065 10.502836 1.855517 0.037312 0.105323 2.927944 207.264999
11.790895 10.532716 1.854841 -0.035552 0.065698 2.994368 207.375000
11.588441 10.558414 1.854296 -0.024078 0.045030 3.000248 207.479996
11.382893 10.582210 1.853831 -0.015559 0.033786 3.004992 207.585007
11.165771 10.605910 1.853424 -0.006831 0.026281 3.008898 207.695007
10.947807 10.629187 1.853077 -0.000282 0.022850 3.012029 207.804993
10.739436 10.651663 1.852798 0.004001 0.022006 3.014418 207.910004
10.531343 10.674775 1.852558 0.005848 -0.016678 3.016343 208.014999
10.286187 10.703064 1.852321 0.004548 0.026423 3.018144 208.139999
10.070030 10.728767 1.852147 -0.038372 0.027327 3.046487 208.250000
9.862650 10.750929 1.852006 -0.010709 0.025949 3.067115 208.354996
9.654562 10.771768 1.851887 -0.004763 0.023623 3.065598 208.460007
9.446053 10.792145 1.851786 -0.009314 0.022048 3.064394 208.565002
9.237251 10.811669 1.851699 -0.012321 0.020928 3.063424 208.669998
9.028259 10.830048 1.851626 -0.012074 0.020700 3.062655 208.774994
8.779555 10.850487 1.851554 -0.008101 -0.013888 3.061935 208.899994
8.564935 10.867272 1.851501 -0.004025 -0.077249 3.061434 209.009995
8.359214 10.882572 1.857986 -0.072407 -0.085071 -3.129826 209.119995
8.131338 10.890457 1.869214 -0.120935 -0.076486 -2.920001 209.250000
7.929656 10.882064 1.868799 -0.130737 -0.018130 -2.760210 209.375000
7.710552 10.849641 1.868409 -0.142341 0.026940 -2.596069 209.520004
7.518132 10.794689 1.868114 -0.135373 0.046641 -2.461334 209.654999
7.323546 10.708969 1.867862 -0.132339 0.052682 -2.321474 209.800003
7.149188 10.601524 1.867665 -0.130544 0.052882 -2.187489 209.940002
6.990527 10.472085 1.883382 -0.121908 0.053317 -2.059576 210.080002
6.849111 10.323551 1.907647 -0.092145 0.049526 -1.961723 210.220001
6.724555 10.159648 1.915080 -0.165663 0.048476 -1.789776 210.360001
6.628011 9.981419 1.913314 -0.166507 0.062781 -1.585937 210.500000
6.558354 9.771453 1.911742 -0.135865 0.070483 -1.416252 210.654999
6.525599 9.573819 1.928509 -0.123171 0.069227 -1.315876 210.794998
6.522084 9.343033 1.965021 -0.147517 0.065931 -1.157425 210.955002
6.556940 9.121584 2.001251 -0.137537 0.061852 -1.006052 211.110001
6.621423 8.921019 2.034333 -0.121513 0.056507 -0.875284 211.255005
6.709099 8.736316 2.067512 -0.120721 0.052222 -0.738378 211.395004
6.823550 8.557638 2.079767 -0.115294 0.050302 -0.603931 211.539993
6.954338 8.399596 2.083339 -0.113498 0.049979 -0.480312 211.679993
7.102877 8.257754 2.082317 -0.118989 0.049648 -0.363352 211.820007
7.267440 8.135290 2.081482 -0.137429 0.054340 -0.223528 211.960007
7.453112 8.033467 2.080792 -0.137661 0.056700 -0.087141 212.104996
7.658053 7.957461 2.080221 -0.135009 0.059026 0.057322 212.255005
7.857545 7.913643 2.079796 -0.112627 0.052753 0.154509 212.395004
8.068941 7.892687 2.079443 -0.089896 0.047972 0.238449 212.539993
8.283022 7.893227 2.079159 -0.098737 0.043679 0.296871 212.684998
8.482683 7.913217 2.078950 -0.098752 0.037474 0.354012 212.820007
8.680949 7.950910 2.078778 -0.045067 0.028447 0.358618 212.955002
8.908404 8.005157 2.078623 0.011862 0.015168 0.259728 213.110001
9.107575 8.052079 2.078513 0.020909 0.011617 0.151678 213.244995
9.329730 8.100036 2.078415 -0.001539 0.012362 0.093159 213.395004
9.527335 8.139551 2.078348 -0.004587 0.170776 0.071182 213.524994
9.747712 8.179589 2.078291 0.045082 0.133882 0.045855 213.654999
9.949702 8.210449 2.078251 0.071479 0.089015 0.022425 213.764999
10.150293 8.234060 2.078220 0.031066 0.057573 0.008875 213.869995
10.355048 8.253729 2.078194 0.041860 0.041114 0.009682 213.975006
10.562010 8.267373 2.074608 0.042535 0.013274 -0.011528 214.080002
10.792564 8.279681 2.032953 -0.102402 -0.134352 0.247969 214.199997
10.992429 8.300188 1.997639 -0.164174 -0.072276 0.447500 214.315002
11.195210 8.341995 1.962655 -0.183705 0.003624 0.621424 214.445007
11.385515 8.411779 1.932035 -0.141600 0.042409 0.740635 214.580002
11.574377 8.513575 1.924469 -0.112224 0.044784 0.798357 214.725006
11.740248 8.627516 1.901940 -0.054308 0.033098 0.795183 214.860001
11.907189 8.756941 1.882788 -0.038938 0.019668 0.773645 215.000000
12.081935 8.903451 1.854902 -0.024972 0.013225 0.756510 215.149994
12.248095 9.049459 1.857265 0.026564 0.007260 0.696205 215.294998
12.428696 9.201576 1.859316 0.030700 0.010309 0.588306 215.449997
12.605663 9.339028 1.860826 0.077053 0.164375 0.519072 215.595001
12.773828 9.455486 1.861853 0.005963 0.140304 0.509340 215.714996
12.966386 9.584467 1.862736 0.016298 0.083824 0.514883 215.839996
13.136492 9.695526 1.863355 0.031059 0.052071 0.518522 215.945007
13.320112 9.811111 1.863904 0.035983 0.034563 0.521572 216.054993
13.497554 9.916277 1.864349 0.115666 -0.121992 0.362797 216.160004
13.675309 10.008369 1.864743 0.114071 -0.104648 0.266220 216.270004
13.873983 10.095551 1.874854 0.112128 -0.042250 0.250834 216.399994
14.067432 10.165395 1.879636 0.151624 -0.025091 0.169657 216.529999
14.266416 10.212368 1.878696 0.190205 0.016745 -0.096170 216.664993
14.470979 10.225973 1.877915 0.105456 0.042614 -0.274807 216.804993
14.682185 10.213548 1.877263 0.108510 0.046304 -0.411133 216.949997
14.898330 10.175627 1.876729 0.102879 0.045757 -0.551477 217.100006
15.094792 10.117457 1.876329 0.113782 0.048173 -0.689493 217.240005
15.282568 10.036658 1.876008 0.126927 0.052895 -0.830069 217.380005
15.457751 9.932593 1.875748 0.136107 0.059072 -0.966135 217.520004
15.616562 9.805259 1.875539 0.132421 0.059565 -1.095049 217.660004
15.769822 9.639759 1.875356 0.131428 0.058875 -1.242380 217.815002
15.885236 9.471405 1.875224 0.129541 0.056835 -1.373821 217.955002
15.985581 9.268693 1.875108 0.130465 0.055902 -1.525373 218.110001
16.049772 9.074801 1.875025 0.101291 0.053320 -1.633240 218.250000
16.093275 8.873751 1.874958 0.080818 0.045366 -1.666901 218.389999
16.119236 8.675132 1.874906 0.091251 0.039375 -1.721001 218.524994
16.128021 8.474017 1.874864 0.092207 0.034237 -1.777779 218.660004
16.118118 8.257380 1.874827 0.059927 0.028996 -1.823093 218.804993
16.096262 8.055470 1.874799 0.052153 0.023092 -1.818125 218.940002
16.064413 7.853997 1.887825 0.041414 0.018657 -1.857502 219.074997
16.018084 7.631444 1.926834 0.007131 0.085594 -1.871429 219.225006
15.971057 7.426371 1.978175 0.003319 0.165090 -1.859713 219.354996
15.922833 7.226148 2.010577 0.008733 0.113165 -1.851635 219.470001
15.874498 7.033339 2.042325 0.009088 0.068844 -1.845882 219.574997
15.823338 6.835504 2.075469 0.031273 0.046288 -1.855175 219.679993
15.767495 6.635977 2.089806 0.017258 0.032210 -1.896105 219.785004
15.702952 6.416755 2.121537 -0.010284 0.024707 -1.887953 219.899994
15.641477 6.206123 2.155527 -0.010067 0.022047 -1.881731 220.009995
15.580744 5.987821 2.160014 -0.093766 -0.129227 -1.701443 220.125000
15.531443 5.775997 2.157988 -0.103132 -0.100554 -1.597017 220.244995
15.496204 5.571653 2.156235 -0.109952 -0.038757 -1.513432 220.369995
15.476056 5.353036 2.154647 -0.069526 0.000490 -1.470610 220.509995
15.471392 5.146207 2.153399 -0.051262 0.010788 -1.457361 220.645004
15.476474 4.940714 2.152389 -0.035957 0.013071 -1.468866 220.779999
15.488097 4.735700 2.129605 -0.023709 0.012761 -1.477539 220.914993
15.504802 4.531056 2.126277 -0.001687 0.009940 -1.475256 221.050003
15.524689 4.308065 2.125936 0.012063 0.164270 -1.503380 221.195007
15.541242 4.094974 2.125698 0.020438 0.137259 -1.508982 221.320007
15.553223 3.863434 2.125502 0.064230 0.080896 -1.590683 221.445007
15.556231 3.651476 2.125359 0.016950 0.052856 -1.590017 221.554993
15.556839 3.445427 2.125242 0.013878 0.038797 -1.589344 221.660004
15.555849 3.237448 2.125144 0.014087 0.029594 -1.588798 221.764999
15.552415 3.028532 2.125058 0.043275 0.024679 -1.631151 221.869995
15.544679 2.819382 2.124986 0.065073 0.022630 -1.675602 221.975006
15.527556 2.581113 2.124919 0.038744 0.022298 -1.755564 222.095001
15.503600 2.353771 2.124866 0.015466 0.023842 -1.788811 222.210007
15.478540 2.146363 2.142337 0.060185 0.025419 -1.823969 222.315002
15.451138 1.939135 2.142130 0.003799 0.022546 -1.767208 222.419998
15.419013 1.703464 2.154462 0.018931 -0.116747 -1.786753 222.539993
15.389714 1.496987 2.154462 0.044888 -0.314932 -1.907173 222.654999
15.361995 1.283298 2.154462 0.077865 -0.258013 -2.069479 222.809998
15.341897 1.070288 2.154462 0.079543 -0.131775 -2.148014 223.054993
15.317230 0.870930 2.154462 -0.004097 -0.042254 -1.566854 223.610001
15.341818 0.670887 2.135578 0.004225 0.318709 -1.300753 224.345001
15.390709 0.471857 2.103383 0.013335 0.286101 -1.387987 224.509995
15.435564 0.272268 2.072126 0.000155 0.166953 -1.466469 224.634995
15.480159 0.067819 2.039297 -0.059420 0.089710 -1.477531 224.750000
15.525583 -0.127123 2.006868 0.011511 0.060816 -1.518345 224.854996
15.570436 -0.326770 1.973808 0.019728 0.047750 -1.507267 224.960007
15.612841 -0.527676 1.966143 0.058914 -0.115360 -1.588741 225.065002
15.652377 -0.728789 1.966143 0.090275 -0.306291 -1.709162 225.179993
15.697586 -0.946355 1.966143 0.110266 -0.237025 -1.881939 225.345001
15.748889 -1.150853 1.966143 0.098087 -0.104555 -2.148958 225.600006
15.813980 -1.340301 1.966143 0.032998 -0.000378 -2.813889 226.235001
15.816462 -1.542875 1.954769 -0.023831 0.320157 -1.693207 229.279999
15.790990 -1.755851 1.920287 0.046502 0.285940 -1.658070 229.455002
15.764646 -1.958797 1.909375 0.046849 0.166485 -1.646305 229.580002
15.729982 -2.184837 1.909730 0.018078 0.091048 -1.651129 229.705002
15.697746 -2.383757 1.909980 -0.015210 0.058259 -1.654312 229.809998
15.666741 -2.587114 1.890873 -0.038205 0.040719 -1.656864 229.914993
15.639544 -2.793118 1.872841 -0.088383 0.030133 -1.630501 230.020004
15.617878 -3.050288 1.874170 -0.088425 0.027227 -1.560900 230.149994
15.609867 -3.258847 1.875063 -0.021798 0.025954 -1.551609 230.255005
15.606677 -3.467798 1.875826 -0.090949 0.023586 -1.465610 230.360001
15.610726 -3.676542 1.876470 -0.022678 0.026022 -1.468466 230.464996
15.617887 -3.885538 1.877020 -0.018306 0.024612 -1.475206 230.570007
15.626857 -4.084807 1.901469 -0.021863 0.023609 -1.480272 230.669998
15.638138 -4.284161 1.913175 -0.020936 0.022108 -1.484434 230.770004
15.651601 -4.483511 1.930877 -0.015616 0.021699 -1.487839 230.869995
15.666879 -4.682833 1.951686 -0.062408 0.019080 -1.450298 230.970001
15.688775 -4.891291 1.949254 -0.032196 0.010717 -1.408243 231.074997
15.715748 -5.103421 1.949254 0.001687 -0.209283 -1.523428 231.184998
15.743542 -5.302574 1.949254 0.047022 -0.317017 -1.649084 231.304993
15.776211 -5.501991 1.949254 0.077605 -0.224621 -1.821861 231.470001
15.817224 -5.705324 1.949254 0.053419 -0.108035 -1.753797 231.755005
15.835711 -5.919381 1.949254 0.021048 0.312869 -1.543383 232.255005
15.830669 -6.121550 1.949254 0.043361 0.318724 -1.580614 232.440002
15.822792 -6.324166 1.949254 -0.015730 0.205512 -1.582355 232.570007
15.817255 -6.529856 1.949254 -0.020466 0.113942 -1.583460 232.684998
15.814074 -6.748112 1.949254 -0.013666 0.065061 -1.584333 232.800003
15.812608 -6.952864 1.949254 -0.005828 0.044471 -1.584974 232.904999
15.811694 -7.160295 1.949254 0.001229 0.031572 -1.585501 233.009995
15.810544 -7.378938 1.949254 0.006272 0.025742 -1.585936 233.119995
15.808399 -7.618177 1.949254 0.008468 0.022783 -1.586300 233.240005
15.805369 -7.837784 1.949254 0.007468 0.021592 -1.586567 233.350006
15.801636 -8.047535 1.949254 0.004830 0.021297 -1.586769 233.455002
15.797153 -8.267358 1.949254 0.001735 0.020639 -1.586933 233.565002
15.792659 -8.477226 1.949254 -0.000909 0.020841 -1.587053 233.669998
15.788243 -8.687128 1.949254 -0.002755 0.019924 -1.587170 233.774994
15.784093 -8.896797 1.949254 -0.003520 -0.010342 -1.587250 233.880005
15.780338 -9.102714 1.949254 -0.003146 -0.074023 -1.587322 233.985001
15.776761 -9.308514 1.949254 0.056313 -0.074115 -1.663271 234.095001
15.766821 -9.510377 1.949254 0.102660 -0.078494 -1.859383 234.210007
15.742453 -9.720302 1.949254 0.127822 -0.023468 -2.020657 234.339996
15.703068 -9.916879 1.949254 0.146390 0.001869 -2.157625 234.470001
15.636151 -10.110240 1.949254 0.251270 0.057502 -2.512093 234.610001
15.531235 -10.282565 1.949254 0.067862 0.084332 -2.546404 234.755005
15.408708 -10.443028 1.949254 0.001333 0.052001 -2.405376 234.895004
15.259132 -10.629943 1.949254 0.003477 0.010602 -2.153357 235.054993
15.128366 -10.784997 1.958757 -0.000089 -0.057887 -2.095419 235.190002
14.992203 -10.938709 1.959158 -0.036403 -0.223429 -2.104374 235.339996
14.851728 -11.093585 1.959594 -0.030316 -0.188939 -2.113254 235.554993
14.709376 -11.234584 1.960075 -0.003335 -0.023530 -2.378231 236.169998
14.560867 -11.097788 1.944327 0.095884 0.230369 2.120686 237.854996
14.461239 -10.924150 1.945250 0.065925 0.114066 1.827958 238.020004
14.382176 -10.736169 1.940501 0.120698 0.070768 1.592732 238.169998
14.329227 -10.540627 1.940927 0.077125 0.066187 1.414894 238.315002
14.295327 -10.343042 1.941258 0.043070 0.059666 1.436136 238.455002
14.271816 -10.130266 1.941533 0.118316 0.044144 1.413329 238.600006
14.272064 -9.899312 1.935401 0.082540 0.031795 1.387142 238.755005
14.290568 -9.697455 1.948600 0.095070 0.023728 1.354561 238.889999
14.324115 -9.496755 1.948864 0.028794 -0.050761 1.375765 239.024994
14.363666 -9.300405 1.948864 -0.019632 -0.253885 1.527600 239.169998
14.412700 -9.092305 1.948864 -0.058653 -0.161503 1.763205 239.395004
14.472904 -8.897346 1.948864 -0.047366 -0.035242 2.244887 239.854996
14.256980 -8.973192 1.939078 0.026357 0.161451 -2.667929 241.544998
14.074464 -9.063794 1.939474 -0.102511 0.001567 -2.887216 241.690002
13.885876 -9.183473 1.933753 -0.121105 -0.019478 -2.872996 241.845001
13.715075 -9.322369 1.895353 0.032052 0.033980 -2.875603 241.994995
13.556843 -9.446211 1.896673 0.086509 0.052451 -2.865548 242.130005
13.387049 -9.556660 1.897743 0.122988 0.044044 -2.849165 242.264999
13.184621 -9.657139 1.898686 0.112284 0.024169 -2.835810 242.414993
12.993466 -9.728570 1.899373 0.076714 0.014663 -2.826769 242.550003
12.768279 -9.796120 1.900003 0.023912 0.012440 -2.819113 242.705002
12.573153 -9.849847 1.900428 -0.000280 0.170551 -2.814335 242.835007
12.374237 -9.906611 1.917711 -0.026136 0.136533 -2.810968 242.955002
12.179278 -9.966432 1.918993 0.034239 0.013907 -2.899102 243.065002
11.985194 -10.024471 1.920053 0.050702 -0.104214 -2.994563 243.175003
11.786654 -10.078638 1.921016 0.073498 -0.062340 -3.077951 243.294998
11.590346 -10.123266 1.921858 0.088147 -0.019172 3.132367 243.419998
11.383888 -10.156294 1.922601 0.094770 0.008296 3.060763 243.554993
11.179238 -10.174425 1.923203 0.045264 0.016723 3.069753 243.690002
10.944107 -10.184505 1.923753 0.038577 0.015504 3.086575 243.845001
10.716236 -10.185602 1.924175 0.027283 0.012983 3.098435 243.994995
10.509751 -10.181274 1.924481 0.014824 0.145678 3.106427 244.130005
10.301251 -10.174357 1.924711 0.001854 0.153908 3.112035 244.255005
10.101007 -10.170371 1.924877 -0.058391 0.093156 -3.084102 244.365005
9.892160 -10.174664 1.925017 -0.058771 0.062307 -3.020710 244.475006
9.688595 -10.185232 1.925133 -0.030525 0.046450 -3.015717 244.580002
9.463316 -10.203315 1.925240 -0.059336 0.036912 -2.937929 244.695007
9.247190 -10.228343 1.925325 -0.023206 0.030811 -2.945716 244.804993
9.011254 -10.262151 1.925403 -0.110713 0.028553 -2.854897 244.925003
8.787272 -10.306577 1.925465 -0.063155 0.027034 -2.827955 245.039993
8.567571 -10.358871 1.925477 -0.039309 -0.152311 -2.885700 245.154999
8.372006 -10.410741 1.925477 0.013194 -0.324092 -3.006121 245.270004
8.179077 -10.467039 1.925477 0.057817 -0.260353 3.119995 245.419998
7.988285 -10.531252 1.925477 0.075816 -0.133952 2.873918 245.654999
7.803993 -10.609029 1.925477 0.035845 -0.022511 2.648784 246.210007
7.617843 -10.689701 1.925477 -0.062088 0.311661 -2.639776 247.475006
7.444067 -10.795725 1.925477 0.015881 0.140650 -2.492237 247.654999
7.248865 -10.912418 1.925477 -0.002658 0.053846 -2.439741 247.820007
7.074284 -11.013212 1.917201 -0.032819 -0.136895 -2.426313 247.960007
6.899652 -11.115546 1.916420 -0.033702 -0.213547 -2.440460 248.125000
6.725389 -11.216547 1.915546 -0.022588 -0.161615 -2.454634 248.380005
6.804770 -11.027768 1.914467 0.021716 0.319570 0.896959 252.175003
6.934985 -10.863359 1.914467 0.002299 0.211378 0.822403 252.315002
7.079916 -10.684005 1.914467 -0.066456 0.106154 0.795843 252.445007
7.207009 -10.518463 1.914467 -0.043810 0.061545 0.807148 252.554993
7.329146 -10.353653 1.914467 0.000209 0.044410 0.815835 252.660004
7.453899 -10.187001 1.914467 0.034556 0.032307 0.822723 252.764999
7.582969 -10.021761 1.914467 0.051933 0.024849 0.828263 252.869995
7.710544 -9.867249 1.914467 0.052628 0.019785 0.832544 252.970001
7.848952 -9.708328 1.914467 0.039464 0.017254 0.836157 253.074997
7.983861 -9.559405 1.914467 0.021476 0.016215 0.838939 253.175003
8.120402 -9.411735 1.896474 0.021944 0.015474 0.831083 253.274994
8.258922 -9.265860 1.861527 0.026264 0.013776 0.781040 253.375000
8.399450 -9.122090 1.827259 0.002464 0.014916 0.758861 253.475006
8.540511 -8.978824 1.793449 0.005728 0.016355 0.758447 253.574997
8.682847 -8.837211 1.773431 0.043129 -0.064421 0.755227 253.675003
8.853314 -8.674596 1.773431 -0.016573 -0.303580 0.886119 253.800003
9.007248 -8.532825 1.773431 -0.061140 -0.287934 1.032718 253.940002
9.166208 -8.395654 1.773431 -0.082249 -0.163321 1.252616 254.149994
9.326137 -8.273036 1.773431 -0.059862 -0.041544 1.671470 254.550003
9.245808 -8.089402 1.773431 -0.055729 0.242868 2.602429 255.585007
9.073983 -7.986668 1.773431 -0.028663 0.107683 2.753447 255.744995
8.881355 -7.884514 1.773431 -0.051342 0.054024 2.889966 255.899994
8.681874 -7.793903 1.773431 -0.078016 0.040099 3.009925 256.049988
8.472450 -7.716741 1.773431 -0.053119 0.160707 3.038822 256.200012
8.276679 -7.656186 1.791251 -0.032391 0.169425 2.979646 256.325012
8.050740 -7.592800 1.791288 -0.020857 -0.030237 2.843843 256.454987
7.853271 -7.541545 1.791246 -0.051772 -0.092933 2.848146 256.570007
7.650437 -7.495852 1.791208 -0.020183 -0.049161 2.851902 256.695007
7.448280 -7.453690 1.791175 0.009464 -0.016135 2.854933 256.825012
7.247836 -7.407074 1.791147 0.038055 -0.185475 2.791706 256.959991
7.029356 -7.350117 1.791136 0.008323 -0.228849 2.922166 257.144989
6.836213 -7.291487 1.791136 -0.036081 -0.119772 -3.073057 257.420013
6.650926 -7.214046 1.791136 -0.014517 -0.001399 -2.093986 258.355011
6.800019 -7.352029 1.791136 -0.014788 0.319683 -0.694210 260.114990
6.958218 -7.483718 1.791136 -0.006083 0.243427 -0.621000 260.260010
7.119606 -7.613537 1.791136 -0.007455 0.134207 -0.543112 260.380005
7.281175 -7.739571 1.791136 -0.032554 0.077466 -0.465229 260.489990
7.459467 -7.870770 1.791136 -0.077983 0.055075 -0.383778 260.605011
7.629922 -7.984183 1.791136 -0.111295 0.051377 -0.310034 260.709991
7.807961 -8.086913 1.791136 -0.148503 0.054360 -0.235392 260.815002
7.993781 -8.174911 1.791136 -0.166666 0.056363 -0.162567 260.920013
8.186378 -8.248408 1.791136 -0.089574 0.047796 -0.179453 261.024994
8.383709 -8.313300 1.791136 -0.013402 0.030826 -0.260261 261.130005
8.601642 -8.382957 1.791136 0.024715 0.018888 -0.389568 261.244995
8.799546 -8.449724 1.791136 0.051830 0.019661 -0.490257 261.350006
8.994718 -8.522342 1.791136 0.082878 0.027292 -0.577604 261.454987
9.185440 -8.604063 1.791136 0.119777 0.037143 -0.663111 261.559998
9.369502 -8.698234 1.791136 0.146649 0.045892 -0.743992 261.665009
9.544743 -8.807032 1.791136 0.158559 0.050323 -0.818947 261.769989
9.709546 -8.930946 1.791136 0.163125 0.050271 -0.893692 261.875000
9.883327 -9.090268 1.791136 0.160918 0.033720 -0.985062 261.994995
10.033473 -9.256717 1.791136 0.062583 0.023913 -0.971832 262.109985
10.177337 -9.428533 1.791136 0.025789 0.036596 -0.891212 262.225006
10.335217 -9.617649 1.791136 -0.067359 -0.030906 -0.748381 262.350006
10.467919 -9.767736 1.800545 -0.080938 -0.128205 -0.637194 262.454987
10.612677 -9.920012 1.798816 -0.051404 -0.079546 -0.613613 262.575012
10.756691 -10.065083 1.772609 -0.042201 -0.036703 -0.714315 262.700012
10.928406 -10.226386 1.787128 -0.124551 -0.008032 -0.608337 262.850006
11.115843 -10.372504 1.771676 -0.026575 0.008288 -0.581127 263.005005
11.283188 -10.492249 1.746971 -0.161808 -0.000223 -0.353199 263.140015
11.464200 -10.593167 1.748751 -0.197600 0.028593 -0.060860 263.279999
11.678164 -10.663374 1.725428 -0.182009 0.071296 0.274244 263.440002
11.885862 -10.681096 1.724492 -0.179114 0.100727 0.583647 263.595001
12.089284 -10.650884 1.723813 -0.127796 0.113003 0.719828 263.750000
12.287859 -10.578757 1.723281 -0.151135 0.104242 0.894350 263.904999
12.459907 -10.473295 1.722882 -0.151823 0.092844 1.025219 264.049988
12.613561 -10.336104 1.722567 -0.146418 0.076066 1.157768 264.195007
12.749122 -10.167663 1.722309 -0.139030 0.064376 1.299341 264.345001
12.862441 -9.972571 1.729320 -0.136097 0.053614 1.441677 264.500000
12.945735 -9.769769 1.733271 -0.105535 0.050853 1.536778 264.649994
13.004438 -9.557343 1.732417 -0.104083 0.046052 1.634909 264.799988
13.040194 -9.331230 1.731714 -0.067041 0.041213 1.675201 264.954987
13.052229 -9.104366 1.731484 -0.064927 -0.152514 1.664839 265.109985
13.049561 -8.900444 1.731484 0.002703 -0.230426 1.486826 265.279999
13.037611 -8.699321 1.731484 0.044100 -0.115927 1.198864 265.554993
13.005384 -8.500683 1.731484 0.013662 0.000064 0.198851 266.510010
13.050961 -8.700208 1.732643 -0.008528 0.201717 -1.443804 268.440002
13.110343 -8.908715 1.722234 -0.007753 0.031733 -1.667808 268.644989
13.165225 -9.114726 1.722582 0.078140 -0.020445 -1.779179 268.834991
13.197366 -9.316970 1.722870 0.061445 0.065549 -1.819715 269.035004
13.197377 -9.520967 1.723073 0.066961 0.096570 -1.808701 269.225006
13.168056 -9.728557 1.723112 0.020950 -0.179805 -1.732157 269.404999
13.125587 -9.933457 1.723112 -0.033868 -0.143851 -1.470373 269.654999
13.069162 -10.125730 1.723112 -0.031189 -0.020667 -0.847328 270.250000
13.186945 -9.961462 1.723112 0.087627 0.146304 0.886118 272.149994
13.331688 -9.805776 1.723112 -0.008243 -0.057617 0.572956 272.320007
13.474953 -9.645318 1.731930 0.032615 -0.091793 0.337849 272.505005
13.607341 -9.492223 1.737019 0.069447 -0.094522 0.272310 272.714996
13.741826 -9.343444 1.739092 0.053285 -0.080520 0.283495 273.010010
13.883154 -9.200268 1.740623 0.008270 -0.023056 0.400511 273.850006
