-12.790309 4.022367 1.000000 -0.006137 0.319229 0.171737 0.000000
-12.571079 4.065061 1.000000 -0.014664 0.274648 0.247053 0.175000
-12.375420 4.108315 1.000000 0.000522 0.160380 0.319757 0.295000
-12.132842 4.165212 1.020573 -0.014491 0.076790 0.410027 0.430000
-11.936940 4.213186 1.021045 0.034416 0.048737 0.405231 0.535000
-11.736992 4.260618 1.037320 -0.003133 0.040602 0.391062 0.640000
-11.544883 4.307697 1.072260 -0.040239 0.035612 0.380204 0.740000
-11.343339 4.362416 1.073499 -0.060963 0.030694 0.370955 0.845000
-11.143149 4.424174 1.073032 -0.059986 0.025198 0.363609 0.950000
-10.916445 4.502803 1.072585 -0.040078 0.020809 0.356984 1.070000
-10.709704 4.578593 1.072241 0.063990 0.016164 0.260582 1.180000
-10.511065 4.645215 1.071963 0.043940 0.021131 0.197241 1.285000
-10.311116 4.706976 1.071725 0.026970 0.024482 0.203317 1.390000
-10.110701 4.765776 1.071524 0.042070 -0.027603 0.208147 1.495000
-9.876330 4.827987 1.071325 0.122737 0.026825 0.138348 1.620000
-9.668310 4.868854 1.071179 0.087530 0.049981 0.067350 1.730000
-9.465773 4.898692 1.071061 0.023951 0.043732 0.077977 1.835000
-9.260484 4.926003 1.070960 0.013760 0.033613 0.086682 1.940000
-9.053594 4.952097 1.070874 0.011005 0.026609 0.093610 2.045000
-8.845864 4.977292 1.070802 0.007944 0.023118 0.099185 2.150000
-8.637690 5.001904 1.070740 0.004317 0.021520 0.103655 2.255000
-8.399521 5.029784 1.070681 0.000648 0.020925 0.107668 2.375000
-8.191351 5.054273 1.070638 -0.000851 -0.015938 0.110447 2.480000
-7.987184 5.079868 1.070601 -0.076123 -0.000236 0.198289 2.585000
-7.786175 5.110386 1.070570 -0.062218 0.036866 0.218878 2.690000
-7.585005 5.147961 1.070543 -0.099624 0.039549 0.323089 2.795000
-7.386420 5.196806 1.070522 -0.138240 -0.087001 0.483110 2.900000
-7.162510 5.269393 1.085500 -0.155254 -0.087921 0.643214 3.030000
-6.974715 5.351093 1.084210 -0.179940 -0.017730 0.806365 3.155000
-6.797897 5.458483 1.083074 -0.169374 0.031115 0.951231 3.290000
-6.644032 5.587168 1.082154 -0.126415 0.045509 1.062320 3.425000
-6.488053 5.755968 1.081311 -0.090134 0.039536 1.108935 3.580000
-6.352620 5.934893 1.080666 -0.086562 0.031712 1.167053 3.730000
-6.235917 6.119216 1.080173 -0.039420 0.023220 1.185282 3.875000
-6.120413 6.323514 1.079752 -0.051102 0.017879 1.205978 4.030000
-6.020690 6.519857 1.079441 -0.028968 0.014223 1.190420 4.175000
-5.926014 6.719221 1.079194 -0.023152 0.011367 1.178890 4.320000
-5.843153 6.902594 1.079015 -0.013904 0.166322 1.171140 4.450000
-5.750080 7.114856 1.078865 -0.005512 0.131239 1.165105 4.585000
-5.668350 7.302611 1.107119 -0.000148 0.083112 1.161250 4.695000
-5.587003 7.488529 1.160735 0.004233 0.050903 1.158360 4.800000
-5.487211 7.713808 1.243859 0.005648 0.033545 1.155624 4.925000
-5.405674 7.895402 1.308730 0.004221 0.025403 1.153902 5.025000
-5.318959 8.086566 1.375515 0.001407 0.020626 1.152439 5.130000
-5.235761 8.268786 1.438905 -0.001787 0.019064 1.151320 5.230000
-5.152395 8.451149 1.493019 -0.045085 0.016529 1.177327 5.330000
-5.073005 8.635008 1.521573 -0.098302 0.018017 1.279717 5.430000
-5.000868 8.821230 1.550875 -0.024832 0.022095 1.286971 5.530000
-4.931312 9.008576 1.570483 -0.072976 0.020992 1.320452 5.630000
-4.865872 9.207333 1.567598 -0.146490 0.024994 1.453359 5.735000
-4.815612 9.408660 1.565115 -0.099113 0.034594 1.535666 5.840000
-4.776151 9.612105 1.563020 -0.045141 0.035127 1.521857 5.945000
-4.745340 9.813404 1.561224 -0.220007 -0.121410 1.795269 6.050000
-4.734649 10.014207 1.548924 -0.274689 -0.051159 1.986145 6.165000
-4.759434 10.214346 1.573505 -0.275004 0.035554 2.188334 6.295000
-4.831796 10.403258 1.608690 -0.227639 0.071055 2.351757 6.435000
-4.948107 10.584261 1.612441 -0.050241 -0.202789 2.316890 6.590000
-5.066709 10.752915 1.612441 -0.051604 -0.188155 2.521091 6.785000
-5.175473 10.922736 1.612441 -0.056318 -0.068635 2.887604 7.135000
-5.353941 11.013809 1.612441 -0.032338 0.319258 -3.019439 7.870000
-5.555661 10.983668 1.612441 -0.014401 0.312023 -3.027206 8.045000
-5.779080 10.949330 1.612441 -0.033830 0.172737 -3.000269 8.185000
-5.977103 10.917418 1.641850 0.026148 0.098890 -2.987069 8.295000
-6.175681 10.887542 1.677183 0.038111 0.061515 -2.991494 8.400000
-6.379334 10.860649 1.711501 0.030354 0.039932 -2.995029 8.505000
-6.585615 10.836330 1.712267 0.016663 0.029336 -2.997865 8.610000
-6.822894 10.810004 1.711254 0.000652 0.024977 -3.000438 8.730000
-7.031096 10.786716 1.710510 -0.008674 0.022769 -3.002208 8.835000
-7.239422 10.762205 1.709875 -0.012678 0.021379 -3.003642 8.940000
-7.447690 10.736086 1.709338 -0.012017 0.021252 -3.004782 9.045000
-7.655846 10.708441 1.708879 -0.008929 0.019808 -3.005708 9.150000
-7.863835 10.679657 1.708491 -0.003210 0.019756 -3.006445 9.255000
-8.071728 10.650306 1.708160 0.002023 0.017102 -3.007038 9.360000
-8.278516 10.621101 1.707881 0.005985 -0.036249 -3.007508 9.465000
-8.497671 10.590578 1.707624 0.007926 -0.026370 -3.007916 9.580000
-8.711797 10.559258 1.739332 -0.073975 0.057080 -2.915089 9.695000
-8.909287 10.521967 1.773684 -0.078713 0.055604 -2.823714 9.800000
-9.107809 10.475003 1.806949 -0.075630 0.045209 -2.741781 9.905000
-9.324746 10.413502 1.820114 -0.014010 0.036887 -2.716464 10.020000
-9.532970 10.350460 1.818209 -0.037146 0.031887 -2.716363 10.130000
-9.740733 10.282379 1.816598 -0.092503 0.029229 -2.668974 10.240000
-9.936580 10.209424 1.815309 -0.048711 0.028077 -2.673836 10.345000
-10.130377 10.130636 1.814201 -0.044451 -0.005868 -2.682004 10.450000
-10.318748 10.048713 1.813271 -0.035898 -0.064789 -2.688452 10.555000
-10.508268 9.962596 1.833936 0.064521 -0.099296 -2.825955 10.665000
-10.696294 9.883807 1.858681 0.141052 -0.085361 -3.033643 10.780000
-10.889202 9.820374 1.858016 0.160917 -0.016292 3.081005 10.905000
-11.091327 9.779786 1.857431 0.128564 0.030091 2.976948 11.040000
-11.299911 9.763583 1.856940 0.115713 0.038850 2.920342 11.180000
-11.501124 9.770146 1.856554 0.108951 0.036601 2.857954 11.315000
-11.708562 9.798193 1.856233 0.089234 0.030454 2.797484 11.455000
-11.906358 9.842289 1.855986 0.038550 0.023356 2.763381 11.590000
-12.111106 9.895097 1.855776 -0.027805 0.015176 2.889920 11.730000
-12.339890 9.949100 1.855592 -0.020834 0.011475 2.999070 11.885000
-12.541306 9.992326 1.855462 0.021161 0.142860 3.050152 12.020000
-12.744669 10.035674 1.855365 0.018537 0.155739 3.039265 12.145000
-12.940469 10.077544 1.855295 -0.017361 0.101772 3.031811 12.255000
-13.136893 10.116709 1.855237 -0.038695 0.065893 3.026088 12.360000
-13.338885 10.152501 1.855188 -0.046055 0.044109 3.021474 12.465000
-13.563757 10.186756 1.855144 -0.039533 0.029811 3.017518 12.580000
-13.790113 10.215958 1.872709 -0.096290 -0.073304 3.116519 12.695000
-13.996152 10.233034 1.899797 -0.147156 -0.118564 -2.971418 12.805000
-14.224785 10.233269 1.903624 -0.162693 -0.043208 -2.783870 12.940000
-14.426422 10.209821 1.901879 -0.160631 0.016710 -2.637067 13.070000
-14.622453 10.159561 1.900393 -0.149334 0.041729 -2.499815 13.205000
-14.813045 10.080442 1.899151 -0.134752 0.050480 -2.362187 13.345000
-14.996557 9.972472 1.898123 -0.126502 0.049130 -2.223407 13.490000
-15.157791 9.848131 1.897755 -0.100941 -0.110509 -2.077602 13.630000
-15.310531 9.716487 1.897755 -0.102705 -0.207270 -1.904809 13.795000
-15.467274 9.588036 1.897755 -0.090716 -0.097337 -1.627293 14.060000
-15.632620 9.475266 1.897755 -0.021710 0.003599 -0.810454 14.840000
-15.429085 9.471279 1.897755 -0.035660 0.227772 0.117217 16.139999
-15.230039 9.494565 1.897755 0.026414 0.097505 0.138935 16.295000
-15.030645 9.516195 1.897755 0.011890 0.046443 0.185795 16.434999
-14.816479 9.538109 1.897755 0.011184 0.025355 0.176257 16.580000
-14.591477 9.559650 1.897755 -0.009120 0.017099 0.168964 16.730000
-14.360865 9.584293 1.907185 -0.016689 0.171658 0.163634 16.879999
-14.155999 9.610331 1.914669 -0.020633 0.134307 0.160407 17.000000
-13.954638 9.641861 1.915696 -0.102062 0.084444 0.254115 17.110001
-13.728680 9.688479 1.916633 -0.013289 0.053685 0.258222 17.230000
-13.527554 9.732964 1.917323 -0.008636 0.037857 0.255282 17.334999
-13.324845 9.779579 1.917910 -0.068270 0.027864 0.295018 17.440001
-13.122494 9.831213 1.918409 -0.003120 0.024919 0.285955 17.545000
-12.919573 9.882574 1.918832 0.073700 0.020480 0.173520 17.650000
-12.715502 9.929204 1.919190 0.053988 0.020980 0.135747 17.754999
-12.481471 9.979110 1.919533 0.013429 0.023015 0.138563 17.875000
-12.266268 10.023157 1.919799 0.027562 0.023026 0.140738 17.985001
-12.050253 10.064278 1.920021 0.038064 0.021371 0.142457 18.094999
-11.843302 10.099720 1.920201 0.037120 0.020893 0.143765 18.200001
-11.645606 10.130075 1.920349 0.031144 0.019426 0.144774 18.299999
-11.398211 10.164382 1.920502 0.015029 -0.005893 0.145771 18.424999
-11.193642 10.191198 1.920610 0.001510 -0.071728 0.146424 18.530001
-10.987554 10.217898 1.920707 0.057769 -0.075380 0.065036 18.639999
-10.783051 10.239858 1.945226 0.091641 -0.094530 -0.068406 18.754999
-10.576921 10.250898 1.945130 0.128253 -0.036511 -0.253632 18.879999
-10.375681 10.243296 1.945049 0.138256 0.013368 -0.416823 19.010000
-10.175845 10.213368 1.944980 0.124892 0.036671 -0.511697 19.145000
-9.976278 10.158808 1.944922 0.102103 0.044564 -0.616688 19.285000
-9.776941 10.079480 1.944874 0.098571 0.042186 -0.674787 19.430000
-9.578973 9.975692 1.944834 0.095259 0.034850 -0.739445 19.580000
-9.383289 9.849572 1.944803 0.015906 0.021445 -0.702930 19.735001
-9.201350 9.726231 1.944780 -0.014663 0.011419 -0.569839 19.879999
-9.011539 9.599819 1.944760 0.020889 0.010036 -0.527252 20.030001
-8.823128 9.470525 1.944745 0.007588 0.009495 -0.535410 20.180000
-8.656643 9.354402 1.944734 -0.003919 0.166605 -0.540698 20.309999
-8.485510 9.237349 1.944725 -0.020481 0.134005 -0.544463 20.430000
-8.314661 9.124283 1.944720 -0.027823 0.082881 -0.547178 20.540001
-8.146059 9.015762 1.944719 -0.001775 -0.110241 -0.646888 20.645000
-7.975666 8.907146 1.944719 0.042787 -0.304949 -0.767319 20.760000
-7.802223 8.799784 1.944719 0.076327 -0.256132 -0.924403 20.910000
-7.627187 8.699513 1.944719 0.084862 -0.132058 -1.165266 21.139999
-7.446546 8.612118 1.944719 0.043613 -0.015246 -1.715062 21.665001
-7.617055 8.723107 1.944719 0.023483 0.319289 2.591761 24.000000
-7.794105 8.829104 1.944719 0.003082 0.207938 2.516440 24.135000
-7.968341 8.935755 1.944719 -0.071949 0.108533 2.497272 24.250000
-8.148361 9.039892 1.944719 -0.037079 0.066635 2.504828 24.360001
-8.326771 9.140286 1.944719 0.012937 0.046706 2.510571 24.465000
-8.514721 9.249040 1.944719 0.032470 -0.070791 2.570684 24.575001
-8.705091 9.363951 1.944719 -0.008298 -0.299845 2.696346 24.695000
-8.879235 9.473934 1.944719 -0.052600 -0.287217 2.842951 24.834999
-9.046513 9.588067 1.944719 -0.077508 -0.166060 3.057623 25.040001
-9.205617 9.711615 1.944719 -0.058409 -0.042258 -2.801453 25.445000
-9.362825 9.587448 1.931307 -0.000709 0.292605 -1.782780 26.870001
-9.416726 9.394678 1.900151 0.001835 0.311142 -1.870750 27.045000
-9.475544 9.189037 1.856867 -0.053999 0.175160 -1.930079 27.180000
-9.528196 8.988972 1.815145 -0.069746 0.098843 -1.916606 27.295000
-9.572514 8.794555 1.781601 -0.062823 0.060143 -1.867795 27.400000
-9.623786 8.545941 1.740083 0.015708 0.040853 -1.859245 27.530001
-9.667182 8.345045 1.733884 0.019207 -0.130774 -1.769048 27.635000
-9.713066 8.145724 1.733884 -0.023611 -0.319443 -1.648617 27.750000
-9.763117 7.947217 1.733884 -0.065280 -0.259580 -1.491532 27.900000
-9.820052 7.753373 1.733884 -0.079934 -0.136130 -1.250669 28.129999
-9.890717 7.565319 1.733884 -0.043620 -0.017262 -0.700874 28.655001
-9.766966 7.738245 1.733884 0.010027 0.319035 0.989186 30.825001
-9.653970 7.903389 1.733884 0.003744 0.204306 0.985657 30.955000
-9.538883 8.072829 1.755306 -0.072194 0.118389 1.043998 31.070000
-9.428683 8.249724 1.769302 -0.082710 0.068089 1.139821 31.180000
-9.327539 8.427257 1.768678 -0.003686 0.044963 1.148373 31.285000
-9.226322 8.608283 1.784840 -0.065062 0.033186 1.186060 31.389999
-9.128727 8.792777 1.789974 -0.024397 0.027587 1.192284 31.495001
-9.033425 8.979467 1.788600 -0.023695 0.024091 1.181839 31.600000
-8.942260 9.157659 1.787485 0.056176 0.016102 1.063201 31.700001
-8.842600 9.338803 1.786484 0.098500 -0.137062 0.862031 31.805000
-8.740026 9.510267 1.812798 0.122242 -0.105596 0.756221 31.915001
-8.622514 9.680789 1.812607 0.161761 -0.030245 0.582321 32.040001
-8.482417 9.847603 1.821180 0.123101 0.010453 0.554513 32.180000
-8.336583 9.991698 1.819385 0.091150 0.025852 0.535052 32.314999
-8.183578 10.121088 1.819035 0.044843 -0.183576 0.636910 32.450001
-8.014937 10.252593 1.819035 -0.019194 -0.223766 0.825411 32.630001
-7.850945 10.371817 1.819035 -0.029941 0.200346 0.691995 32.865002
-7.692751 10.495664 1.819035 -0.021565 0.140309 0.528800 33.044998
-7.535865 10.623144 1.819035 -0.026831 0.061168 0.438715 33.195000
-7.380539 10.750484 1.819035 0.069065 0.041751 0.316067 33.334999
-7.203287 10.878610 1.819035 0.089428 0.051714 0.244855 33.485001
-7.019047 10.987491 1.827122 0.126023 0.046571 0.199795 33.630001
-6.808561 11.076126 1.830355 0.178752 0.053017 0.009860 33.785000
-6.601853 11.121758 1.829650 0.150601 0.054475 -0.139252 33.930000
-6.397794 11.135087 1.829105 0.124698 0.050430 -0.284286 34.070000
-6.193150 11.122538 1.828665 0.110730 0.047474 -0.415322 34.209999
-5.990858 11.086926 1.828310 0.108142 0.045199 -0.551596 34.349998
-5.780056 11.024420 1.828009 0.111823 0.047298 -0.690380 34.500000
-5.592092 10.943246 1.827784 0.117890 0.050281 -0.826388 34.639999
-5.416561 10.839346 1.827604 0.138210 0.058363 -0.970529 34.779999
-5.252776 10.707044 1.827454 0.140858 0.061178 -1.116610 34.924999
-5.115347 10.557431 1.827336 0.139220 0.061512 -1.251644 35.064999
-4.989393 10.370666 1.827235 0.121309 0.058712 -1.373050 35.220001
-4.897284 10.187240 1.827161 0.091485 0.049108 -1.425566 35.360001
-4.824747 10.000686 1.827104 0.095505 0.040745 -1.476166 35.494999
-4.769473 9.807125 1.827058 0.137285 0.036698 -1.594996 35.630001
-4.737787 9.609450 1.827020 0.128255 0.040723 -1.739770 35.764999
-4.730909 9.381064 1.826985 0.121298 0.042705 -1.906225 35.919998
-4.750703 9.176688 1.826960 0.115930 0.046777 -2.047733 36.060001
-4.793800 8.976237 1.826940 0.075062 0.044880 -2.120544 36.200001
-4.852765 8.777594 1.826924 0.072000 0.039018 -2.128662 36.340000
-4.932271 8.567876 1.826910 0.058950 0.030967 -2.147701 36.490002
-5.020157 8.375877 1.806000 0.053084 0.021281 -2.132148 36.630001
-5.110970 8.200850 1.771726 0.043256 0.015659 -2.121262 36.761002
-5.208580 8.028764 1.738549 0.025519 0.012256 -2.113036 36.889999
-5.315778 7.844274 1.704045 -0.036968 0.008948 -2.005602 37.029999
-5.410233 7.669656 1.672441 -0.062048 0.128247 -1.915613 37.160000
-5.497732 7.483605 1.640199 -0.015200 0.157350 -1.864445 37.285000
-5.592159 7.267514 1.602883 0.002602 0.097953 -1.878125 37.415001
-5.673929 7.073646 1.569412 -0.063284 0.062761 -1.826605 37.525002
-5.744914 6.883729 1.564881 -0.131819 -0.092340 -1.689275 37.630001
-5.805895 6.685303 1.566801 -0.134041 -0.093009 -1.611318 37.744999
-5.857243 6.451668 1.568754 -0.128576 -0.024209 -1.530350 37.889999
-5.881788 6.234787 1.570279 -0.112278 0.006235 -1.456554 38.029999
-5.884998 6.013959 1.571545 -0.051357 0.015835 -1.427272 38.174999
-5.873032 5.786956 1.572590 -0.071766 0.017813 -1.365140 38.325001
-5.850778 5.583786 1.573343 -0.020341 0.015939 -1.367063 38.459999
-5.822376 5.381130 1.573949 -0.048126 0.015442 -1.296718 38.595001
-5.785110 5.180441 1.590839 -0.026409 0.174841 -1.263611 38.724998
-5.741096 4.985240 1.591091 -0.012657 0.130715 -1.218899 38.840000
-5.691773 4.786399 1.614601 0.015533 0.080373 -1.232498 38.950001
-5.642635 4.589804 1.634909 -0.046650 0.054449 -1.204905 39.055000
-5.589054 4.390689 1.664770 0.019769 0.016432 -1.248022 39.160000
-5.526567 4.159636 1.664770 -0.041499 -0.233568 -1.117118 39.285000
-5.474621 3.965525 1.664770 -0.077597 -0.304326 -0.986214 39.410000
-5.426746 3.770362 1.664770 -0.095228 -0.197100 -0.802949 39.584999
-5.387544 3.572644 1.664770 -0.079135 -0.072842 -0.483544 39.889999
-5.207576 3.668344 1.664770 0.005561 0.165708 1.059077 41.480000
-5.104333 3.846953 1.664770 -0.082191 0.066819 1.098654 41.630001
-5.007638 4.052147 1.648289 -0.164144 0.019800 1.253922 41.785000
-4.947034 4.249638 1.649221 -0.142124 0.028974 1.466719 41.924999
-4.912745 4.453662 1.644831 -0.098536 0.032013 1.640312 42.064999
-4.898045 4.660452 1.622789 -0.079707 0.030566 1.788216 42.205002
-4.899907 4.860071 1.663891 -0.087267 0.033349 1.928410 42.340000
-4.920185 5.064967 1.663369 -0.103324 -0.008079 2.044650 42.480000
-4.956772 5.264332 1.663369 -0.060889 -0.236860 1.908522 42.630001
-5.002728 5.462302 1.663369 0.005500 -0.176061 1.683385 42.845001
-5.061033 5.654569 1.663369 0.035025 -0.050935 1.222604 43.285000
-4.880556 5.745673 1.663369 0.008209 0.234151 -0.061268 44.750000
-4.656357 5.736146 1.672764 0.031733 0.098008 -0.090410 44.924999
-4.456340 5.720029 1.667346 0.021626 0.048267 -0.094343 45.064999
-4.256792 5.700143 1.667437 0.024901 0.024230 -0.051856 45.200001
-4.047366 5.675426 1.666644 0.035122 0.056540 -0.066414 45.340000
-3.833612 5.644569 1.666025 0.019539 0.169019 -0.076961 45.474998
-3.631138 5.614306 1.665591 -0.082249 0.113277 -0.023554 45.590000
-3.425521 5.593627 1.665242 -0.112175 0.076665 0.082614 45.700001
-3.184852 5.586481 1.664911 -0.082403 0.055966 0.146111 45.825001
-2.979658 5.590374 1.664679 -0.023559 0.041835 0.158222 45.930000
-2.772619 5.598206 1.664481 -0.014009 0.033853 0.142598 46.035000
-2.564387 5.608195 1.664315 -0.020619 0.028265 0.130155 46.139999
-2.355600 5.620772 1.649805 -0.022957 0.024457 0.120221 46.244999
-2.146634 5.636039 1.649499 -0.018192 0.022878 0.112334 46.349998
-1.937642 5.653472 1.649238 -0.010902 0.020930 0.105990 46.455002
-1.728905 5.674024 1.649014 -0.079434 0.022473 0.181486 46.560001
-1.521273 5.702107 1.648821 -0.006976 0.020478 0.209930 46.665001
-1.294265 5.735573 1.648643 -0.005872 0.020213 0.229229 46.779999
-1.089859 5.768204 1.648506 -0.097097 -0.120160 0.374245 46.884998
-0.892370 5.805773 1.648383 -0.035412 -0.111801 0.350219 46.994999
-0.694133 5.844923 1.648272 0.026015 -0.060116 0.213299 47.115002
-0.489898 5.881374 1.648172 0.033710 -0.022908 0.098811 47.244999
-0.290824 5.911692 1.648092 0.049573 -0.000509 0.001389 47.375000
-0.063678 5.937479 1.648015 0.007452 0.010675 -0.040158 47.525002
0.140235 5.955003 1.647960 0.059257 0.017173 -0.116207 47.660000
0.344222 5.964286 1.647916 0.019436 0.017418 -0.097288 47.794998
0.563990 5.969489 1.647878 0.027462 0.016637 -0.081811 47.939999
0.765089 5.965104 1.647850 0.078020 0.172641 -0.156213 48.070000
0.969395 5.948920 1.647829 0.020311 0.140730 -0.160288 48.189999
1.170582 5.925179 1.647812 0.130873 0.089606 -0.281947 48.299999
1.376204 5.885139 1.647798 0.049838 0.064018 -0.334230 48.410000
1.593027 5.831137 1.647786 0.067711 0.046723 -0.402029 48.525002
1.788898 5.773643 1.647784 0.035717 -0.125014 -0.310802 48.630001
1.983127 5.712180 1.647784 -0.010855 -0.317785 -0.190371 48.744999
2.176652 5.646044 1.647784 -0.057744 -0.259050 -0.033286 48.895000
2.368114 5.571990 1.647784 -0.075769 -0.135905 0.212813 49.130001
2.551481 5.484349 1.647784 -0.040527 -0.015401 0.788789 49.680000
2.348599 5.505883 1.647784 -0.007203 0.227137 2.825796 51.755001
2.155202 5.558876 1.647784 -0.033229 0.098488 2.875999 51.910000
1.960153 5.606036 1.647784 -0.046914 0.046663 2.909520 52.049999
1.763633 5.645247 1.651040 -0.047604 0.024453 2.933504 52.185001
1.548439 5.682027 1.665528 0.009334 0.017275 2.871441 52.330002
1.332545 5.720978 1.665107 0.022115 0.013702 2.802869 52.474998
1.112802 5.767899 1.680694 0.062158 -0.086870 2.677403 52.625000
0.916180 5.820093 1.680390 0.092612 -0.101883 2.527180 52.775002
0.726032 5.886140 1.680078 0.096676 -0.073150 2.401169 52.950001
0.545854 5.973498 1.679798 0.077165 -0.051610 2.289925 53.160000
0.372671 6.091826 1.679549 0.047606 -0.039644 2.191952 53.430000
0.226074 6.231427 1.679374 0.038143 0.274439 2.114459 53.724998
0.108662 6.393603 1.679299 0.014007 0.161538 1.994820 53.910000
0.000012 6.563856 1.679252 0.020386 0.071427 1.864554 54.060001
-0.100403 6.737090 1.679216 0.058831 0.045196 1.727484 54.200001
-0.190633 6.919266 1.679188 0.097067 0.046962 1.591605 54.340000
-0.263926 7.116122 1.679164 0.139932 0.062761 1.445104 54.485001
-0.306721 7.320022 1.679146 0.161176 0.075203 1.299204 54.630001
-0.312631 7.541904 1.679130 0.155838 0.073807 1.150366 54.785000
-0.281062 7.747946 1.679119 0.147754 0.067489 1.006014 54.930000
-0.208359 7.967636 1.679108 0.127561 0.058191 0.852436 55.090000
-0.116700 8.149517 1.679102 0.125181 0.055277 0.714148 55.230000
-0.001785 8.318572 1.679095 0.120260 0.052093 0.583662 55.369999
0.148076 8.489673 1.679090 0.101982 0.047311 0.497750 55.525002
0.317048 8.644956 1.679087 0.088400 0.041142 0.434957 55.680000
0.495973 8.779672 1.679083 0.092480 0.034711 0.376534 55.830002
0.687765 8.897474 1.679080 0.090457 0.029574 0.311466 55.980000
0.889907 8.997798 1.679079 0.082676 0.025744 0.244025 56.130001
1.092785 9.078819 1.679079 0.077310 0.023730 0.174007 56.275002
1.308409 9.146723 1.679079 0.073678 0.023039 0.098135 56.424999
1.506571 9.194233 1.679079 0.078698 0.092346 0.033932 56.560001
1.707318 9.229555 1.679079 0.031795 -0.177654 0.133419 56.695000
1.908589 9.258582 1.679079 -0.019190 -0.236421 0.306212 56.860001
2.109935 9.279634 1.679079 -0.052244 -0.119617 0.583728 57.125000
2.309919 9.282676 1.679079 -0.021149 -0.003660 1.405803 57.910000
2.167924 9.427567 1.679079 -0.005355 0.318519 2.469304 59.360001
2.005452 9.556235 1.679079 -0.020871 0.233463 2.559243 59.505001
1.839194 9.680450 1.679079 -0.020589 0.130046 2.644793 59.625000
1.672288 9.799153 1.689208 -0.047188 0.079013 2.727286 59.735001
1.503996 9.910339 1.724691 -0.087433 0.058861 2.807272 59.840000
1.327967 10.013906 1.750831 -0.085395 0.052085 2.865652 59.945000
1.145413 10.109383 1.784660 -0.074347 0.049290 2.855275 60.049999
0.957280 10.197784 1.784073 -0.095950 0.038678 2.847147 60.154999
0.726730 10.291207 1.783491 -0.097081 0.026957 2.839616 60.279999
0.528672 10.359534 1.783079 -0.072936 0.021860 2.834580 60.384998
0.318487 10.423657 1.782715 -0.037538 -0.004504 2.830389 60.494999
0.120082 10.481477 1.782541 0.029347 -0.127531 2.781253 60.599998
-0.091890 10.546434 1.782541 0.001923 -0.322380 2.912144 60.724998
-0.283047 10.610029 1.782541 -0.044241 -0.259804 3.069215 60.875000
-0.480898 10.685046 1.782541 -0.068422 -0.131298 -2.952187 61.125000
-0.662076 10.770823 1.782541 -0.035779 -0.012927 -2.334378 61.715000
-0.621767 10.569462 1.782541 -0.022472 0.318697 -1.158044 63.235001
-0.528553 10.370271 1.782541 -0.022799 0.221640 -1.140722 63.384998
-0.439761 10.188769 1.782541 -0.020930 0.127942 -1.130593 63.500000
-0.346215 10.003551 1.782541 -0.016640 0.071948 -1.122989 63.610001
-0.242673 9.806328 1.782541 -0.084231 -0.086295 -0.972990 63.724998
-0.141192 9.631506 1.782541 -0.109571 -0.111147 -0.861818 63.834999
-0.028841 9.462704 1.782541 -0.121712 -0.052627 -0.766585 63.955002
0.104793 9.294912 1.782541 -0.113489 -0.007384 -0.681119 64.089996
0.242439 9.148968 1.782541 -0.048975 0.006821 -0.682847 64.220001
0.391628 9.005874 1.782541 -0.044128 0.009125 -0.659769 64.355003
0.545865 8.869081 1.782541 -0.023288 0.009464 -0.670878 64.489998
0.702872 8.735476 1.782541 -0.039341 0.009600 -0.655133 64.625000
0.864954 8.608788 1.782541 -0.078441 0.011569 -0.502776 64.760002
1.034350 8.494256 1.782541 -0.015087 0.013920 -0.431790 64.894997
1.205880 8.382548 1.782541 -0.018216 0.012440 -0.473187 65.029999
1.392635 8.266462 1.782541 -0.053294 0.016612 -0.375105 65.175003
1.571590 8.167377 1.782541 -0.079102 0.017615 -0.324995 65.309998
1.755074 8.076792 1.782541 -0.065409 0.018447 -0.304142 65.445000
1.940422 7.994071 1.782541 -0.013008 -0.237810 -0.450740 65.584999
2.127147 7.917073 1.782541 0.036231 -0.201922 -0.644460 65.769997
2.316036 7.848736 1.782541 0.053308 -0.081375 -0.984779 66.095001
2.157421 7.720458 1.782541 -0.005327 0.161099 -2.916051 68.050003
1.963357 7.666605 1.782541 0.040514 0.065572 -2.898370 68.195000
1.763395 7.618794 1.782541 0.051829 -0.005197 -2.857432 68.334999
1.564224 7.580431 1.782541 0.022911 -0.071695 -2.806546 68.474998
1.365138 7.548200 1.782541 -0.023989 -0.120055 -2.754990 68.625000
1.166895 7.515825 1.782541 -0.071666 -0.113979 -2.651283 68.800003
0.967826 7.469738 1.782541 -0.067501 -0.074726 -2.526577 69.029999
0.777412 7.402033 1.782541 -0.021769 -0.035989 -2.508433 69.339996
0.594670 7.315886 1.782541 -0.047719 0.209459 -2.440995 69.745003
0.437786 7.182929 1.782485 -0.035456 0.209510 -2.328942 69.980003
0.294772 7.040947 1.778417 -0.028842 0.094926 -2.210839 70.135002
0.151094 6.890823 1.778460 0.025076 0.042883 -2.218267 70.279999
-0.010952 6.726155 1.778494 0.006762 0.183375 -2.230691 70.430000
-0.152408 6.584130 1.759408 0.073914 0.126183 -2.352562 70.544998
-0.299684 6.444361 1.759410 -0.011622 -0.077351 -2.260015 70.654999
-0.450094 6.302294 1.759410 -0.058459 -0.288416 -2.134359 70.775002
-0.597859 6.165825 1.759410 -0.087548 -0.248124 -1.977289 70.925003
-0.751406 6.033657 1.759410 -0.089807 -0.123486 -1.731212 71.160004
-0.911820 5.913929 1.759410 -0.039042 -0.019081 -1.495607 71.705002
-1.108283 5.860326 1.759410 -0.104955 0.334032 3.138970 73.235001
-1.305930 5.828952 1.759410 0.003134 0.151456 -3.023354 73.404999
-1.508940 5.803128 1.759410 0.167537 0.031471 -3.020435 73.550003
-1.720890 5.806318 1.759410 0.121633 0.008541 -3.055835 73.695000
-1.920044 5.831530 1.759410 0.045559 0.015695 -3.080839 73.830002
-2.142796 5.864883 1.759410 -0.064322 0.026487 -3.021472 73.980003
-2.366938 5.884052 1.759410 -0.058442 0.030558 -2.979928 74.129997
-2.599746 5.885235 1.759410 -0.059948 0.026692 -2.955262 74.285004
-2.819211 5.871682 1.759410 -0.043935 0.146383 -2.971215 74.430000
-3.024973 5.849132 1.759410 -0.036668 0.157610 -2.981553 74.555000
-3.259549 5.814780 1.759410 -0.091355 0.094328 -2.922006 74.684998
-3.456411 5.775048 1.759410 -0.080308 0.061574 -2.835454 74.790001
-3.655158 5.725353 1.759410 -0.042090 0.040583 -2.767353 74.894997
-3.910686 5.651556 1.759410 -0.026926 0.031339 -2.696121 75.029999
-4.108993 5.588735 1.759410 -0.017898 0.030813 -2.705658 75.135002
-4.307366 5.522746 1.759410 -0.036671 0.026979 -2.713418 75.239998
-4.504769 5.452116 1.759410 -0.049028 0.024236 -2.719665 75.345001
-4.700404 5.375961 1.759410 -0.046991 0.010492 -2.724669 75.449997
-4.892339 5.295587 1.759410 -0.028814 -0.064872 -2.717897 75.555000
-5.096146 5.206860 1.759410 -0.027657 -0.294889 -2.592241 75.675003
-5.297142 5.121426 1.759410 -0.063868 -0.276330 -2.435171 75.824997
-5.485022 5.048358 1.759410 -0.081199 -0.155671 -2.215273 76.035004
-5.675515 4.986938 1.759410 -0.055832 -0.035284 -1.770240 76.459999
-5.675072 4.782693 1.759410 0.006612 0.251556 -1.061206 77.745003
-5.567444 4.588715 1.759410 0.002600 0.091754 -1.241556 77.919998
-5.471685 4.407559 1.759410 0.024897 0.042699 -1.387656 78.065002
-5.383191 4.224723 1.759410 0.071015 0.038728 -1.524395 78.205002
-5.305158 4.035553 1.759410 0.068294 0.047132 -1.564955 78.345001
-5.241048 3.839374 1.759410 0.112357 0.051477 -1.617759 78.485001
-5.198782 3.636546 1.759410 0.153929 0.049379 -1.702583 78.625000
-5.186205 3.430476 1.759410 0.158500 0.049978 -1.854599 78.764999
-5.205237 3.225742 1.759410 0.127214 0.047371 -1.998029 78.904999
-5.250213 3.024775 1.759410 0.102200 0.043283 -2.125570 79.044998
-5.315946 2.829007 1.759410 0.075538 0.038060 -2.221483 79.184998
-5.402225 2.632683 1.759410 0.100466 0.039798 -2.351071 79.330002
-5.515943 2.433931 1.759410 0.079423 0.041218 -2.439582 79.485001
-5.640053 2.257896 1.759410 0.094936 0.038701 -2.495449 79.629997
-5.786300 2.088425 1.759410 0.091939 0.036344 -2.566726 79.779999
-5.932189 1.948058 1.759410 0.086524 0.030480 -2.619383 79.915001
-6.089434 1.819353 1.779722 0.082927 0.026850 -2.679647 80.050003
-6.256211 1.702463 1.778849 0.076664 0.023597 -2.739925 80.184998
-6.443935 1.589733 1.778082 0.071468 0.021587 -2.804917 80.330002
-6.652620 1.483685 1.777437 0.069919 0.020780 -2.880660 80.485001
-6.861149 1.395716 1.782050 0.037879 0.019620 -2.927746 80.635002
-7.064095 1.316162 1.818136 -0.045773 0.169891 -2.801932 80.775002
-7.247811 1.238342 1.850634 -0.008662 0.125998 -2.707369 80.889999
-7.443971 1.152663 1.854912 0.001050 0.071118 -2.616676 81.004997
-7.646132 1.062378 1.853364 -0.029379 0.044813 -2.526313 81.120003
-7.839839 0.969981 1.852122 -0.080581 0.042347 -2.439531 81.230003
-8.020763 0.872238 1.851117 -0.123449 0.047877 -2.361412 81.334999
-8.194204 0.761721 1.850268 -0.160412 0.054381 -2.283825 81.440002
-8.356925 0.636147 1.849540 -0.175283 0.056855 -2.209476 81.544998
-8.506841 0.495418 1.848927 -0.123351 0.051137 -2.165270 81.650002
-8.647316 0.343466 1.848402 -0.080513 0.042253 -2.178806 81.754997
-8.782072 0.184060 1.847958 -0.069108 0.030013 -2.189585 81.860001
-8.930037 -0.004802 1.847534 -0.047477 0.021341 -2.199277 81.980003
-9.061615 -0.181945 1.847206 -0.023078 0.017881 -2.206345 82.089996
-9.203254 -0.377100 1.846907 0.002052 0.016615 -2.212381 82.209999
-9.339486 -0.563970 1.846668 0.017227 0.015984 -2.216909 82.324997
-9.471524 -0.741203 1.846476 0.022286 -0.012790 -2.220309 82.434998
-9.597465 -0.905963 1.846323 0.018453 -0.078664 -2.222905 82.540001
-9.721463 -1.064573 1.846191 0.014541 0.036529 -2.224987 82.644997
-9.847806 -1.223544 1.846079 0.007126 0.046625 -2.226667 82.750000
-9.976810 -1.384618 1.845985 -0.000760 0.035914 -2.228016 82.855003
-10.107209 -1.547487 1.845905 -0.007162 0.026294 -2.229084 82.959999
-10.256546 -1.735290 1.845828 -0.010080 0.020749 -2.230056 83.080002
-10.386895 -1.900779 1.845771 -0.009894 0.017822 -2.230726 83.184998
-10.522914 -2.074996 1.845721 -0.007653 0.016749 -2.231287 83.294998
-10.646129 -2.233793 1.845681 -0.004748 -0.000087 -2.231697 83.394997
-10.773801 -2.398835 1.845646 -0.001839 -0.065148 -2.232053 83.500000
-10.902535 -2.565179 1.845615 0.039227 0.013530 -2.255836 83.610001
-11.040533 -2.734728 1.845587 0.079312 0.055985 -2.356861 83.724998
-11.176019 -2.886387 1.845567 0.072228 0.047168 -2.442529 83.830002
-11.319484 -3.034127 1.845549 0.076938 0.037920 -2.526100 83.934998
-11.469579 -3.177127 1.845533 0.083493 0.035518 -2.580812 84.040001
-11.626278 -3.313910 1.845521 0.043953 0.031653 -2.612923 84.144997
-11.787599 -3.446606 1.845510 0.038270 0.030082 -2.598503 84.250000
-11.952604 -3.576283 1.845501 0.053236 0.026254 -2.587037 84.355003
-12.113408 -3.695848 1.845494 0.056098 0.007661 -2.578112 84.455002
-12.283760 -3.815682 1.845487 0.043803 -0.062954 -2.570629 84.559998
-12.453252 -3.928596 1.845482 0.100736 0.032758 -2.627614 84.665001
-12.628849 -4.033589 1.845477 0.098707 0.042067 -2.715816 84.769997
-12.820122 -4.134608 1.845471 0.085813 0.036105 -2.806400 84.879997
-13.007911 -4.222884 1.845468 0.085587 0.032578 -2.887556 84.985001
-13.217744 -4.311483 1.845466 0.021403 0.029385 -2.894522 85.099998
-13.448564 -4.404286 1.845463 0.036739 0.027803 -2.880662 85.224998
-13.644643 -4.478656 1.845460 0.051264 0.024503 -2.871532 85.330002
-13.842701 -4.548213 1.845458 0.027911 0.004803 -2.847023 85.434998
-14.039120 -4.615378 1.845456 -0.038347 -0.054573 -2.726926 85.540001
-14.235432 -4.686908 1.845456 -0.020778 -0.007139 -2.658757 85.650002
-14.427656 -4.760760 1.845456 -0.028375 0.065257 -2.657941 85.760002
-14.612343 -4.839186 1.831251 -0.139912 0.060489 -2.548748 85.864998
-14.817616 -4.947845 1.832319 -0.156081 0.054116 -2.443333 85.985001
-14.988838 -5.060294 1.833121 -0.151827 0.049987 -2.355498 86.089996
-15.146935 -5.185579 1.833799 -0.210208 -0.102172 -2.115025 86.195000
-15.309783 -5.344094 1.849892 -0.152865 -0.053829 -2.014789 86.324997
-15.439228 -5.498409 1.823671 -0.162987 -0.004859 -1.936384 86.449997
-15.553125 -5.672535 1.824830 -0.165624 0.023014 -1.821327 86.584999
-15.649837 -5.883979 1.825891 -0.120510 0.036047 -1.670165 86.739998
-15.710959 -6.075660 1.826631 -0.080811 0.033840 -1.619054 86.875000
-15.757524 -6.272173 1.827233 -0.081190 0.030848 -1.561531 87.010002
-15.792518 -6.472066 1.827721 -0.030071 0.023206 -1.584812 87.144997
-15.821519 -6.674171 1.829425 -0.047744 0.019134 -1.592304 87.279999
-15.839150 -6.892590 1.866412 -0.115929 0.023778 -1.417481 87.425003
-15.834367 -7.094997 1.899937 -0.096486 0.025677 -1.265557 87.559998
-15.814588 -7.295415 1.918921 0.042585 0.015092 -1.334611 87.695000
-15.798341 -7.497407 1.924184 0.010642 0.017954 -1.438719 87.830002
-15.781456 -7.723417 1.960918 -0.035742 0.016093 -1.440317 87.980003
-15.761784 -7.927096 1.963973 0.018837 0.012495 -1.533904 88.114998
-15.741927 -8.130926 1.962266 -0.016226 0.012337 -1.528160 88.250000
-15.719758 -8.334750 1.969214 0.002690 0.012137 -1.524963 88.385002
-15.698222 -8.553863 1.966337 0.041191 0.013607 -1.570857 88.529999
-15.684606 -8.753337 1.979107 -0.049172 0.028905 -1.486375 88.660004
-15.661847 -8.977979 2.013439 -0.074275 -0.003653 -1.272638 88.805000
-15.627938 -9.180936 2.021121 -0.078159 0.009203 -1.109881 88.940002
-15.579062 -9.384656 2.018894 -0.085062 0.026158 -0.988127 89.080002
-15.508760 -9.595310 2.016984 -0.089684 0.038892 -0.872038 89.230003
-15.418969 -9.788713 2.015526 -0.167733 0.050847 -0.688937 89.375000
-15.288708 -9.981222 2.014243 -0.117986 0.058620 -0.576145 89.535004
-15.153385 -10.136348 2.014099 -0.097802 -0.186792 -0.433195 89.680000
-15.015826 -10.285906 2.014099 -0.101618 -0.180985 -0.239475 89.864998
-14.886349 -10.438474 2.014099 -0.078362 -0.062278 0.095608 90.184998
-14.827636 -10.237114 2.014099 0.002054 0.286288 1.700520 92.294998
-14.856744 -10.026974 2.014099 -0.073491 0.173206 1.786018 92.425003
-14.894365 -9.830410 1.993092 -0.076396 0.049858 1.903464 92.535004
-14.939164 -9.633511 1.985822 -0.001978 -0.096577 1.908632 92.644997
-14.981553 -9.439683 1.949656 0.039492 -0.077814 1.790058 92.760002
-15.021024 -9.240501 1.924551 0.014522 -0.034752 1.785344 92.885002
-15.063061 -9.033594 1.895547 0.004487 -0.008187 1.812138 93.019997
-15.102542 -8.837869 1.879860 0.037617 0.003949 1.709545 93.150002
-15.144105 -8.636627 1.855322 -0.072660 0.009935 1.876105 93.285004
-15.200476 -8.424328 1.844666 -0.045589 0.013740 1.930579 93.430000
-15.267076 -8.206984 1.827577 -0.009308 0.014273 1.936735 93.580002
-15.329930 -8.011793 1.828830 -0.009434 0.012022 1.930397 93.714996
-15.394958 -7.817028 1.829845 -0.010584 0.011531 1.925625 93.849998
-15.469480 -7.601214 1.830746 0.039073 0.009480 1.867534 94.000000
-15.531333 -7.405710 1.831398 0.061052 0.011373 1.734482 94.135002
-15.589793 -7.189900 1.831959 0.032120 0.168494 1.691399 94.279999
-15.635015 -6.990423 1.832341 0.089946 0.143446 1.602578 94.400002
-15.666148 -6.791328 1.832632 0.055271 0.096080 1.551172 94.510002
-15.689731 -6.573398 1.832887 0.124076 0.065133 1.481521 94.625000
-15.697833 -6.372640 1.833084 0.153367 -0.086217 1.328780 94.730003
-15.690867 -6.167609 1.833267 0.132712 -0.082284 1.260246 94.845001
-15.663853 -5.939756 1.833449 0.123785 -0.020706 1.187054 94.985001
-15.618389 -5.734591 1.833592 0.107966 0.007587 1.123395 95.120003
-15.555223 -5.538666 1.833707 0.087759 0.017261 1.059145 95.254997
-15.470784 -5.335842 1.833806 0.071909 0.019822 0.987919 95.400002
-15.379376 -5.153067 1.833881 0.062042 0.019452 0.923206 95.535004
-15.278224 -4.975373 1.833942 -0.020268 0.011974 0.952755 95.669998
-15.179697 -4.796554 1.865337 -0.077207 0.055104 1.116773 95.800003
-15.079964 -4.592500 1.902090 -0.069357 -0.028340 1.303759 95.940002
-15.000357 -4.405305 1.901929 -0.096766 -0.005583 1.485471 96.070000
-14.927296 -4.183331 1.899158 -0.124458 0.030759 1.663431 96.224998
-14.885985 -3.988260 1.915011 -0.125676 0.046714 1.750559 96.360001
-14.867795 -3.776561 1.912910 -0.136419 0.055643 1.881414 96.504997
-14.877257 -3.571628 1.935302 -0.058767 0.047566 1.900025 96.644997
-14.902911 -3.372727 1.933959 -0.065952 0.035854 1.929983 96.779999
-14.945091 -3.159200 1.932772 -0.040720 0.024955 1.906476 96.925003
-14.993006 -2.960643 1.931881 -0.033012 0.016931 1.890104 97.059998
-15.047167 -2.762961 1.931161 -0.019354 0.013570 1.877867 97.195000
-15.105103 -2.565956 1.930576 -0.005471 0.011700 1.868601 97.330002
-15.170982 -2.347311 1.930055 0.006388 0.011178 1.860958 97.480003
-15.230024 -2.148967 1.929677 0.013894 0.144020 1.855811 97.614998
-15.283630 -1.947402 1.929392 0.038557 0.152880 1.776653 97.739998
-15.329295 -1.752389 1.929183 0.000311 0.100079 1.777538 97.849998
-15.374679 -1.557305 1.929015 0.003491 0.062598 1.778251 97.955002
-15.420930 -1.357448 1.928871 0.009611 0.042392 1.778834 98.059998
-15.473479 -1.125887 1.928734 0.014366 0.029431 1.779351 98.180000
-15.518475 -0.921761 1.928632 0.014387 0.024652 1.779716 98.285004
-15.566571 -0.697238 1.928539 0.011574 0.021223 1.780033 98.400002
-15.615689 -0.462637 1.928458 0.006960 -0.005912 1.780292 98.519997
-15.657728 -0.259312 1.928398 0.042103 0.018431 1.756110 98.625000
-15.698562 -0.036165 1.928342 0.084985 0.029326 1.647295 98.739998
-15.728910 0.169295 1.928300 -0.003740 0.028019 1.648962 98.845001
-15.756931 0.375785 1.928264 0.023348 0.026062 1.596637 98.949997
-15.781639 0.583091 1.928233 0.063001 0.027097 1.560278 99.055000
-15.802032 0.791094 1.928207 0.017161 0.024989 1.573447 99.160004
-15.820306 0.999609 1.928185 0.018216 0.023973 1.584269 99.264999
-15.838028 1.228429 1.928164 0.022596 0.007239 1.593581 99.379997
-15.852859 1.454885 1.928147 0.020566 -0.063380 1.600952 99.495003
-15.864776 1.671910 1.928133 0.052167 0.018366 1.584707 99.610001
-15.869766 1.878131 1.928122 0.085830 0.066224 1.492665 99.720001
-15.864305 2.088792 1.928112 0.076785 0.056680 1.404760 99.830002
-15.849825 2.292544 1.928105 0.035668 0.042549 1.344870 99.934998
-15.830974 2.497922 1.928097 -0.016583 0.032756 1.363488 100.040001
-15.812617 2.704909 1.928092 -0.001828 0.029537 1.378464 100.144997
-15.793780 2.912842 1.928087 0.014712 0.026074 1.390506 100.250000
-15.772845 3.121105 1.928082 0.024999 0.024162 1.400199 100.355003
-15.748931 3.328934 1.928080 0.026340 -0.014066 1.407976 100.459999
-15.722677 3.532044 1.928077 0.020049 -0.041590 1.414168 100.565002
-15.690690 3.758785 1.895576 0.007766 0.048247 1.419732 100.684998
-15.659636 3.969481 1.859579 -0.002302 0.045985 1.423803 100.794998
-15.627923 4.173225 1.853555 0.069834 0.035394 1.345534 100.900002
-15.585665 4.406982 1.854254 -0.011005 0.027976 1.349018 101.019997
-15.545157 4.621960 1.854789 0.032426 0.024296 1.289493 101.129997
-15.500919 4.836563 1.855241 0.006556 0.023783 1.295932 101.239998
-15.457135 5.041519 1.855607 0.014358 0.022170 1.301048 101.345001
-15.411305 5.245888 1.855914 0.022992 -0.010447 1.305090 101.449997
-15.363734 5.445766 1.856178 0.022940 -0.046395 1.308374 101.555000
-15.315062 5.640733 1.856400 -0.046989 0.041158 1.363199 101.660004
-15.264186 5.867065 1.856613 -0.080601 0.045107 1.475705 101.779999
-15.225006 6.088395 1.856785 -0.025672 0.038922 1.527335 101.894997
-15.194665 6.292978 1.856918 -0.087116 0.036223 1.594250 102.000000
-15.171643 6.499213 1.857030 -0.092189 0.035121 1.634344 102.105003
-15.155014 6.736289 1.857137 -0.075268 0.032769 1.654662 102.224998
-15.148314 6.944560 1.857217 -0.071520 0.031269 1.674645 102.330002
-15.150958 7.152948 1.857285 -0.130028 0.032380 1.763806 102.434998
-15.165552 7.359550 1.857342 -0.053985 -0.022454 1.761395 102.540001
-15.186109 7.566872 1.857347 -0.050280 -0.226610 1.865012 102.650002
-15.209238 7.792567 1.857347 -0.081250 -0.289754 2.016846 102.794998
-15.225305 8.003375 1.857347 -0.094372 -0.170481 2.226273 102.995003
-15.229870 8.204367 1.857347 -0.068860 -0.048803 2.603241 103.355003
-15.281143 8.007002 1.857347 0.013505 0.132331 -1.635279 105.665001
-15.320281 7.796366 1.857347 -0.007364 0.050366 -1.520798 105.820000
-15.354675 7.597410 1.857347 -0.049094 0.037765 -1.376802 105.959999
-15.379542 7.394595 1.843089 -0.059859 0.044411 -1.331648 106.099998
-15.395219 7.187884 1.840187 0.005334 0.033898 -1.457506 106.239998
-15.409089 6.977295 1.838964 -0.021261 0.016070 -1.608911 106.379997
-15.416749 6.750320 1.837907 -0.077182 0.007237 -1.620735 106.529999
-15.407243 6.523525 1.837073 -0.038943 0.012093 -1.558704 106.680000
-15.388376 6.319636 1.836468 -0.035996 0.013050 -1.475458 106.815002
-15.363565 6.115452 1.835977 0.031888 0.112328 -1.419886 106.949997
-15.341026 5.911939 1.835611 0.022313 0.154453 -1.407459 107.074997
-15.320853 5.705904 1.835329 0.027366 0.102880 -1.417295 107.190002
-15.302748 5.497915 1.835101 0.007683 0.065056 -1.424726 107.300003
-15.281788 5.254893 1.834887 -0.010170 0.041651 -1.431337 107.425003
-15.262403 5.048210 1.834735 -0.018189 0.031118 -1.435711 107.529999
-15.240644 4.840629 1.834608 -0.055797 -0.013189 -1.400436 107.635002
-15.213317 4.640090 1.834498 -0.133248 -0.135910 -1.206572 107.739998
-15.173240 4.442441 1.834397 -0.158036 -0.073653 -1.032940 107.855003
-15.114533 4.250577 1.834307 -0.162986 -0.003298 -0.879211 107.980003
-15.020912 4.042233 1.834219 -0.149497 0.032650 -0.768572 108.129997
-14.913731 3.872117 1.802728 -0.140574 0.044431 -0.635557 108.264999
-14.765429 3.697811 1.763592 -0.105566 0.044861 -0.501120 108.419998
-14.619882 3.560451 1.744038 -0.013830 0.031332 -0.535690 108.555000
-14.463086 3.423021 1.744067 -0.027338 -0.229672 -0.683062 108.699997
-14.307827 3.294506 1.744067 0.022397 -0.203794 -0.876781 108.885002
-14.146154 3.173471 1.744067 0.047888 -0.083699 -1.222336 109.214996
-13.987094 3.051795 1.744067 -0.017643 0.294907 -1.350174 111.985001
-13.937743 2.855879 1.744067 -0.045782 0.318617 -1.272034 112.239998
-13.869168 2.644951 1.744067 -0.022844 0.223722 -1.151312 112.394997
-13.790946 2.435596 1.744067 -0.049761 -0.011259 -0.965990 112.525002
-13.713531 2.246242 1.744067 -0.070720 -0.058381 -0.865824 112.644997
-13.630833 2.062753 1.744067 -0.082565 -0.015413 -0.809643 112.769997
-13.521459 1.858320 1.757994 -0.069379 0.016680 -0.788464 112.919998
-13.407108 1.677840 1.758365 -0.073205 0.020622 -0.808620 113.059998
-13.285592 1.511764 1.758617 -0.066720 0.014361 -0.823000 113.195000
-13.154668 1.352994 1.758825 -0.021675 0.009587 -0.857275 113.330002
-13.006278 1.179080 1.759007 0.037137 0.008423 -0.985792 113.480003
-12.864511 1.000773 1.759153 0.041008 0.013881 -1.078085 113.629997
-12.730185 0.818232 1.759264 0.017672 0.172049 -1.069416 113.775002
-12.615934 0.653709 1.759336 0.042582 0.130271 -1.064054 113.889999
-12.504019 0.481365 1.759395 0.053359 0.079670 -1.060005 114.000000
-12.373609 0.265313 1.759453 0.046208 0.045733 -1.056251 114.129997
-12.266010 0.076144 1.759493 0.028814 0.030786 -1.053789 114.239998
-12.164886 -0.107257 1.759526 0.012909 0.023321 -1.051910 114.345001
-12.068916 -0.282982 1.759553 -0.001926 0.019471 -1.050487 114.445000
-11.972384 -0.458479 1.759575 -0.011164 -0.010457 -1.049313 114.544998
-11.870145 -0.640671 1.759596 -0.069453 0.018909 -1.008625 114.650002
-11.767032 -0.810705 1.785944 -0.099000 0.024087 -0.911394 114.750000
-11.650136 -0.982785 1.784354 -0.113084 -0.083688 -0.770124 114.855003
-11.526051 -1.146879 1.793441 -0.102680 -0.116795 -0.688280 114.964996
-11.376841 -1.321425 1.791506 -0.127530 -0.046172 -0.566210 115.099998
-11.229278 -1.465590 1.789981 -0.121348 -0.001839 -0.497587 115.230003
-11.055170 -1.604371 1.788616 -0.110838 0.018226 -0.426079 115.375000
-10.863467 -1.726848 1.787484 -0.093363 0.021975 -0.355425 115.525002
-10.682667 -1.821745 1.786669 -0.012471 0.016067 -0.366180 115.660004
-10.499666 -1.913627 1.786009 0.028344 0.011613 -0.492502 115.794998
-10.318722 -2.010223 1.785473 0.026967 0.010496 -0.592022 115.930000
-10.120008 -2.123359 1.784997 -0.021514 0.128987 -0.644079 116.080002
-9.942266 -2.226909 1.784676 0.086999 0.042606 -0.749269 116.205002
-9.775196 -2.337960 1.784421 0.155545 -0.029442 -0.929354 116.324997
-9.617362 -2.469316 1.784193 0.167174 0.008422 -1.090078 116.455002
-9.475451 -2.625714 1.783994 0.160074 0.040640 -1.242928 116.595001
-9.359036 -2.789430 1.783840 0.003868 0.027232 -1.096365 116.730003
-9.234715 -2.969189 1.783707 -0.019481 0.013164 -0.924868 116.875000
-9.115100 -3.134821 1.787472 -0.055190 0.008498 -0.757357 117.010002
-8.989374 -3.294496 1.823252 -0.037631 0.016784 -0.664833 117.144997
-8.850774 -3.451790 1.857879 -0.108667 0.028161 -0.495636 117.285004
-8.692830 -3.596884 1.857082 -0.134990 0.044222 -0.332474 117.430000
-8.512409 -3.721727 1.856353 -0.113970 0.053428 -0.199743 117.580002
-8.317038 -3.823231 1.855776 -0.099089 0.050011 -0.151648 117.730003
-8.130896 -3.897117 1.855359 -0.102240 0.041731 -0.098574 117.864998
-7.937379 -3.953345 1.855023 -0.095777 0.034090 -0.040163 118.000000
-7.739010 -3.993414 1.854750 -0.043362 0.026006 -0.029348 118.135002
-7.522795 -4.026887 1.854512 -0.031265 0.019243 -0.048311 118.279999
-7.319787 -4.052352 1.854334 -0.026535 0.014599 -0.061468 118.415001
-7.115778 -4.073390 1.854189 -0.016381 0.073348 -0.071453 118.550003
-6.909358 -4.093438 1.854077 0.078924 0.014984 -0.206793 118.680000
-6.709822 -4.121593 1.853987 0.079305 -0.022748 -0.330364 118.805000
-6.511142 -4.161183 1.853910 0.060052 -0.001889 -0.432726 118.934998
-6.311054 -4.210864 1.853847 0.055355 0.013405 -0.454168 119.070000
-6.080375 -4.283747 1.853787 0.100290 0.024233 -0.594309 119.230003
-5.873825 -4.372795 1.861712 0.079687 0.028696 -0.660227 119.379997
-5.675336 -4.479308 1.867592 0.061720 0.026457 -0.717771 119.529999
-5.501980 -4.586535 1.867899 0.032390 0.020959 -0.699600 119.665001
-5.318673 -4.708799 1.852654 0.033191 0.013966 -0.685078 119.809998
-5.151103 -4.828131 1.848549 -0.005526 0.010526 -0.637340 119.945000
-4.983389 -4.947595 1.849495 -0.027832 0.008380 -0.534149 120.080002
-4.792642 -5.075982 1.850340 -0.006111 0.146915 -0.458494 120.230003
-4.624052 -5.184814 1.850891 0.013883 0.153906 -0.468174 120.349998
-4.455007 -5.293420 1.844242 -0.015889 0.098594 -0.475185 120.459999
-4.284488 -5.399946 1.800086 -0.036691 0.061925 -0.480570 120.565002
-4.107695 -5.505540 1.799982 -0.044294 0.040728 -0.484892 120.669998
-3.918676 -5.614693 1.799890 0.051839 -0.031959 -0.609539 120.779999
-3.739741 -5.724757 1.799814 0.171516 -0.130293 -0.891813 120.889999
-3.572587 -5.845275 1.799743 0.151127 -0.049472 -1.007278 121.010002
-3.416308 -5.980924 1.799679 0.110542 0.001001 -0.994183 121.139999
-3.266676 -6.137170 1.799624 0.092440 0.011139 -0.972649 121.279999
-3.134468 -6.296330 1.799581 0.040922 0.003969 -0.865337 121.415001
-3.008857 -6.460083 1.799546 0.042947 0.005504 -0.868509 121.550003
-2.886943 -6.626244 1.799518 0.002195 0.007563 -0.823162 121.684998
-2.759943 -6.797911 1.799495 -0.019224 0.011149 -0.828396 121.824997
-2.634017 -6.961626 1.799477 -0.032264 0.112182 -0.832159 121.959999
-2.503375 -7.120561 1.799463 -0.036270 0.157702 -0.834806 122.084999
-2.366471 -7.277712 1.799452 -0.030252 0.100045 -0.836698 122.199997
-2.199181 -7.462217 1.799442 -0.015469 0.056239 -0.838352 122.330002
-2.058957 -7.613939 1.799435 -0.002277 0.036063 -0.839395 122.434998
-1.916957 -7.767277 1.799430 0.007622 0.026404 -0.840235 122.540001
-1.773940 -7.919970 1.799425 0.014915 0.003790 -0.808241 122.644997
-1.633176 -8.073305 1.799420 0.095956 0.022928 -0.919508 122.750000
-1.499811 -8.233325 1.799417 0.098344 0.026976 -1.016792 122.855003
-1.374891 -8.400137 1.799415 0.076481 0.028034 -1.095882 122.960999
-1.244808 -8.588280 1.799412 0.027518 0.027410 -1.084850 123.074997
-1.128398 -8.762833 1.799410 0.037925 0.024033 -1.076755 123.180000
-1.009727 -8.948558 1.799407 0.046808 0.020054 -1.070002 123.290001
-0.905558 -9.119980 1.799405 0.043103 0.019086 -1.065075 123.389999
-0.804706 -9.293496 1.799404 0.032873 0.007329 -1.061077 123.489998
-0.702112 -9.475935 1.804790 0.011468 -0.078173 -1.089973 123.595001
-0.601784 -9.655662 1.804790 0.025471 -0.296348 -1.205158 123.705002
-0.500192 -9.832321 1.804790 0.065033 -0.290273 -1.346521 123.839996
-0.394256 -10.003893 1.804790 0.085136 -0.173263 -1.550713 124.035004
-0.279638 -10.168337 1.804790 0.065331 -0.049919 -1.932917 124.400002
-0.454149 -10.024811 1.804790 -0.006675 0.275833 2.380483 126.879997
-0.607404 -9.883671 1.804790 -0.003236 0.159509 2.384386 127.004997
-0.763779 -9.739789 1.804790 -0.001423 0.088438 2.387174 127.120003
-0.920224 -9.595839 1.804790 -0.000633 0.051678 2.389265 127.230003
-1.072681 -9.455503 1.804790 -0.000394 0.033910 2.390874 127.334999
-1.226673 -9.313693 1.804790 -0.000402 0.024591 2.392160 127.440002
-1.374055 -9.177931 1.804790 -0.000523 0.019362 2.393135 127.540001
-1.526740 -9.037123 1.804790 -0.009006 -0.171056 2.492703 127.644997
-1.691868 -8.883254 1.804790 -0.055726 -0.319942 2.628830 127.775002
-1.839647 -8.742632 1.804790 -0.047438 -0.244201 2.503174 127.934998
-1.989482 -8.608430 1.804790 0.014390 -0.135789 2.236155 128.190002
-2.148046 -8.486222 1.804790 0.010225 -0.024966 2.183798 128.889999
-2.235505 -8.670487 1.804790 -0.016569 0.260371 -1.720732 131.449997
-2.251760 -8.889256 1.804790 -0.097034 0.105411 -1.471601 131.625000
-2.242155 -9.092543 1.804790 -0.071317 0.056543 -1.290279 131.770004
-2.215891 -9.293713 1.827466 -0.071949 0.038114 -1.123720 131.910004
-2.175242 -9.486481 1.862305 -0.092238 0.041466 -0.979771 132.044998
-2.108988 -9.694751 1.898603 -0.113829 0.050857 -0.834187 132.195007
-2.023548 -9.879210 1.932688 -0.133117 0.059769 -0.695200 132.335007
-1.911057 -10.058047 1.976254 -0.031289 0.048609 -0.713200 132.479996
-1.794424 -10.221278 1.987540 -0.055360 -0.069477 -0.804979 132.615005
-1.671290 -10.379958 1.987540 -0.008057 -0.250843 -0.962049 132.764999
-1.537654 -10.539401 1.987540 0.040990 -0.157066 -1.202890 132.994995
-1.398585 -10.683275 1.987540 0.040022 -0.033355 -1.715986 133.485001
-1.585616 -10.761574 1.987540 0.002548 0.195610 -3.131300 135.190002
-1.788370 -10.771358 1.987540 -0.006825 0.085074 3.007960 135.345001
-1.987466 -10.781825 2.012698 -0.017412 0.033885 2.942335 135.485001
-2.199492 -10.793719 2.049086 0.030268 0.033313 2.892153 135.630005
-2.421677 -10.797534 2.085113 0.105920 0.037856 2.803615 135.779999
-2.619851 -10.780835 2.109031 0.116988 0.049265 2.689474 135.914993
-2.815310 -10.742885 2.138013 0.082967 0.042761 2.722708 136.050003
-3.016981 -10.687464 2.121667 -0.005058 0.020774 2.800866 136.190002
-3.211945 -10.629856 2.106733 0.092649 0.011054 2.763549 136.324997
-3.422488 -10.550216 2.108656 0.112862 0.023293 2.560830 136.475006
-3.622879 -10.449165 2.110187 -0.001042 0.018617 2.501453 136.625000
-3.815989 -10.346984 2.086814 -0.004617 0.017287 2.527150 136.770004
-3.996208 -10.249783 2.084280 0.013089 0.014528 2.517178 136.904999
-4.171929 -10.144829 2.084364 0.110063 0.019410 2.348947 137.039993
-4.342136 -10.020913 2.084437 0.059988 0.023310 2.261035 137.179993
-4.516511 -9.877369 2.095649 0.044495 0.022531 2.232009 137.330002
-4.685692 -9.725963 2.087233 0.014762 0.015956 2.297780 137.479996
-4.836856 -9.586738 2.075625 0.045533 0.011434 2.348827 137.615005
-4.980546 -9.440081 2.076973 0.118153 0.010849 2.205310 137.750000
-5.109053 -9.281395 2.078065 0.042263 0.016153 2.144879 137.884995
-5.245226 -9.090273 2.079077 0.055030 0.015966 2.041575 138.039993
-5.358535 -8.919811 2.079776 -0.071144 0.009058 2.220976 138.175003
-5.494135 -8.737743 2.080397 0.008391 0.010502 2.329011 138.324997
-5.617539 -8.574617 2.080848 0.073846 0.008416 2.245710 138.460007
-5.733859 -8.406425 2.081089 0.004435 -0.089995 2.230390 138.595001
-5.845851 -8.238358 2.081089 -0.037905 -0.253893 2.387460 138.744995
-5.954187 -8.069307 2.081089 -0.035959 -0.162297 2.282747 138.964996
-6.070746 -7.905973 2.081089 0.019612 -0.052169 1.785358 139.440002
-5.921376 -7.772446 2.081089 0.000114 0.229188 0.191253 141.095001
-5.719771 -7.716603 2.081089 0.023466 0.103397 0.086307 141.259995
-5.491554 -7.664283 2.081089 0.041149 0.052589 0.012905 141.425003
-5.288456 -7.629763 2.081089 0.088806 0.038711 -0.065650 141.565002
-5.088462 -7.611655 2.081089 0.050282 0.031043 -0.088662 141.699997
-4.886760 -7.604136 2.081089 0.033956 0.180997 -0.074641 141.830002
-4.678671 -7.604164 2.081089 0.035684 0.135465 -0.064563 141.949997
-4.473765 -7.609574 2.081089 0.027764 0.082010 -0.057379 142.059998
-4.271214 -7.618261 2.081089 0.016225 0.052940 -0.051812 142.164993
-4.055272 -7.628779 2.081089 -0.068743 0.032984 0.013322 142.274994
-3.837677 -7.633906 2.081089 -0.022468 0.029883 0.034321 142.384995
-3.619069 -7.635739 2.081089 -0.020083 0.025717 0.033324 142.494995
-3.409906 -7.634587 2.081089 -0.093416 0.020169 0.095416 142.600006
-3.201033 -7.627140 2.081089 0.027772 0.021424 0.029378 142.705002
-2.982076 -7.619025 2.081089 -0.031811 0.021170 0.024572 142.815002
-2.753095 -7.607048 2.081089 -0.031322 0.021286 0.030646 142.929993
-2.535159 -7.592180 2.081089 0.004257 -0.108921 0.053616 143.039993
-2.333879 -7.578370 2.081089 -0.008398 -0.314994 0.168801 143.149994
-2.131546 -7.567441 2.081089 -0.051860 -0.280667 0.315400 143.289993
-1.929101 -7.563066 2.081089 -0.075023 -0.162481 0.535298 143.500000
-1.727404 -7.571367 2.081089 -0.054022 -0.036308 0.985566 143.929993
-1.813058 -7.372725 2.074061 -0.046839 0.177385 2.437200 145.330002
-1.948691 -7.222332 2.072264 -0.034863 0.081859 2.364313 145.479996
-2.102387 -7.066435 2.072472 -0.130523 0.017835 2.351062 145.630005
-2.273890 -6.922955 2.072636 -0.038249 0.016730 2.371654 145.779999
-2.458642 -6.780030 2.072770 0.013797 0.015013 2.298998 145.934998
-2.630148 -6.642892 2.072870 0.022486 0.017433 2.313615 146.080002
-2.804881 -6.496012 2.072952 0.040007 0.014247 2.324890 146.229996
-2.959465 -6.360017 2.073011 -0.020428 0.007711 2.460916 146.365005
-3.115994 -6.226660 2.073059 -0.033510 0.007343 2.586193 146.500000
-3.276773 -6.095917 2.073098 0.042376 0.155275 2.616259 146.634995
-3.440136 -5.961872 2.073128 0.007507 0.144882 2.599692 146.759995
-3.605119 -5.828810 2.073150 -0.032367 0.090768 2.587868 146.875000
-3.773098 -5.699697 2.073169 -0.050253 0.057057 2.578848 146.985001
-3.948505 -5.572715 2.073184 -0.050538 0.036291 2.571689 147.095001
-4.120871 -5.454649 2.073197 -0.038412 0.026725 2.566203 147.199997
-4.287940 -5.344601 2.073206 -0.023177 0.020421 2.561996 147.300003
-4.456508 -5.235905 2.073216 -0.007975 0.017575 2.558565 147.399994
-4.625460 -5.127402 2.073223 0.006450 0.010809 2.555809 147.500000
-4.809014 -5.008391 2.073225 0.012037 -0.131606 2.491787 147.610001
-4.990180 -4.890487 2.073225 0.043595 -0.323727 2.366131 147.729996
-5.164457 -4.780661 2.073225 0.077445 -0.256736 2.209061 147.880005
-5.348683 -4.673614 2.073225 0.085089 -0.127084 1.952513 148.125000
-5.526916 -4.578070 2.073225 0.067040 0.234265 1.525326 148.679993
-5.536671 -4.377788 2.073225 0.021088 0.313363 1.623725 148.975006
-5.532956 -4.164921 2.073225 0.070688 0.247323 1.653469 149.130005
-5.524300 -3.960354 2.073225 0.027702 0.146055 1.645733 149.250000
-5.514441 -3.756265 2.073225 -0.019140 0.087991 1.640173 149.360001
-5.507483 -3.524609 2.073225 -0.054649 0.053859 1.635444 149.479996
-5.508073 -3.308296 2.073225 -0.060782 0.036735 1.632007 149.589996
-5.517619 -3.060624 2.073225 -0.046324 0.027390 1.628951 149.714996
-5.532073 -2.842066 2.073225 -0.025548 0.023250 1.626842 149.824997
-5.547136 -2.633248 2.073225 0.052221 0.020929 1.549680 149.929993
-5.557761 -2.424353 2.073225 0.073369 0.022462 1.514490 150.035004
-5.562618 -2.215397 2.073225 0.086929 0.024424 1.480546 150.139999
-5.559928 -2.006553 2.064295 0.083882 0.026525 1.452704 150.244995
-5.547619 -1.798257 2.043755 0.119488 0.028892 1.363014 150.350006
-5.523809 -1.601438 2.010064 0.112333 0.031465 1.282426 150.449997
-5.486584 -1.397007 1.993026 0.095384 0.031860 1.214836 150.554993
-5.442115 -1.193950 1.994503 -0.064683 0.022119 1.352532 150.660004
-5.398186 -0.960086 1.995911 -0.082560 0.023713 1.480273 150.779999
-5.365681 -0.724561 1.997091 -0.087722 0.027418 1.592591 150.899994
-5.345926 -0.517654 1.997958 -0.016506 0.028684 1.602662 151.005005
-5.328965 -0.309874 1.998690 -0.025071 0.028763 1.594222 151.110001
-5.313208 -0.071382 1.999395 -0.042013 0.025815 1.586552 151.229996
-5.304217 0.137889 1.999914 -0.045400 0.023850 1.581247 151.335007
-5.300037 0.347483 2.000352 -0.037575 0.021775 1.577028 151.440002
-5.299478 0.557136 2.000727 0.033968 0.005844 1.523568 151.550003
-5.295677 0.765276 2.001044 0.082893 0.020181 1.417760 151.654999
-5.283236 0.972101 2.001311 0.033983 0.031086 1.377631 151.759995
-5.265769 1.179146 2.001538 0.023024 0.030810 1.385648 151.865005
-5.245004 1.386786 2.001730 0.035336 0.028170 1.392065 151.970001
-5.216069 1.624240 2.001917 0.038521 0.024275 1.397924 152.089996
-5.185745 1.841462 2.002010 -0.010963 -0.060579 1.445060 152.199997
-5.153213 2.081594 2.002010 0.018188 -0.306177 1.314168 152.330002
-5.128602 2.284769 2.002010 0.058603 -0.280553 1.167570 152.470001
-5.109249 2.488435 2.002010 0.056579 -0.168595 1.219926 152.679993
-5.082864 2.687862 2.002010 -0.005565 0.078281 1.563837 153.089996
-5.082708 2.889993 1.994638 -0.055891 0.251291 1.666587 153.384995
-5.106159 3.088974 1.994539 -0.002488 0.111621 1.805913 153.544998
-5.130311 3.285230 1.959932 0.075485 0.040281 1.818545 153.684998
-5.144022 3.483213 1.926039 0.050124 0.023378 1.795088 153.820007
-5.150686 3.685263 1.893343 -0.014295 0.022399 1.783940 153.955002
-5.161787 3.888307 1.860168 -0.053720 0.024407 1.827378 154.089996
-5.183333 4.090999 1.827757 -0.045098 0.020259 1.813460 154.225006
-5.215620 4.292620 1.794616 -0.056977 0.018980 1.858233 154.360001
-5.259020 4.492464 1.785341 -0.059264 0.016133 1.879097 154.494995
-5.322033 4.710481 1.786445 -0.062484 0.174235 1.956755 154.639999
-5.388379 4.899547 1.787163 0.011287 0.130391 1.947299 154.755005
-5.462807 5.111344 1.787780 0.013827 0.074629 1.939626 154.875000
-5.529219 5.303733 1.788238 0.064403 0.044778 1.889474 154.979996
-5.592080 5.500571 1.788626 0.077860 0.031027 1.814515 155.085007
-5.652218 5.719902 1.788985 0.107477 0.028901 1.695217 155.199997
-5.695496 5.922822 1.789262 0.114758 0.031879 1.597347 155.304993
-5.726231 6.127511 1.789496 0.121597 0.037004 1.509355 155.410004
-5.743870 6.350718 1.789713 0.171188 -0.098636 1.336742 155.524994
-5.743561 6.557181 1.789894 0.091978 -0.081705 1.311757 155.639999
-5.731834 6.764402 1.790058 0.061790 -0.041275 1.422719 155.764999
-5.710948 6.969579 1.790197 0.048447 -0.023025 1.513430 155.895004
-5.680731 7.168380 1.790312 0.059138 -0.007116 1.499320 156.024994
-5.641812 7.371093 1.790411 -0.018583 0.005902 1.560828 156.160004
-5.605103 7.570813 1.790445 -0.034918 -0.150793 1.470559 156.294998
-5.572551 7.769471 1.790445 0.006374 -0.240945 1.303017 156.455002
-5.545612 7.970484 1.790445 0.019666 -0.136337 1.371081 156.710007
-5.507254 8.167185 1.790445 -0.018115 -0.020762 2.098839 157.404999
-5.570805 7.967878 1.753218 0.002861 0.320524 -1.866663 160.130005
-5.635522 7.753393 1.717771 -0.068448 0.212247 -1.784792 160.279999
-5.683434 7.555979 1.685815 -0.046743 0.119614 -1.703249 160.395004
-5.727568 7.353806 1.652833 0.016289 0.070164 -1.692490 160.505005
-5.773980 7.135802 1.622768 -0.069566 0.047611 -1.601326 160.619995
-5.811941 6.923458 1.624476 -0.022703 0.038530 -1.589848 160.729996
-5.843207 6.718526 1.598105 -0.116730 0.038203 -1.522186 160.835007
-5.862054 6.512217 1.565365 -0.145492 0.041482 -1.440044 160.940002
-5.866769 6.305298 1.532689 -0.060733 0.038244 -1.443926 161.044998
-5.864210 6.107308 1.501148 -0.042471 0.032861 -1.458389 161.145004
-5.857138 5.908593 1.469844 -0.035328 0.027334 -1.470222 161.244995
-5.846463 5.709549 1.439033 -0.024718 0.023645 -1.479814 161.345001
-5.833351 5.510428 1.407453 -0.010541 0.011158 -1.487532 161.445007
-5.819282 5.313184 1.376669 0.000716 -0.049907 -1.493841 161.544998
-5.802216 5.110367 1.417265 -0.073770 0.033519 -1.397535 161.649994
-5.778887 4.910928 1.421039 -0.043482 -0.154077 -1.289276 161.755005
-5.750950 4.694162 1.421039 -0.071513 -0.307234 -1.153149 161.884995
-5.728364 4.493280 1.421039 -0.091838 -0.221831 -0.980371 162.050003
-5.714374 4.291763 1.421039 -0.083877 -0.091882 -0.692409 162.324997
-5.652081 4.096490 1.436221 -0.094725 0.317269 -0.726858 162.830002
-5.488925 3.961492 1.453094 0.049596 0.158555 -0.907814 163.029999
-5.335440 3.811536 1.488297 0.098876 0.081704 -1.109714 163.190002
-5.200077 3.646408 1.493636 0.101023 0.054757 -1.194118 163.339996
-5.075089 3.474736 1.493194 -0.068257 0.028081 -0.951046 163.485001
-4.938767 3.306365 1.492838 -0.050806 0.018087 -0.744694 163.630005
-4.803585 3.155478 1.492572 -0.052379 0.013642 -0.587543 163.764999
-4.662354 3.011696 1.492356 -0.045222 0.019776 -0.472609 163.899994
-4.508855 2.870855 1.492176 -0.085883 0.034688 -0.379826 164.039993
-4.326087 2.731169 1.492016 -0.075773 0.042134 -0.314140 164.195007
-4.155216 2.624919 1.491907 -0.076413 0.038707 -0.298859 164.330002
-3.974499 2.535081 1.506879 -0.079243 0.032279 -0.222090 164.464996
-3.786592 2.459333 1.506177 -0.055810 0.022621 -0.281864 164.600006
-3.595931 2.387053 1.539615 0.054537 0.009263 -0.494909 164.735001
-3.396244 2.300076 1.556676 0.079434 0.015830 -0.696131 164.880005
-3.200112 2.195051 1.555307 0.102694 0.032470 -0.877209 165.029999
-3.012798 2.066254 1.554196 0.120643 0.048605 -1.032562 165.184998
-2.851259 1.919144 1.553342 0.144811 0.059989 -1.187532 165.335007
-2.717112 1.755994 1.552689 0.100870 0.055815 -1.242887 165.479996
-2.600616 1.576530 1.552164 0.127970 0.046615 -1.313906 165.625000
-2.510264 1.390046 1.551758 0.111599 0.042880 -1.423843 165.764999
-2.443259 1.201043 1.551443 0.091525 0.036893 -1.477137 165.899994
-2.392304 1.005791 1.551188 0.114262 0.032713 -1.565634 166.035004
-2.356821 0.791584 1.550968 0.069455 0.027924 -1.625406 166.179993
-2.333498 0.567180 1.550787 0.015036 0.019769 -1.610813 166.330002
-2.315785 0.348614 1.550648 0.062686 0.019175 -1.637722 166.475006
-2.309695 0.129389 1.555712 0.050812 0.018106 -1.701117 166.619995
-2.313349 -0.074822 1.591656 0.014633 0.016568 -1.684364 166.755005
-2.320223 -0.279456 1.625651 0.014206 0.013966 -1.671616 166.889999
-2.332104 -0.491684 1.648707 0.010438 0.063095 -1.692352 167.029999
-2.347095 -0.691282 1.666356 0.062871 0.172639 -1.725410 167.154999
-2.371198 -0.893317 1.665252 0.071848 0.119815 -1.808174 167.270004
-2.404219 -1.097068 1.696950 0.035126 0.071813 -1.846891 167.380005
-2.441937 -1.296118 1.660572 0.076543 0.051074 -1.932445 167.485001
-2.489206 -1.495487 1.622492 0.095731 0.044312 -2.012485 167.589996
-2.547826 -1.692771 1.594395 0.113260 0.044011 -2.090013 167.695007
-2.626556 -1.903067 1.593518 0.163087 -0.078079 -2.235857 167.809998
-2.716212 -2.092278 1.572252 0.192139 -0.083318 -2.404346 167.925003
-2.824197 -2.267408 1.572407 0.188743 -0.013577 -2.550474 168.050003
-2.960078 -2.435816 1.572594 0.124686 0.022215 -2.558536 168.190002
-3.110419 -2.586317 1.572722 0.084548 -0.025087 -2.546259 168.330002
-3.264170 -2.720735 1.572722 0.014734 -0.250973 -2.394424 168.475006
-3.426170 -2.854098 1.572722 -0.008658 -0.183230 -2.478195 168.684998
-3.577193 -2.989345 1.572722 0.030578 -0.063725 -2.902285 169.089996
-3.383552 -2.923044 1.572722 -0.053206 0.154386 0.672423 172.779999
-3.225469 -2.803097 1.607047 -0.020438 0.064580 0.827948 172.925003
-3.072407 -2.681236 1.655861 0.006146 0.029916 0.894929 173.059998
-2.918224 -2.554875 1.700525 -0.072571 0.029305 1.041716 173.195007
-2.773186 -2.418655 1.729818 -0.099257 0.040208 1.172811 173.330002
-2.629914 -2.252291 1.731507 -0.131796 0.055385 1.315872 173.479996
-2.511390 -2.076100 1.744320 -0.128843 0.052523 1.340498 173.625000
-2.406800 -1.865428 1.744171 -0.107879 0.049970 1.459541 173.785004
-2.337891 -1.669935 1.744067 -0.081811 0.039556 1.497389 173.925003
-2.286238 -1.474989 1.743988 -0.077982 0.031348 1.544930 174.059998
-2.248527 -1.276022 1.743923 -0.078903 0.028082 1.605171 174.195007
-2.223134 -1.074482 1.743870 -0.030220 0.022247 1.598710 174.330002
-2.202786 -0.856135 1.743824 -0.031776 0.017307 1.583067 174.475006
-2.189949 -0.624292 1.743806 -0.023155 -0.163356 1.513535 174.630005
-2.185511 -0.420742 1.743806 0.030303 -0.234252 1.340758 174.794998
-2.189936 -0.210061 1.743806 0.058051 -0.111123 1.047560 175.074997
-2.213929 -0.011343 1.743806 0.016762 0.000260 0.126082 175.955002
-2.274038 0.199909 1.753441 0.011069 0.318812 1.867719 178.229996
-2.334904 0.396566 1.735538 -0.044309 0.263180 1.864189 178.384995
-2.412793 0.620990 1.779255 -0.016202 0.142523 1.865555 178.524994
-2.481773 0.814043 1.820231 0.058694 0.035269 1.810686 178.634995
-2.542977 1.000131 1.862404 0.093648 -0.101283 1.711191 178.740005
-2.598405 1.192580 1.871267 0.042079 -0.077808 1.743487 178.854996
-2.651597 1.405665 1.848141 -0.027322 -0.035190 1.813808 178.990005
-2.707393 1.616471 1.782231 -0.066409 -0.007589 2.025813 179.130005
-2.768778 1.803968 1.744461 -0.089502 0.010200 2.206266 179.259995
-2.852453 2.002368 1.709722 -0.133221 0.032726 2.414141 179.404999
-2.953713 2.178645 1.680626 -0.128423 0.055457 2.573317 179.544998
-3.076383 2.339102 1.667755 -0.120619 0.065341 2.663743 179.684998
-3.230486 2.493922 1.667310 -0.083463 0.057069 2.683181 179.835007
-3.397141 2.630572 1.666965 -0.093117 0.037143 2.667611 179.979996
-3.571347 2.749166 1.666696 -0.081056 0.022633 2.656348 180.119995
-3.748248 2.852015 1.666487 -0.054290 0.013967 2.648213 180.255005
-3.930189 2.947287 1.666317 -0.021429 0.011084 2.642107 180.389999
-4.134494 3.049895 1.666166 0.004804 0.009878 2.637044 180.539993
-4.318906 3.141484 1.671689 -0.041169 0.049894 2.725660 180.675003
-4.500786 3.224573 1.707330 -0.043656 0.168717 2.809356 180.800003
-4.722650 3.315686 1.734492 -0.034188 0.107651 2.900194 180.934998
-4.907906 3.385392 1.768332 -0.047984 0.069348 2.973173 181.039993
-5.099770 3.450689 1.789105 -0.079467 0.054629 3.049410 181.145004
-5.296391 3.507690 1.788185 -0.111272 0.050951 3.123730 181.250000
-5.496771 3.552565 1.787398 -0.099772 0.050535 -3.108811 181.354996
-5.700294 3.586338 1.786722 -0.097392 0.046832 -3.110765 181.460007
-5.924679 3.609254 1.786225 -0.137614 -0.085371 -3.027506 181.574997
-6.132337 3.616705 1.786225 -0.043745 -0.300956 3.135259 181.690002
-6.337751 3.617286 1.786225 0.018694 -0.281293 2.983425 181.835007
-6.538145 3.610152 1.786225 0.057209 -0.161038 2.758291 182.050003
-6.740415 3.589448 1.786225 0.046288 -0.034424 2.271373 182.514999
-6.659733 3.774704 1.786225 -0.050117 0.317521 0.862392 184.399994
-6.532475 3.934405 1.786225 -0.022199 0.192705 0.892362 184.535004
-6.404842 4.097674 1.786225 0.035930 -0.029546 0.851829 184.654999
-6.274202 4.253578 1.786225 0.049787 -0.059436 0.841554 184.774994
-6.137881 4.402271 1.786225 0.074385 -0.029639 0.757637 184.899994
-5.990844 4.541947 1.786225 0.075134 -0.004995 0.662526 185.029999
-5.814649 4.690459 1.786225 0.024443 0.006453 0.665596 185.179993
-5.641468 4.829352 1.786225 0.013324 0.007269 0.667929 185.324997
-5.478537 4.956107 1.786225 0.046391 0.008887 0.610074 185.460007
-5.311599 5.077065 1.786225 0.039976 0.009520 0.527075 185.595001
-5.140896 5.191896 1.786225 0.035709 0.010588 0.451338 185.729996
-4.968500 5.298665 1.786225 0.052924 0.173715 0.378782 185.860001
-4.779207 5.401898 1.786225 0.058755 0.131563 0.305644 185.985001
-4.581216 5.495622 1.786225 0.095654 -0.054941 0.160426 186.104996
-4.387876 5.574787 1.786225 0.102781 -0.060851 0.095127 186.225006
-4.195518 5.642071 1.786225 0.068102 -0.023891 0.103752 186.350006
-3.999720 5.697847 1.768143 0.074788 0.001977 0.079227 186.479996
-3.797071 5.741719 1.770089 0.091735 0.011441 0.056176 186.615005
-3.593652 5.770387 1.779317 0.071437 0.015651 -0.010116 186.750000
-3.366887 5.789659 1.779129 0.012649 0.014306 0.009154 186.899994
-3.162313 5.804063 1.778992 0.007324 0.012714 0.022183 187.035004
-2.942618 5.817264 1.781310 0.069905 0.171373 -0.018949 187.175003
-2.741994 5.821412 1.782631 0.056792 0.125549 -0.069684 187.289993
-2.537060 5.819928 1.790077 -0.007540 0.079006 -0.075539 187.399994
-2.295560 5.817763 1.792156 -0.001474 0.049729 -0.068293 187.524994
-2.088973 5.815694 1.793616 0.012601 0.035752 -0.063521 187.630005
-1.870815 5.811779 1.794910 0.021347 0.028256 -0.059529 187.740005
-1.661855 5.807543 1.795961 -0.011278 0.023054 0.008068 187.845001
-1.452605 5.804648 1.796848 0.002736 0.023454 0.009453 187.949997
-1.243047 5.801650 1.797606 -0.006159 0.022565 0.010523 188.054993
-1.033695 5.799749 1.798244 -0.060884 -0.067933 0.080011 188.160995
-0.797815 5.802111 1.818368 0.015967 -0.127481 0.009940 188.285004
-0.558334 5.804082 1.825161 -0.000815 -0.066101 -0.014228 188.425003
-0.357834 5.805717 1.825192 0.005884 -0.025573 -0.015685 188.550003
-0.155441 5.806457 1.825217 0.011462 -0.003690 -0.016828 188.679993
0.067125 5.805105 1.825241 0.011834 0.005902 -0.017789 188.824997
0.273077 5.801694 1.825258 0.008413 0.009727 -0.018458 188.960007
0.478542 5.796768 1.825272 0.003839 0.011093 -0.018967 189.095001
0.680929 5.791190 1.825284 0.001431 0.170467 -0.019328 189.225006
0.887666 5.785441 1.825292 -0.002025 0.137466 -0.019589 189.345001
1.091724 5.779414 1.811350 0.062960 0.085197 -0.075100 189.455002
1.293377 5.767019 1.812281 0.075523 0.055780 -0.169620 189.559998
1.526734 5.741945 1.813167 0.070765 0.038969 -0.267379 189.679993
1.749778 5.707287 1.813878 0.116260 -0.063674 -0.407915 189.794998
1.949267 5.664583 1.814451 0.161032 -0.107835 -0.581730 189.904999
2.149215 5.603513 1.814991 0.193882 -0.023110 -0.744688 190.029999
2.332505 5.520482 1.815451 0.180092 0.029150 -0.838256 190.160004
2.501567 5.410549 1.815839 0.133588 0.045208 -0.931854 190.294998
2.656021 5.281620 1.816155 0.064001 0.034084 -0.909850 190.429993
2.819463 5.125258 1.816436 0.104918 0.021309 -0.935806 190.580002
2.965943 4.953253 1.816660 0.139852 0.025666 -1.134600 190.729996
3.086785 4.764823 1.816836 0.111139 0.031294 -1.308126 190.880005
3.183444 4.572141 1.822088 0.013226 0.025251 -1.354380 191.024994
3.276394 4.366224 1.827263 0.045973 -0.209794 -1.251031 191.179993
3.354000 4.177846 1.827263 -0.007826 -0.215688 -1.062546 191.365005
3.423322 3.984929 1.827263 -0.043566 -0.094959 -0.732699 191.679993
3.621348 4.036738 1.827263 -0.051399 0.182681 1.174380 193.339996
3.727898 4.208436 1.827263 -0.000991 0.097421 1.200961 193.494995
3.829466 4.381599 1.827263 -0.002746 0.053499 1.165708 193.634995
3.929852 4.556160 1.827263 0.013728 0.020714 0.980664 193.770004
4.033885 4.730980 1.827263 0.019371 0.003422 0.805701 193.904999
4.140981 4.902052 1.827263 0.058139 0.012151 0.641830 194.039993
4.262343 5.065542 1.827263 0.140450 0.050391 0.374620 194.179993
4.413026 5.214314 1.827263 0.143387 0.087711 0.237288 194.330002
4.594666 5.336117 1.827263 0.173058 0.090448 0.101520 194.485001
4.778611 5.417184 1.827263 0.107988 -0.160023 -0.044211 194.630005
4.965783 5.490297 1.827263 0.104680 -0.176666 -0.237931 194.815002
5.149117 5.570630 1.827263 0.078743 -0.059199 -0.578250 195.139999
5.330735 5.482654 1.827263 0.007973 0.278168 -1.397476 197.160004
5.363463 5.279227 1.827263 -0.068320 0.122611 -1.277793 197.330002
5.413100 5.075796 1.827263 -0.032889 0.062601 -1.214945 197.479996
5.471248 4.878479 1.827263 -0.032172 0.034556 -1.211308 197.619995
5.534856 4.686112 1.827263 -0.033390 0.020506 -1.208667 197.755005
5.611636 4.477030 1.827263 -0.029321 0.165410 -1.206570 197.899994
5.693563 4.270592 1.827263 -0.016004 0.137642 -1.205148 198.029999
5.769104 4.081199 1.827263 0.044909 0.084073 -1.273770 198.139999
5.839952 3.891975 1.827263 0.012622 0.056692 -1.271013 198.244995
5.908103 3.697712 1.827263 0.102608 0.039650 -1.368586 198.350006
5.969193 3.499487 1.827263 0.040425 0.031514 -1.366723 198.455002
6.023830 3.298705 1.827263 0.109538 0.029317 -1.463461 198.559998
6.068569 3.095506 1.827263 0.055956 0.031102 -1.455742 198.664993
6.107331 2.890381 1.827263 0.049799 0.027569 -1.449583 198.770004
6.142568 2.673951 1.827263 0.040945 0.023928 -1.444461 198.880005
6.173553 2.466646 1.827263 -0.047471 0.019241 -1.355210 198.985001
6.207354 2.259897 1.827263 0.012522 0.020430 -1.350382 199.089996
6.240683 2.052961 1.827263 0.008113 0.020570 -1.355690 199.195007
6.275261 1.835953 1.827263 -0.007292 0.020690 -1.360145 199.304993
6.309518 1.628916 1.827263 -0.018368 0.021156 -1.363540 199.410004
6.347746 1.413767 1.827263 -0.060036 -0.046671 -1.332849 199.520004
6.391587 1.205757 1.827263 -0.023712 0.025999 -1.314748 199.630005
6.435261 1.007722 1.827263 0.090302 0.041139 -1.432980 199.735001
6.472291 0.806275 1.827263 0.015638 0.041077 -1.442560 199.839996
6.505223 0.602129 1.827263 0.086296 0.034332 -1.532626 199.945007
6.529369 0.396049 1.827263 0.048092 0.030665 -1.592684 200.050003
6.547443 0.188834 1.827263 0.044743 0.029877 -1.615354 200.154999
6.561338 -0.019231 1.827263 0.046062 0.028073 -1.635596 200.259995
6.571337 -0.227910 1.827263 0.013944 0.023816 -1.621839 200.365005
6.580061 -0.455800 1.827263 0.022737 -0.037930 -1.609954 200.479996
6.585670 -0.657824 1.827263 0.023838 0.000005 -1.601282 200.585007
6.590732 -0.866320 1.781297 -0.072624 -0.058234 -1.452930 200.695007
6.601762 -1.065774 1.741952 -0.062887 -0.105852 -1.342372 200.804993
6.622513 -1.290719 1.744758 -0.078946 -0.045904 -1.254943 200.940002
6.652815 -1.493476 1.747042 -0.111904 -0.002813 -1.163699 201.070007
6.702119 -1.693197 1.748964 -0.136415 0.023236 -0.998614 201.205002
6.772137 -1.882634 1.750529 -0.112884 0.033358 -0.906015 201.339996
6.861046 -2.062578 1.751794 -0.121815 0.039101 -0.762972 201.475006
6.987041 -2.253811 1.777554 -0.120435 0.042170 -0.601130 201.630005
7.136411 -2.425742 1.779899 -0.125656 0.048908 -0.445837 201.785004
7.295995 -2.565663 1.781642 -0.130469 0.053535 -0.302593 201.929993
7.479036 -2.685969 1.783071 -0.127912 0.054392 -0.161519 202.080002
7.676832 -2.778883 1.784211 -0.140910 0.058434 -0.008075 202.229996
7.885674 -2.840677 1.785107 -0.136739 0.059692 0.137141 202.380005
8.086640 -2.869061 1.785778 -0.137664 0.061234 0.275197 202.520004
8.291331 -2.871843 1.785865 -0.069719 -0.187028 0.162406 202.664993
8.494830 -2.862754 1.785865 -0.001541 -0.209746 -0.031314 202.850006
8.696380 -2.843635 1.785865 0.027183 -0.093951 -0.109849 203.175003
8.715137 -3.042517 1.764605 0.030602 0.171524 -2.270102 206.429993
8.588117 -3.205344 1.765241 -0.001058 -0.158269 -2.174311 206.595001
8.460340 -3.362595 1.765241 -0.039822 -0.177125 -1.959649 206.800003
8.325449 -3.511258 1.765241 -0.048619 -0.057127 -1.551266 207.190002
8.530261 -3.480621 1.765241 0.002535 0.142904 0.488801 209.490005
8.718587 -3.398962 1.765241 0.018106 0.054619 0.624414 209.639999
8.917832 -3.313509 1.765241 0.004141 0.029874 0.675973 209.789993
9.100183 -3.233181 1.784181 -0.049557 0.035731 0.730780 209.925003
9.279579 -3.142372 1.792546 -0.072516 0.037521 0.766973 210.059998
9.454637 -3.039733 1.823850 -0.097915 0.027225 0.722574 210.195007
9.619808 -2.921533 1.824966 -0.136773 0.027161 0.848202 210.330002
9.768887 -2.784546 1.822549 -0.105117 0.027056 0.925421 210.464996
9.905435 -2.633911 1.820585 -0.008430 0.018884 0.914294 210.600006
10.040258 -2.479865 1.818994 0.027640 0.012643 0.805775 210.735001
10.184239 -2.323009 1.817671 0.027701 0.009988 0.710042 210.875000
10.326910 -2.175627 1.816630 0.040662 0.012122 0.627590 211.009995
10.474605 -2.033963 1.815789 0.057224 0.016489 0.551917 211.145004
10.639380 -1.888096 1.815061 0.010986 0.097164 0.568876 211.289993
10.794766 -1.757039 1.814551 0.023762 0.166081 0.582202 211.414993
10.957911 -1.630910 1.814162 0.075099 0.112805 0.523047 211.529999
11.128696 -1.511643 1.813848 -0.013232 0.021656 0.596790 211.639999
11.297689 -1.392065 1.813584 -0.093118 -0.120186 0.809440 211.750000
11.461533 -1.263872 1.813345 -0.137479 -0.067865 0.993821 211.869995
11.634646 -1.099989 1.813102 -0.160795 0.006930 1.176861 212.020004
11.761422 -0.941170 1.812926 -0.167966 0.043372 1.327239 212.160004
11.863651 -0.762494 1.812778 -0.154103 0.055808 1.462411 212.300003
11.939425 -0.571772 1.812659 -0.089877 0.049257 1.506992 212.440002
11.995516 -0.379707 1.812566 -0.084837 0.038760 1.548166 212.574997
12.036390 -0.182281 1.812492 -0.086644 0.032720 1.604644 212.710007
12.061675 0.018452 1.812438 -0.074601 -0.001182 1.644322 212.845001
12.075444 0.222422 1.812438 -0.014580 -0.241559 1.492487 212.990005
12.083258 0.423316 1.812438 0.032285 -0.188955 1.288296 213.184998
12.080612 0.624198 1.812438 0.048535 -0.068514 0.906092 213.550003
12.084208 0.824791 1.812438 0.000056 0.316261 1.495465 214.429993
12.097202 1.026367 1.812438 0.001561 0.318403 1.540918 214.630005
12.110406 1.256200 1.812438 0.049300 0.193351 1.555152 214.779999
12.130225 1.498510 1.812438 0.021585 0.102261 1.548059 214.914993
12.148756 1.698204 1.812438 -0.006185 0.063202 1.543795 215.020004
12.169163 1.932204 1.812438 -0.026688 0.040707 1.539941 215.139999
12.184092 2.139534 1.812438 -0.073888 0.028984 1.563570 215.244995
12.193563 2.348020 1.812438 -0.089223 0.026987 1.602164 215.350006
12.194044 2.556897 1.812438 -0.095159 0.026784 1.691018 215.455002
12.184156 2.765285 1.812438 -0.058009 0.026320 1.757497 215.559998
12.166001 3.003063 1.812438 -0.051731 0.024319 1.780828 215.679993
12.142230 3.219912 1.812438 -0.130654 0.030672 1.910933 215.789993
12.105568 3.423399 1.812438 -0.068212 0.037897 1.964458 215.895004
12.059879 3.625409 1.812438 -0.039158 0.037141 1.947728 216.000000
12.008695 3.827381 1.812438 -0.046811 0.031732 1.934371 216.104996
11.938770 4.060262 1.812438 -0.125854 -0.127044 2.097471 216.229996
11.866351 4.250560 1.812438 -0.115266 -0.086111 2.173221 216.345001
11.773560 4.450528 1.812438 -0.024889 -0.033414 2.094832 216.479996
11.684216 4.632255 1.812438 0.018689 -0.156108 2.027583 216.610001
11.597625 4.815833 1.812438 -0.025201 -0.249421 2.189889 216.764999
11.517971 4.999965 1.812438 -0.057188 -0.137963 2.435966 217.000000
11.450746 5.188868 1.812438 -0.037913 -0.021068 3.011890 217.550003
11.320348 5.030259 1.812438 0.016791 0.203986 -1.854536 218.764999
11.233972 4.847111 1.812438 -0.052903 0.099532 -1.672827 218.925003
11.156701 4.638827 1.812438 -0.088881 0.071142 -1.546741 219.085007
11.104761 4.436730 1.812438 -0.066818 0.059267 -1.517429 219.229996
11.067995 4.218287 1.812438 -0.082293 0.039498 -1.530241 219.380005
11.049440 3.994263 1.812438 -0.107091 0.024946 -1.516281 219.529999
11.052676 3.791258 1.812438 -0.114121 0.022398 -1.400158 219.664993
11.075810 3.589551 1.812438 -0.063879 0.020979 -1.314993 219.800003
11.110681 3.386870 1.812438 0.016140 0.160405 -1.300373 219.934998
11.146279 3.188906 1.812438 0.010540 0.153940 -1.312159 220.054993
11.183236 2.991297 1.812438 -0.074921 0.099833 -1.270367 220.164993
11.230536 2.786765 1.812438 -0.031451 0.061514 -1.233227 220.274994
11.282165 2.588442 1.812438 -0.063768 0.043948 -1.206207 220.380005
11.342807 2.379904 1.812438 -0.018994 0.032941 -1.198795 220.490005
11.407093 2.171407 1.812438 -0.017581 -0.071379 -1.256851 220.600006
11.480467 1.942951 1.812438 0.021051 -0.311232 -1.392979 220.729996
11.549850 1.740798 1.812438 0.064128 -0.269611 -1.550049 220.880005
11.623340 1.550198 1.812438 0.081105 -0.145938 -1.780418 221.100006
11.707870 1.368659 1.812438 0.051633 -0.027618 -2.262100 221.559998
11.517982 1.449661 1.812438 -0.025442 0.317666 2.556419 224.384995
11.322351 1.576320 1.812438 0.031818 0.187423 2.635451 224.535004
11.148458 1.689004 1.812438 -0.016519 0.103539 2.709175 224.649994
10.972672 1.802406 1.812438 0.022745 0.060286 2.704409 224.759995
10.800910 1.914508 1.812438 -0.017821 0.044464 2.697189 224.865005
10.625431 2.026183 1.812438 -0.054856 0.033912 2.691410 224.970001
10.446061 2.134312 1.812438 0.002881 0.022072 2.615193 225.074997
10.274717 2.237581 1.812438 0.028943 0.015301 2.512882 225.175003
10.096872 2.348890 1.812438 0.037903 0.015936 2.426492 225.279999
9.922463 2.464428 1.812438 0.084314 0.023481 2.341024 225.384995
9.754255 2.587365 1.812438 0.119385 0.033415 2.257744 225.490005
9.595317 2.719878 1.812438 0.106224 -0.060825 2.171421 225.595001
9.445423 2.857181 1.812438 0.103038 -0.276306 2.056237 225.705002
9.297982 2.993965 1.812438 0.115919 -0.274407 1.914873 225.839996
9.145759 3.127957 1.812438 0.112078 -0.151151 1.705447 226.039993
8.988470 3.251685 1.812438 0.069749 -0.034226 1.307536 226.419998
9.149579 3.133049 1.812438 -0.039200 0.303060 -0.587554 228.755005
9.321109 3.026374 1.812438 -0.021742 0.180371 -0.583112 228.880005
9.492012 2.922362 1.812438 -0.006801 0.103747 -0.580017 228.990005
9.663807 2.817837 1.812438 0.005699 0.060338 -0.577695 229.095001
9.839274 2.709802 1.812438 0.011011 0.038449 -0.575822 229.199997
10.015040 2.597756 1.812438 0.092920 0.026483 -0.663844 229.304993
10.209581 2.459180 1.812438 0.103056 0.025963 -0.773395 229.425003
10.372230 2.328134 1.812438 0.100897 0.027732 -0.859560 229.529999
10.527186 2.188466 1.812438 0.106951 0.031052 -0.940669 229.634995
10.673529 2.040217 1.812438 0.116973 0.034348 -1.018971 229.740005
10.809856 1.883204 1.812438 0.134216 0.039212 -1.099040 229.845001
10.934734 1.717306 1.812438 0.078653 0.039106 -1.129721 229.949997
11.052283 1.545115 1.812438 0.057219 0.033764 -1.114235 230.054993
11.165030 1.368436 1.812438 0.057943 0.027035 -1.101916 230.160004
11.267879 1.196637 1.812438 0.051852 0.022156 -1.092304 230.259995
11.366782 1.022132 1.812438 0.037480 0.019245 -1.084476 230.360001
11.462841 0.845965 1.812438 0.019689 -0.006571 -1.078180 230.460007
11.574616 0.637433 1.812438 -0.043333 -0.023695 -1.039676 230.580002
11.672120 0.459772 1.812438 0.066275 -0.053600 -1.139569 230.684998
11.767159 0.279585 1.812438 0.030438 -0.115621 -1.157122 230.794998
11.871145 0.074211 1.812438 0.058816 -0.061504 -1.253995 230.929993
11.956348 -0.107241 1.812438 0.049098 -0.022041 -1.282369 231.054993
12.035802 -0.293102 1.812438 0.039396 0.000582 -1.326302 231.184998
12.110829 -0.486079 1.812438 0.025267 0.007788 -1.310702 231.320007
12.181385 -0.679767 1.812438 0.028043 0.010660 -1.299053 231.455002
12.247467 -0.874668 1.800249 0.024127 0.010768 -1.290245 231.589996
12.309082 -1.078588 1.794323 0.021739 0.011480 -1.343265 231.729996
12.364052 -1.276366 1.793310 -0.003501 0.011773 -1.329324 231.865005
12.418406 -1.474441 1.792494 0.054757 0.011749 -1.409722 232.000000
12.467132 -1.673578 1.791828 -0.005279 0.011825 -1.413458 232.134995
12.520248 -1.887387 1.802099 0.014583 0.008087 -1.415097 232.279999
12.572479 -2.108169 1.801811 -0.019905 0.009966 -1.381871 232.429993
12.631094 -2.326478 1.801582 -0.037947 0.012673 -1.194626 232.580002
12.690315 -2.520943 1.801416 0.063410 0.011364 -1.290154 232.714996
12.743753 -2.717657 1.821752 -0.054607 0.013499 -1.230632 232.850006
12.799979 -2.911700 1.820729 -0.013954 -0.218811 -1.238603 232.990005
12.859744 -3.111276 1.819559 -0.006285 -0.211324 -1.246695 233.179993
12.917160 -3.303061 1.818088 -0.002118 -0.127415 -1.255509 233.544998
13.059165 -3.157712 1.818029 0.014394 0.019335 1.239985 332.220001
13.140582 -2.971183 1.818029 0.004240 -0.141903 1.271562 332.454987
13.244162 -2.799366 1.818029 -0.014782 -0.063189 1.290753 332.915009
