-12.796582 4.085813 1.000000 0.031886 0.317953 0.424323 0.000000
-12.605574 4.166110 1.000000 0.031605 0.257740 0.417861 0.150000
-12.414721 4.242287 1.000000 0.013010 0.147025 0.414013 0.270000
-12.197251 4.328439 1.026939 -0.003073 0.077238 0.410896 0.395000
-12.007751 4.404584 1.034959 -0.010370 0.047362 0.408844 0.500000
-11.815786 4.483470 1.034404 -0.011724 0.032630 0.407197 0.605000
-11.622966 4.564541 1.033934 -0.008922 0.024765 0.405885 0.710000
-11.429902 4.647175 1.033533 -0.003876 0.021298 0.404825 0.815000
-11.207932 4.739097 1.033151 0.050283 0.018085 0.305387 0.935000
-10.983352 4.822904 1.068543 0.100586 0.020719 0.207804 1.055000
-10.793779 4.882856 1.103468 0.120880 0.028030 0.116793 1.155000
-10.601882 4.931256 1.136520 0.128485 0.034928 0.035845 1.255000
-10.398205 4.968395 1.171020 0.137904 0.041010 -0.046416 1.360000
-10.192881 4.990357 1.204401 0.140953 0.044745 -0.123538 1.465000
-9.997177 4.996452 1.252141 0.166975 -0.053773 -0.243152 1.565000
-9.803037 4.987189 1.316001 0.187276 -0.098279 -0.404334 1.670000
-9.603813 4.957986 1.381298 0.195336 -0.026583 -0.557262 1.790000
-9.395899 4.896668 1.433059 0.179059 0.029466 -0.709108 1.930000
-9.214667 4.809702 1.463876 0.150904 0.047520 -0.835425 2.065000
-9.049510 4.698793 1.495165 0.134564 0.049381 -0.966505 2.200000
-8.900321 4.567700 1.526442 0.121739 0.048135 -1.092555 2.335000
-8.767518 4.419904 1.557687 0.116143 0.046640 -1.217503 2.470000
-8.644421 4.245820 1.591443 0.119672 0.048065 -1.356290 2.615000
-8.550175 4.071681 1.622711 0.123350 0.051462 -1.480427 2.750000
-8.473201 3.874088 1.656501 0.131169 0.054933 -1.618120 2.895000
-8.420407 3.668474 1.661163 0.070940 -0.200070 -1.500763 3.045000
-8.381351 3.470816 1.661163 0.002735 -0.206781 -1.307030 3.230000
-8.352530 3.271070 1.661163 -0.037932 -0.090291 -0.961453 3.560000
-8.264575 3.087950 1.661163 -0.060271 0.318615 -0.631806 4.205000
-8.092299 2.974516 1.661163 0.013020 0.304553 -0.602265 4.390000
-7.900070 2.846581 1.661163 0.041133 0.176612 -0.608191 4.535000
-7.729723 2.725369 1.661163 0.032005 0.100478 -0.611796 4.650000
-7.568038 2.605850 1.661163 0.016716 0.059827 -0.614399 4.755000
-7.403404 2.481933 1.661163 0.003044 0.039004 -0.616499 4.860000
-7.238713 2.357515 1.661163 -0.019646 -0.134497 -0.527834 4.965000
-7.062287 2.224012 1.661163 -0.060955 -0.318067 -0.396934 5.090000
-6.904494 2.100241 1.661163 -0.088736 -0.248720 -0.239854 5.240000
-6.742043 1.961834 1.661163 -0.089209 -0.114113 0.027182 5.495000
-6.600276 1.819588 1.661163 -0.032589 -0.010474 0.351813 6.115000
-6.699385 1.631326 1.661163 0.023372 0.320408 -2.397000 9.145000
-6.857312 1.487768 1.661163 0.008852 0.245759 -2.470885 9.300000
-7.011569 1.352184 1.690632 -0.065863 0.131962 -2.501292 9.420000
-7.182215 1.193523 1.730778 -0.024992 0.070169 -2.505036 9.545000
-7.337075 1.047664 1.766319 0.044494 0.048886 -2.577522 9.655000
-7.490826 0.910223 1.800864 0.034125 0.041962 -2.567884 9.760000
-7.649314 0.774813 1.823592 0.061308 0.033348 -2.560542 9.865000
-7.813130 0.643884 1.822687 0.072563 0.026872 -2.554595 9.970000
-7.974019 0.524463 1.821961 0.066542 0.020189 -2.550101 10.070000
-8.138793 0.409905 1.821329 0.051540 0.016710 -2.546378 10.170000
-8.306222 0.298941 1.820797 0.024586 0.016182 -2.543422 10.270000
-8.474873 0.189608 1.820334 0.005265 0.015450 -2.540973 10.370000
-8.643572 0.080273 1.819942 -0.012962 0.016143 -2.539013 10.470000
-8.811435 -0.030413 1.819604 -0.021781 0.016137 -2.537415 10.570000
-8.977982 -0.143090 1.819316 -0.023171 0.015125 -2.536118 10.670000
-9.143120 -0.257783 1.819068 -0.018115 0.008801 -2.535066 10.770000
-9.314046 -0.378993 1.818848 -0.008300 -0.054512 -2.534178 10.875000
-9.478060 -0.496712 1.797579 -0.000265 -0.071064 -2.533464 10.980000
-9.650347 -0.624165 1.792960 -0.068744 0.060084 -2.440366 11.095000
-9.813718 -0.755097 1.791914 -0.000321 0.056655 -2.393089 11.205000
-9.986430 -0.897871 1.791000 -0.002379 0.039562 -2.349008 11.320000
-10.176425 -1.056124 1.790172 -0.024787 0.027984 -2.336288 11.445000
-10.335953 -1.191460 1.789591 -0.020172 0.025456 -2.325734 11.550000
-10.486719 -1.322955 1.789118 -0.028745 0.022615 -2.333288 11.650000
-10.643188 -1.463954 1.788697 -0.039063 0.019666 -2.339648 11.755000
-10.789468 -1.601175 1.788352 -0.039216 -0.013117 -2.344580 11.850000
-10.937604 -1.745514 1.788046 -0.034735 -0.080082 -2.344094 11.955000
-11.090386 -1.902463 1.787763 0.015060 0.040348 -2.341929 12.070000
-11.252354 -2.067075 1.787517 0.029842 0.048132 -2.424879 12.190000
-11.420567 -2.231706 1.787312 -0.010885 0.035280 -2.416943 12.310000
-11.604599 -2.413099 1.787128 0.001025 0.025575 -2.410311 12.440000
-11.746201 -2.554403 1.787010 -0.050635 0.017042 -2.328759 12.540000
-11.885688 -2.698282 1.786911 0.004641 0.018272 -2.328904 12.640000
-12.025554 -2.842288 1.786824 0.007654 0.016593 -2.329170 12.740000
-12.172812 -2.992909 1.786747 -0.000036 -0.017988 -2.329396 12.845000
-12.316371 -3.141443 1.786680 -0.032050 -0.078053 -2.273059 12.950000
-12.460054 -3.293746 1.786621 0.054451 0.036921 -2.336416 13.060000
-12.601691 -3.436485 1.786575 0.079711 -0.040949 -2.472914 13.165000
-12.750165 -3.575521 1.786533 0.064285 -0.111290 -2.559330 13.275000
-12.923236 -3.726856 1.786491 0.080574 -0.054186 -2.646780 13.410000
-13.086799 -3.855077 1.786458 0.095862 -0.012428 -2.722892 13.540000
-13.273068 -3.979217 1.786428 0.101392 0.012623 -2.799174 13.685000
-13.452562 -4.079117 1.786406 0.051392 0.016477 -2.795819 13.820000
-13.636465 -4.170318 1.786389 0.045546 0.014823 -2.782805 13.955000
-13.837493 -4.261506 1.786373 -0.010887 0.009482 -2.697851 14.100000
-14.022373 -4.344375 1.786361 0.024078 0.167267 -2.678957 14.230000
-14.210507 -4.430167 1.786353 -0.057781 0.135649 -2.589618 14.350000
-14.391983 -4.522645 1.786346 -0.019944 0.084575 -2.530856 14.460000
-14.568332 -4.620230 1.774229 -0.071369 0.058885 -2.451826 14.565000
-14.743116 -4.727209 1.794900 -0.092946 0.046151 -2.373070 14.670000
-14.912914 -4.844407 1.794783 -0.112454 0.043735 -2.297267 14.775000
-15.097642 -4.991840 1.794673 -0.132644 0.044568 -2.210834 14.895000
-15.248622 -5.133288 1.766597 -0.162942 0.046569 -2.121458 15.000000
-15.386089 -5.287147 1.766092 -0.182174 0.050431 -2.010974 15.105000
-15.505501 -5.450943 1.782134 -0.211193 -0.089848 -1.825041 15.210000
-15.609865 -5.626830 1.781714 -0.163465 -0.067670 -1.765532 15.325000
-15.696116 -5.812092 1.781213 -0.157834 -0.013644 -1.688585 15.450000
-15.762379 -6.003670 1.780789 -0.085037 0.006216 -1.712006 15.580000
-15.819572 -6.218594 1.780402 -0.058868 0.009986 -1.732052 15.725000
-15.862120 -6.420133 1.780112 -0.066103 0.010580 -1.719119 15.860000
-15.894603 -6.623031 1.779880 -0.045915 0.012599 -1.657042 15.995000
-15.920221 -6.841928 1.803310 -0.034936 0.012355 -1.579046 16.139999
-15.937072 -7.038447 1.837237 -0.016011 0.012340 -1.529982 16.270000
-15.952650 -7.243103 1.846638 0.014993 0.111662 -1.544298 16.405001
-15.968340 -7.447035 1.852709 -0.003232 0.161842 -1.554408 16.530001
-15.979424 -7.653633 1.877676 -0.061226 0.108923 -1.498166 16.645000
-15.982156 -7.861873 1.876934 -0.033075 0.069246 -1.504424 16.754999
-15.980749 -8.065989 1.876303 0.026337 0.044188 -1.558345 16.860001
-15.980843 -8.272722 1.879274 -0.025807 0.031107 -1.596160 16.965000
-15.977740 -8.470626 1.914634 -0.109243 0.025428 -1.486499 17.065001
-15.964260 -8.668226 1.948441 -0.107917 0.007280 -1.382520 17.165001
-15.936376 -8.887094 1.985484 -0.139379 -0.127500 -1.170885 17.280001
-15.897309 -9.083388 2.018535 -0.129450 -0.064965 -1.048867 17.395000
-15.842386 -9.276881 2.051682 -0.120860 -0.009735 -0.992525 17.520000
-15.769962 -9.464139 2.074399 -0.056126 0.010902 -0.993950 17.650000
-15.684187 -9.651713 2.083061 -0.030250 0.010642 -1.064914 17.785000
-15.587207 -9.850528 2.083234 0.009219 0.006457 -1.189031 17.930000
-15.492906 -10.032517 2.083365 -0.143443 0.004489 -0.941932 18.065001
-15.366538 -10.217989 2.083478 -0.122413 0.022067 -0.672611 18.215000
-15.226179 -10.379966 2.083567 -0.051958 0.027257 -0.539921 18.360001
-15.080562 -10.527439 2.083635 -0.038798 0.033172 -0.483382 18.500000
-14.933817 -10.666581 2.083689 -0.043328 0.028109 -0.565636 18.635000
-14.780294 -10.801404 2.083731 -0.073651 0.021818 -0.573854 18.770000
-14.611789 -10.931226 2.083768 -0.065537 0.014031 -0.580191 18.910000
-14.445444 -11.048156 2.083768 -0.033065 -0.240333 -0.433584 19.049999
-14.281331 -11.165739 2.083768 -0.061848 -0.197396 -0.239852 19.235001
-14.121560 -11.292454 2.083768 -0.063247 -0.072437 0.110959 19.570000
-14.192215 -11.099488 2.083768 0.002853 0.283971 2.131041 22.090000
-14.300366 -10.922531 2.083768 0.002513 0.164654 2.127679 22.215000
-14.405992 -10.749987 2.083768 0.003294 0.093841 2.125350 22.325001
-14.511467 -10.577643 2.083768 0.004468 0.055663 2.123584 22.430000
-14.629466 -10.384496 2.083768 0.005222 0.035135 2.122036 22.545000
-14.733024 -10.214566 2.055877 0.005385 0.025736 2.120964 22.645000
-14.836925 -10.043658 2.045589 0.004951 0.021563 2.120093 22.745001
-14.940960 -9.872185 2.019923 0.004421 0.018362 2.119390 22.844999
-15.050234 -9.691825 2.007345 0.003631 0.017507 2.118789 22.950001
-15.150719 -9.521611 1.974921 0.110831 -0.135795 1.926317 23.049999
-15.244996 -9.344637 1.942261 0.143468 -0.103833 1.782024 23.160000
-15.326540 -9.162221 1.909957 0.057062 -0.041041 1.755582 23.280001
-15.413072 -8.941785 1.881861 0.077877 -0.008291 1.771321 23.430000
-15.476822 -8.752079 1.849509 0.027831 0.003691 1.878309 23.559999
-15.535586 -8.554290 1.862099 0.057428 0.004968 1.873322 23.695000
-15.587729 -8.331950 1.824060 0.070940 0.009094 1.769849 23.844999
-15.623907 -8.114619 1.811044 0.020270 0.011073 1.667397 23.990000
-15.652296 -7.919350 1.768721 -0.018757 0.011932 1.676171 24.120001
-15.684493 -7.716818 1.767043 0.031883 0.012078 1.644860 24.254999
-15.715592 -7.491282 1.742340 0.000504 0.072758 1.598530 24.405001
-15.741097 -7.283467 1.733400 0.005732 0.167641 1.606859 24.535000
-15.763419 -7.079540 1.734635 0.064900 0.113365 1.588710 24.650000
-15.777818 -6.872735 1.735626 0.048544 0.073066 1.546758 24.760000
-15.785723 -6.659652 1.736465 0.001836 0.048020 1.569214 24.870001
-15.795577 -6.433791 1.737194 0.023043 -0.026415 1.598206 24.985001
-15.802569 -6.224986 1.737785 0.127666 -0.123215 1.396757 25.094999
-15.796114 -6.017724 1.738324 0.154626 -0.062297 1.216280 25.215000
-15.769970 -5.812557 1.754928 0.136833 -0.003002 1.101332 25.344999
-15.721608 -5.613089 1.755265 0.108805 0.027888 1.005038 25.480000
-15.653789 -5.422362 1.755517 0.091310 0.032286 0.958186 25.615000
-15.569479 -5.238235 1.755723 0.089532 0.030646 0.901857 25.750000
-15.469978 -5.061233 1.755889 0.080186 0.026169 0.843364 25.885000
-15.341360 -4.865826 1.779720 -0.033549 0.013127 0.955480 26.040001
-15.216629 -4.667012 1.818811 -0.073355 0.011083 1.174055 26.195000
-15.120009 -4.488215 1.852273 -0.077675 0.016151 1.346521 26.330000
-15.036741 -4.304940 1.862215 -0.090593 0.028157 1.495071 26.465000
-14.967655 -4.110072 1.859934 -0.110443 0.041147 1.636178 26.605000
-14.920453 -3.910626 1.858089 -0.128402 0.052960 1.770899 26.745001
-14.899568 -3.708152 1.856600 -0.116598 0.060033 1.884907 26.885000
-14.904303 -3.489010 1.855331 -0.096160 0.051901 1.926741 27.035000
-14.934419 -3.261829 1.854294 -0.101153 0.042220 1.986490 27.190001
-14.979753 -3.065537 1.853568 -0.050652 0.030701 1.978783 27.325001
-15.036210 -2.870114 1.852980 -0.073516 0.023133 1.992435 27.459999
-15.103133 -2.676911 1.852507 -0.029045 0.016138 1.976736 27.594999
-15.175911 -2.485062 1.852119 -0.013423 0.012019 1.964669 27.730000
-15.251352 -2.293823 1.851806 -0.000054 0.031358 1.955639 27.865000
-15.327655 -2.101419 1.851563 0.010214 0.166837 1.949105 27.995001
-15.400220 -1.911959 1.851383 0.086528 0.119057 1.872994 28.110001
-15.475508 -1.679406 1.851216 0.087634 0.070084 1.755122 28.240000
-15.527452 -1.482939 1.851102 0.079589 0.050789 1.671456 28.344999
-15.571095 -1.282116 1.851007 0.044584 0.040206 1.616330 28.450001
-15.609748 -1.078714 1.850925 0.015889 0.034377 1.629027 28.555000
-15.646268 -0.873568 1.850857 0.034954 0.030865 1.639161 28.660000
-15.679114 -0.667021 1.850798 0.047358 0.026340 1.647282 28.764999
-15.707148 -0.459378 1.850748 0.045636 0.016832 1.653853 28.870001
-15.730427 -0.252428 1.850705 0.035905 -0.011957 1.659132 28.975000
-15.752575 -0.018107 1.850664 0.017609 0.031046 1.663854 29.094999
-15.770179 0.188141 1.850635 0.002463 0.030916 1.667172 29.200001
-15.787327 0.395625 1.850609 0.056663 0.026561 1.612584 29.305000
-15.802300 0.623862 1.850585 -0.005363 0.024389 1.601495 29.420000
-15.816768 0.842652 1.850566 -0.008057 0.022401 1.605652 29.530001
-15.832121 1.061704 1.850550 0.002028 0.021837 1.608957 29.639999
-15.847292 1.280955 1.850536 0.010159 0.021324 1.611582 29.750000
-15.860736 1.490054 1.850526 0.013965 -0.007710 1.613595 29.855000
-15.872617 1.695235 1.850516 0.013551 -0.074444 1.615201 29.959999
-15.882040 1.904238 1.850508 0.084210 0.044971 1.542698 30.070000
-15.883032 2.105746 1.850501 0.042677 0.052942 1.495358 30.174999
-15.877010 2.319959 1.850496 0.032297 0.041639 1.430177 30.285000
-15.866473 2.536251 1.850491 -0.002223 0.033123 1.440475 30.395000
-15.854897 2.764004 1.850487 0.010032 0.028042 1.448975 30.510000
-15.840314 3.012507 1.850484 0.022161 0.024892 1.456192 30.635000
-15.824442 3.231464 1.850481 0.024057 0.022613 1.461164 30.745001
-15.808252 3.440333 1.850478 -0.054382 -0.003824 1.558172 30.850000
-15.797297 3.645827 1.850477 -0.052058 -0.103982 1.606197 30.955000
-15.791170 3.852264 1.850477 -0.010370 -0.311174 1.485768 31.070000
-15.789661 4.055293 1.850477 0.040539 -0.273410 1.333923 31.215000
-15.795392 4.256967 1.850477 0.067919 -0.152120 1.103538 31.434999
-15.814495 4.457309 1.850477 0.046683 -0.028370 0.606120 31.910000
-15.794922 4.659553 1.845731 0.023273 0.318778 1.332406 33.044998
-15.733888 4.863068 1.843945 0.017403 0.301702 1.244823 33.230000
-15.669348 5.060812 1.843708 -0.064041 0.180926 1.199844 33.360001
-15.602197 5.287039 1.843517 -0.063139 0.090691 1.211426 33.490002
-15.546329 5.500219 1.843376 -0.018412 0.055565 1.219430 33.605000
-15.495291 5.699683 1.843268 0.017841 0.040955 1.225236 33.709999
-15.441761 5.900808 1.843176 -0.031274 0.027112 1.296361 33.814999
-15.387889 6.113101 1.843094 -0.050096 0.021098 1.407819 33.924999
-15.337616 6.336326 1.843022 -0.063932 0.022111 1.511448 34.040001
-15.299003 6.540944 1.842967 -0.086480 0.028088 1.597387 34.145000
-15.269991 6.746275 1.842919 -0.110003 0.036419 1.676148 34.250000
-15.253498 6.952157 1.842880 -0.103990 0.043655 1.735472 34.355000
-15.248520 7.158801 1.842846 -0.078120 0.042987 1.725545 34.459999
-15.255260 7.375918 1.842816 -0.099580 0.039700 1.769979 34.570000
-15.278252 7.622426 1.842788 -0.070809 0.031834 1.758608 34.695000
-15.306577 7.829300 1.842767 -0.054178 0.026747 1.750947 34.799999
-15.343064 8.035326 1.842750 -0.112258 0.019168 1.837044 34.904999
-15.391008 8.237890 1.842736 -0.098122 0.019004 1.925824 35.009998
-15.445556 8.437863 1.842724 0.081557 0.023052 1.795303 35.115002
-15.493018 8.639805 1.842714 0.111927 0.028121 1.686662 35.220001
-15.530385 8.853853 1.842704 0.106021 0.031066 1.590123 35.330002
-15.554159 9.059740 1.842697 0.110481 0.034670 1.500965 35.435001
-15.567381 9.266591 1.842690 0.029769 0.033298 1.497656 35.540001
-15.576416 9.474560 1.842685 0.022263 0.030053 1.511311 35.645000
-15.582754 9.683421 1.842680 0.028365 0.026653 1.522294 35.750000
-15.585924 9.892161 1.842676 0.030531 -0.014528 1.531159 35.855000
-15.586023 10.096029 1.842674 0.023397 -0.071226 1.538159 35.959999
-15.582822 10.301929 1.842671 0.139415 -0.094284 1.303241 36.070000
-15.563455 10.507094 1.842668 0.270451 -0.048492 0.928217 36.189999
-15.500791 10.723009 1.862880 0.228080 0.068931 0.714064 36.340000
-15.389532 10.912401 1.898400 0.195423 0.087528 0.557827 36.494999
-15.247926 11.061793 1.912730 0.170470 0.077893 0.407835 36.639999
-15.072654 11.187907 1.912796 0.137536 0.061591 0.257610 36.790001
-14.871212 11.290246 1.912845 0.104227 0.011064 0.108863 36.945000
-14.664340 11.372171 1.912845 0.094060 -0.225354 -0.063925 37.110001
-14.476147 11.448223 1.912845 0.095027 -0.137809 -0.294309 37.330002
-14.291313 11.537793 1.912845 0.051143 -0.019040 -0.802199 37.814999
-14.258181 11.336511 1.912845 0.017466 0.319243 -1.776302 39.185001
-14.303658 11.110346 1.912845 -0.014691 0.210547 -1.828928 39.340000
-14.342465 10.910654 1.912845 -0.046508 0.118096 -1.822551 39.455002
-14.378117 10.706296 1.912845 -0.018808 0.071809 -1.817584 39.564999
-14.412136 10.505088 1.912845 0.011117 0.047065 -1.813808 39.669998
-14.448525 10.301255 1.912845 0.030971 0.035414 -1.810741 39.775002
-14.491651 10.087086 1.912845 0.106580 0.026301 -1.868679 39.884998
-14.544949 9.874944 1.912845 0.037643 0.025945 -1.880626 39.994999
-14.603750 9.663689 1.899808 0.014352 0.022831 -1.873407 40.105000
-14.657884 9.471486 1.873042 -0.072634 0.017802 -1.782847 40.205002
-14.706132 9.278062 1.856805 -0.030378 0.021282 -1.733845 40.305000
-14.751147 9.083888 1.822989 -0.008818 0.023529 -1.739370 40.404999
-14.804177 8.850231 1.820617 -0.016377 0.021656 -1.744639 40.525002
-14.851162 8.625421 1.821628 -0.067159 0.021442 -1.676479 40.639999
-14.887354 8.419142 1.822405 -0.049503 0.022906 -1.671398 40.744999
-14.918590 8.212308 1.823066 -0.074974 -0.004251 -1.629865 40.849998
-14.943830 8.008276 1.823631 -0.026856 -0.060568 -1.633538 40.955002
-14.967305 7.799347 1.823631 -0.036775 -0.284635 -1.513110 41.070000
-14.991916 7.595964 1.823631 -0.070713 -0.278403 -1.366501 41.209999
-15.024976 7.381749 1.823631 -0.086082 -0.150673 -1.130880 41.435001
-15.068585 7.185520 1.823631 -0.055383 -0.030485 -0.670113 41.875000
-14.867206 7.226748 1.823631 -0.000949 0.319543 0.558276 43.580002
-14.676024 7.345311 1.823631 0.001225 0.213011 0.556151 43.730000
-14.502449 7.453157 1.823631 0.003400 0.120720 0.554909 43.845001
-14.325125 7.563177 1.823631 0.005213 0.068004 0.553970 43.955002
-14.151971 7.673109 1.856898 -0.073720 0.042285 0.648851 44.060001
-13.989218 7.785267 1.888153 -0.067915 0.031873 0.730446 44.160000
-13.820766 7.908546 1.886721 -0.042303 0.025323 0.755564 44.264999
-13.653992 8.035280 1.885465 -0.085945 0.023538 0.810953 44.369999
-13.471209 8.189095 1.884266 -0.132533 0.030455 0.919036 44.490002
-13.315412 8.341667 1.883340 -0.087127 0.035192 0.965915 44.599998
-13.160841 8.510083 1.882532 -0.059949 0.030020 0.952677 44.715000
-13.005363 8.692330 1.881830 -0.056740 -0.000094 0.941875 44.834999
-12.869802 8.861453 1.881289 -0.043247 -0.071699 0.934052 44.945000
-12.747671 9.020359 1.880851 0.028643 0.032362 0.884453 45.049999
-12.622549 9.178237 1.880482 0.080354 0.048721 0.776501 45.154999
-12.488716 9.332414 1.880168 0.090277 0.043704 0.684963 45.259998
-12.345830 9.480648 1.879899 0.107360 0.041255 0.595622 45.365002
-12.194580 9.621981 1.879673 0.048393 0.037682 0.586867 45.470001
-12.037839 9.759624 1.879478 0.057469 0.031647 0.593660 45.575001
-11.868165 9.899183 1.879307 0.071794 0.024378 0.599257 45.685001
-11.709022 10.020696 1.879173 0.066971 0.018774 0.603409 45.785000
-11.538522 10.142720 1.879056 0.008135 -0.037557 0.641863 45.889999
-11.356741 10.271774 1.878946 -0.057843 -0.016535 0.752561 46.005001
-11.191027 10.393597 1.878857 0.072157 -0.113074 0.583819 46.115002
-11.025201 10.506378 1.878780 0.118005 -0.082860 0.383603 46.230000
-10.850416 10.608212 1.878710 0.124188 -0.024911 0.216999 46.355000
-10.669747 10.695368 1.878649 0.077064 0.009825 0.165312 46.485001
-10.458442 10.778923 1.878594 0.090797 0.025590 0.096642 46.634998
-10.234739 10.844620 1.878549 0.098256 0.029872 0.024398 46.790001
-10.035851 10.883752 1.878518 0.053162 0.026060 0.003007 46.924999
-9.834286 10.911032 1.878493 0.054333 0.022109 -0.019297 47.060001
-9.631030 10.928397 1.878472 0.041666 0.018657 -0.009593 47.195000
-9.419027 10.938537 1.878454 0.034079 0.054741 -0.001997 47.334999
-9.211281 10.942058 1.878441 0.056381 0.168922 -0.016139 47.465000
-9.007656 10.940195 1.878432 0.005368 0.118315 -0.010865 47.580002
-8.800694 10.937404 1.878424 -0.009881 0.073379 -0.006883 47.689999
-8.597027 10.935234 1.878418 0.002301 0.047661 -0.026340 47.794998
-8.370481 10.932951 1.878413 -0.017516 0.033381 -0.021397 47.910000
-8.122231 10.931595 1.878407 0.058737 0.026395 -0.086993 48.035000
-7.903569 10.923964 1.878404 0.077579 0.025375 -0.181420 48.145000
-7.695800 10.907757 1.878401 0.084776 0.028320 -0.263863 48.250000
-7.489625 10.881740 1.878399 0.096044 0.032737 -0.343070 48.355000
-7.285765 10.844497 1.878396 0.114923 0.039200 -0.419485 48.459999
-7.085219 10.794135 1.878394 0.129224 0.043818 -0.494969 48.564999
-6.852488 10.715132 1.878391 0.141287 0.047388 -0.583154 48.689999
-6.654646 10.627729 1.878390 0.140752 0.046871 -0.656887 48.799999
-6.472980 10.529600 1.878390 0.084463 0.016071 -0.687132 48.904999
-6.297495 10.422699 1.878390 0.140814 -0.068815 -0.776351 49.009998
-6.110605 10.289446 1.878390 0.165874 -0.092489 -0.920746 49.134998
-5.959570 10.157600 1.878390 0.154078 -0.034665 -0.992405 49.255001
-5.810634 9.994896 1.878390 0.129717 0.002192 -1.062703 49.395000
-5.688509 9.827666 1.878390 0.101654 0.013723 -1.129769 49.529999
-5.578523 9.645391 1.878390 0.043104 0.014971 -1.169311 49.669998
-5.480216 9.465164 1.878390 0.020635 0.013914 -1.154896 49.805000
-5.384920 9.282826 1.878390 0.018096 0.011163 -1.143969 49.939999
-5.285062 9.085943 1.878390 0.032247 -0.231692 -1.278677 50.090000
-5.191643 8.907268 1.878390 0.062807 -0.204424 -1.467174 50.270000
-5.089559 8.732457 1.878390 0.065721 -0.078524 -1.797044 50.584999
-5.285048 8.794947 1.878390 0.018529 0.278685 2.461463 53.000000
-5.451176 8.919061 1.878390 -0.064396 0.160465 2.437886 53.125000
-5.616182 9.036139 1.878390 -0.064558 0.087583 2.450988 53.235001
-5.792449 9.153647 1.878390 -0.028035 0.051829 2.461424 53.345001
-5.965571 9.266554 1.878390 0.006135 0.036136 2.469362 53.450001
-6.139753 9.381854 1.878390 0.030479 0.028337 2.475741 53.555000
-6.304597 9.495127 1.878390 0.039102 0.022731 2.480674 53.654999
-6.467552 9.612052 1.912519 0.035741 0.019562 2.484637 53.755001
-6.628433 9.732330 1.932910 0.083284 0.016161 2.445628 53.855000
-6.784410 9.858584 1.931825 0.062003 0.010901 2.377575 53.955002
-6.940072 9.993221 1.931825 0.007962 -0.199099 2.487529 54.060001
-7.104079 10.139561 1.931825 -0.044151 -0.319220 2.623663 54.189999
-7.251441 10.277898 1.931825 -0.076449 -0.225791 2.796448 54.355000
-7.394834 10.425031 1.931825 -0.077607 -0.096562 3.089659 54.634998
-7.519323 10.581679 1.931825 -0.013252 0.004196 -2.198703 55.584999
-7.429122 10.371387 1.931825 -0.008776 0.318711 -1.128316 57.035000
-7.330361 10.164103 1.931825 -0.012459 0.210177 -1.039284 57.189999
-7.234698 9.975088 1.931825 -0.014909 0.114990 -0.957647 57.310001
-7.118927 9.758814 1.931825 -0.046060 0.064957 -0.864979 57.439999
-7.018094 9.581854 1.931825 -0.002630 0.046345 -0.865916 57.544998
-6.913698 9.403322 1.931825 -0.030996 0.039009 -0.877877 57.650002
-6.804370 9.225517 1.931825 -0.062951 0.032306 -0.887423 57.755001
-6.688285 9.050862 1.931825 -0.072559 0.025758 -0.895110 57.860001
-6.571245 8.888354 1.931825 -0.063750 0.020563 -0.901025 57.959999
-6.449244 8.729079 1.916649 0.013803 0.015019 -0.952519 58.060001
-6.325161 8.564363 1.890450 0.092035 -0.139505 -1.140333 58.165001
-6.207289 8.394315 1.872338 0.125096 -0.095648 -1.239385 58.279999
-6.102025 8.217355 1.871796 0.150463 -0.025642 -1.328232 58.404999
-6.012144 8.018909 1.871300 0.144904 0.011643 -1.411726 58.544998
-5.951403 7.823370 1.870912 0.123776 0.023506 -1.485549 58.680000
-5.906290 7.594071 1.870558 0.042386 0.020415 -1.494931 58.834999
-5.876326 7.391912 1.870312 0.020125 0.016113 -1.479650 58.970001
-5.848876 7.181059 1.870106 0.007937 0.052540 -1.467747 59.110001
-5.823477 6.974637 1.869951 -0.001148 0.169799 -1.459423 59.240002
-5.798460 6.772279 1.869836 -0.005756 0.116972 -1.453719 59.355000
-5.772228 6.566852 1.869745 -0.007902 0.070920 -1.449461 59.465000
-5.745405 6.364949 1.869672 -0.007594 0.048543 -1.446143 59.570000
-5.717182 6.160036 1.869609 -0.005241 0.034621 -1.443501 59.674999
-5.686565 5.943728 1.869553 -0.002042 0.026585 -1.441269 59.785000
-5.653945 5.716778 1.869503 0.001614 0.022594 -1.439443 59.900002
-5.619789 5.479564 1.869460 0.004425 0.021486 -1.437947 60.020000
-5.587993 5.256866 1.869459 -0.002990 -0.198522 -1.359349 60.134998
-5.560461 5.055186 1.869459 -0.041282 -0.323214 -1.233685 60.255001
-5.535310 4.836355 1.869459 -0.076204 -0.218313 -1.045187 60.435001
-5.520778 4.635347 1.869459 -0.075865 -0.093758 -0.751973 60.715000
-5.526935 4.434995 1.869459 -0.010164 0.004521 0.331877 61.750000
-5.374752 4.573381 1.869459 0.046026 0.252030 0.856364 62.209999
-5.221073 4.707891 1.869459 -0.037316 0.115125 0.833152 62.369999
-5.060543 4.863560 1.869459 -0.070181 0.037456 0.774714 62.525002
-4.923853 5.011588 1.869459 -0.000933 0.010787 0.635532 62.660000
-4.782264 5.166419 1.856976 0.000368 0.009100 0.551966 62.799999
-4.643262 5.312577 1.857858 0.112201 0.028221 0.399109 62.935001
-4.476946 5.458496 1.893198 0.094849 0.047635 0.323507 63.084999
-4.276500 5.597377 1.893049 0.122466 0.049892 0.252155 63.250000
-4.098505 5.689470 1.879219 0.166559 0.045126 0.154450 63.384998
-3.888676 5.764215 1.878738 0.133462 0.040359 0.065067 63.535000
-3.692619 5.808794 1.902784 0.085037 0.033221 -0.009986 63.669998
-3.485254 5.839815 1.920201 0.065584 0.025651 -0.052452 63.810001
-3.283169 5.860291 1.917891 0.017149 0.020407 -0.047321 63.945000
-3.064581 5.877728 1.915900 0.021503 0.017315 -0.028427 64.089996
-2.860162 5.889952 1.914400 0.024153 0.014352 -0.015201 64.224998
-2.655315 5.897968 1.913193 0.027211 0.012790 -0.010504 64.360001
-2.450586 5.898571 1.912213 0.040127 0.013581 -0.102264 64.495003
-2.228682 5.891305 1.905924 -0.008649 0.160294 -0.087423 64.639999
-2.026686 5.884174 1.900305 -0.005115 0.146609 -0.078169 64.760002
-1.825616 5.876851 1.900284 -0.029924 0.093671 -0.050838 64.870003
-1.596333 5.873233 1.900265 0.020549 0.056698 -0.003656 64.989998
-1.371708 5.868396 1.916073 0.017693 0.039962 -0.062628 65.105003
-1.164530 5.859105 1.914854 0.075981 0.033130 -0.152342 65.209999
-0.956703 5.845439 1.913823 -0.038514 0.021538 -0.133652 65.315002
-0.748228 5.834883 1.912951 -0.040403 0.020413 -0.118705 65.419998
-0.529268 5.827919 1.912174 -0.019174 0.021512 -0.106126 65.529999
-0.319898 5.823067 1.911544 0.001590 0.022937 -0.096502 65.635002
-0.110299 5.817761 1.911009 0.015480 0.022233 -0.088781 65.739998
0.099022 5.810606 1.910555 0.022656 -0.010347 -0.082596 65.845001
0.304260 5.801203 1.910168 0.022234 -0.070523 -0.077605 65.949997
0.513411 5.789217 1.909827 0.015231 0.045312 -0.073483 66.059998
0.715178 5.775876 1.909550 0.006926 0.050568 -0.070312 66.165001
0.920100 5.761492 1.909317 -0.001049 0.039525 -0.067784 66.269997
1.156814 5.744757 1.909092 0.044590 0.027970 -0.104664 66.389999
1.364435 5.725681 1.908925 0.025143 0.025259 -0.162122 66.495003
1.571802 5.701475 1.908784 0.078822 0.025699 -0.239488 66.599998
1.777811 5.668926 1.908664 0.087700 0.027183 -0.324535 66.705002
2.029532 5.614727 1.908540 0.057888 0.023167 -0.400628 66.834999
2.228937 5.561845 1.908472 0.085779 -0.063113 -0.431973 66.940002
2.422818 5.502437 1.908472 0.037560 -0.280624 -0.316781 67.050003
2.637475 5.429643 1.908472 -0.026619 -0.280666 -0.154465 67.205002
2.825523 5.357332 1.908472 -0.061695 -0.163258 0.065447 67.415001
3.008336 5.272938 1.908472 -0.050784 -0.039975 0.515742 67.845001
2.810682 5.327924 1.888459 -0.015959 0.159030 2.802488 70.334999
2.599799 5.411668 1.877451 -0.058945 0.064583 2.846676 70.500000
2.405210 5.474185 1.873421 -0.120471 0.034719 2.992300 70.639999
2.195219 5.521946 1.874178 -0.041612 0.027169 2.993592 70.785004
1.993909 5.559028 1.874749 -0.034405 0.036761 2.995710 70.919998
1.789262 5.590773 1.875210 -0.020703 -0.040201 2.993068 71.055000
1.566104 5.623629 1.875630 0.032300 -0.090427 2.876456 71.209999
1.367123 5.657865 1.875963 0.042659 -0.099258 2.796400 71.364998
1.169960 5.700309 1.868738 0.063230 -0.086901 2.663727 71.544998
0.975447 5.758093 1.868224 0.050926 -0.065441 2.548622 71.764999
0.787936 5.834436 1.868613 0.015156 0.148351 2.475191 72.035004
0.611967 5.938290 1.868826 0.028113 0.109125 2.363102 72.250000
0.448490 6.055950 1.868954 0.037359 -0.000958 2.224481 72.425003
0.290414 6.184030 1.869054 0.053219 -0.036868 2.098570 72.605003
0.136831 6.328185 1.869138 0.065072 -0.035554 1.990439 72.809998
0.000850 6.487909 1.869205 0.050154 0.128646 1.902118 73.040001
-0.103052 6.670424 1.869246 0.045187 0.164970 1.779709 73.235001
-0.180008 6.860971 1.869271 0.080434 0.087978 1.627970 73.389999
-0.239997 7.071853 1.869291 0.095491 0.060373 1.467429 73.544998
-0.273661 7.270913 1.869305 0.110701 0.055092 1.329189 73.684998
-0.283322 7.487578 1.869318 0.136265 0.061298 1.173861 73.834999
-0.257573 7.716934 1.869328 0.138302 0.065180 1.018676 73.995003
-0.203509 7.911897 1.869335 0.133702 0.063373 0.889222 74.135002
-0.114953 8.110809 1.869341 0.130121 0.058290 0.744401 74.285004
0.006149 8.301643 1.869345 0.118071 0.052928 0.608881 74.440002
0.142729 8.464021 1.869348 0.126394 0.052410 0.465734 74.584999
0.310974 8.616124 1.869352 0.125898 0.052558 0.322355 74.739998
0.486193 8.735523 1.869356 0.105491 0.052583 0.200432 74.885002
0.681593 8.838083 1.869356 0.068268 0.043871 0.168398 75.035004
0.865903 8.919420 1.869356 0.011633 0.028980 0.264436 75.169998
1.061232 9.001276 1.869356 0.018088 0.014731 0.382411 75.309998
1.251467 9.078069 1.869356 0.012394 0.007098 0.475014 75.445000
1.441850 9.153764 1.869356 -0.016785 0.009577 0.555083 75.580002
1.664764 9.247920 1.869356 -0.027605 0.016927 0.622762 75.739998
1.864034 9.341360 1.869356 0.040933 0.135048 0.586586 75.885002
2.049286 9.432466 1.869356 -0.057579 0.097095 0.643717 76.010002
2.244809 9.540010 1.869356 -0.069456 -0.162905 0.779852 76.139999
2.433426 9.648278 1.869356 -0.094268 -0.262535 0.936931 76.290001
2.609936 9.744634 1.869356 -0.098275 -0.150195 1.151608 76.495003
2.795196 9.832829 1.869356 -0.060554 -0.030683 1.591434 76.915001
2.648805 9.977193 1.869356 -0.028491 0.315886 2.836920 78.419998
2.457749 10.043380 1.869356 -0.022395 0.223448 2.922200 78.555000
2.231325 10.118945 1.869356 -0.002376 0.110014 2.940599 78.690002
2.033887 10.183782 1.869356 -0.022062 0.069640 2.988986 78.800003
1.839073 10.243825 1.869356 -0.025678 0.050727 2.979275 78.904999
1.640370 10.301546 1.869356 -0.051391 0.037268 2.971530 79.010002
1.438742 10.354382 1.869356 -0.062852 0.029716 2.965321 79.114998
1.195804 10.409307 1.901045 -0.054486 0.024496 2.959480 79.239998
0.990023 10.449585 1.915260 -0.036698 0.021304 2.955625 79.345001
0.793223 10.484738 1.932201 -0.017199 0.020939 2.952652 79.445000
0.596070 10.518630 1.935245 0.000538 0.020350 2.950246 79.544998
0.398918 10.552918 1.964518 0.012406 0.020185 2.948284 79.644997
0.202004 10.588715 1.967361 0.018216 0.020418 2.946690 79.745003
-0.004036 10.628475 1.966738 0.051223 -0.013047 2.920352 79.849998
-0.204915 10.672685 1.966207 0.037508 -0.068068 2.863280 79.955002
-0.400260 10.720428 1.966207 -0.001723 -0.282849 2.978470 80.065002
-0.599211 10.773059 1.966207 -0.047139 -0.283432 3.125076 80.205002
-0.793061 10.831720 1.966207 -0.073707 -0.165199 -2.943437 80.410004
-0.981593 10.901879 1.966207 -0.056846 -0.042406 -2.519329 80.815002
-0.978656 10.700762 1.966207 -0.037504 0.320338 -1.101387 82.629997
-0.886419 10.517216 1.966207 -0.012951 0.212638 -1.027640 82.764999
-0.782320 10.320901 1.966207 -0.004003 0.106222 -0.948355 82.889999
-0.682627 10.138528 1.966207 0.025953 0.061548 -0.910829 83.000000
-0.575981 9.941911 1.966207 -0.016209 0.043554 -0.909184 83.114998
-0.458890 9.736295 1.966207 -0.108569 0.039906 -0.820760 83.235001
-0.339243 9.554909 1.966207 -0.132763 0.041187 -0.742431 83.345001
-0.212396 9.391038 1.966207 -0.149630 0.044613 -0.664176 83.449997
-0.072693 9.238206 1.966207 -0.152743 0.045594 -0.587528 83.555000
0.077966 9.095474 1.966207 -0.067548 0.038718 -0.599308 83.660004
0.242816 8.951444 1.966207 -0.057879 0.029345 -0.612588 83.769997
0.428701 8.799586 1.966207 -0.048693 0.010013 -0.624115 83.889999
0.617414 8.653341 1.966207 0.030704 0.004486 -0.688937 84.010002
0.779171 8.530753 1.966207 -0.109426 -0.131611 -0.493565 84.114998
0.948044 8.415851 1.972512 -0.104600 -0.087305 -0.347619 84.230003
1.123537 8.309315 1.980642 -0.039824 -0.035474 -0.374479 84.355003
1.301844 8.208348 1.980863 -0.058417 -0.007390 -0.352639 84.485001
1.480486 8.116899 1.981031 -0.071356 -0.014538 -0.332472 84.614998
1.664081 8.032506 1.981031 -0.010123 -0.252232 -0.479084 84.754997
1.849591 7.953865 1.981031 0.039415 -0.195416 -0.678058 84.945000
2.041019 7.884130 1.981031 0.052366 -0.069482 -1.049825 85.300003
1.890920 7.721930 1.953591 0.024557 0.162526 -2.769628 87.040001
1.699000 7.646346 1.924771 0.037182 0.068854 -2.775880 87.190002
1.505379 7.577430 1.921129 0.052111 0.026449 -2.743687 87.330002
1.312636 7.517031 1.922104 0.020560 -0.009349 -2.686583 87.464996
1.116434 7.457477 1.922915 -0.059098 -0.056216 -2.527466 87.605003
0.924864 7.390648 1.923614 -0.092913 -0.063211 -2.392293 87.754997
0.728897 7.303140 1.924262 -0.110268 -0.051048 -2.262330 87.934998
0.545671 7.187129 1.943259 -0.082364 0.170446 -2.215259 88.129997
0.392568 7.055137 1.957575 -0.029731 0.099472 -2.228030 88.285004
0.248172 6.916063 1.956806 -0.037833 0.052538 -2.245268 88.425003
0.109123 6.771164 1.980295 -0.029259 0.028500 -2.262994 88.559998
-0.030244 6.622253 1.968959 0.037291 0.012948 -2.413798 88.695000
-0.174601 6.477549 1.967877 0.049729 0.012195 -2.541492 88.830002
-0.325622 6.339979 1.967060 0.076315 0.084714 -2.639422 88.964996
-0.484514 6.211978 1.967060 0.032999 -0.185286 -2.498052 89.099998
-0.646680 6.089942 1.967060 -0.020989 -0.236321 -2.325267 89.264999
-0.813039 5.974878 1.967060 -0.053242 -0.120563 -2.047753 89.529999
-0.987099 5.876169 1.967060 -0.021018 -0.003356 -1.225678 90.315002
-0.789529 5.846655 1.955272 0.023489 0.225760 -0.057679 91.724998
-0.570244 5.820292 1.956191 -0.048682 0.089673 -0.117823 91.894997
-0.354830 5.802845 1.956825 -0.065285 0.038404 -0.099387 92.044998
-0.139103 5.798098 1.957312 -0.032586 0.022416 -0.086284 92.190002
0.088475 5.799754 1.957713 -0.011055 0.149752 -0.076333 92.339996
0.296539 5.801189 1.957981 0.014641 0.152348 -0.070177 92.464996
0.496654 5.799333 1.958179 0.028354 0.100840 -0.065938 92.574997
0.696691 5.793751 1.958337 0.030778 0.063364 -0.062715 92.680000
0.901362 5.784544 1.958471 0.023224 0.042083 -0.060162 92.785004
1.108285 5.772098 1.976883 0.076864 0.031995 -0.110811 92.889999
1.315623 5.751865 1.963586 0.083048 0.028238 -0.201348 92.995003
1.522072 5.722385 1.964108 0.071568 0.026261 -0.284046 93.099998
1.726948 5.684572 1.964553 0.077752 0.027957 -0.367026 93.205002
1.925683 5.638459 1.964930 0.134276 -0.118424 -0.534422 93.309998
2.137378 5.574472 1.965307 0.181836 -0.065514 -0.715586 93.434998
2.321363 5.495668 1.965617 0.196905 0.009231 -0.865391 93.559998
2.499823 5.383278 1.965898 0.179978 0.049284 -1.001790 93.699997
2.654318 5.246121 1.966126 0.086839 0.047308 -1.040898 93.839996
2.789781 5.097665 1.966302 0.106511 0.038177 -1.084958 93.974998
2.909129 4.935147 1.966446 0.145047 0.038040 -1.241695 94.110001
3.009862 4.755890 1.966487 0.062626 -0.150984 -1.186278 94.250000
3.098391 4.575870 1.966487 -0.005082 -0.230989 -1.013485 94.415001
3.179488 4.392205 1.966487 -0.044404 -0.122043 -0.735969 94.680000
3.243665 4.201809 1.966487 -0.019380 -0.003759 0.117523 95.495003
3.383513 4.350022 1.958341 0.036685 0.243505 0.955523 96.305000
3.516531 4.507508 1.919027 -0.026948 0.108052 0.918132 96.464996
3.642299 4.665733 1.919214 -0.055345 0.035476 0.844707 96.605003
3.761691 4.827267 1.919361 0.002435 0.008077 0.691189 96.739998
3.891643 4.999283 1.919487 0.111386 0.016517 0.476298 96.885002
4.042960 5.165119 1.936773 0.115317 0.059853 0.313487 97.040001
4.197163 5.293473 1.936956 0.116775 0.077489 0.215309 97.180000
4.389207 5.407811 1.937092 0.184973 0.076042 0.074044 97.334999
4.600202 5.482248 1.945423 0.153172 0.066374 -0.040855 97.489998
4.801345 5.519259 1.945036 0.097482 0.049971 -0.086900 97.629997
5.000823 5.535979 1.944738 0.073651 0.036089 -0.134786 97.764999
5.203109 5.540265 1.944497 0.029197 0.023574 -0.116000 97.900002
5.408211 5.538949 1.944464 0.045998 -0.212661 -0.239239 98.040001
5.612699 5.538308 1.944464 0.073334 -0.203124 -0.427740 98.220001
5.812892 5.546487 1.944464 0.070544 -0.079194 -0.747145 98.525002
6.001071 5.456273 1.944464 0.021885 0.319653 -1.380163 99.500000
6.039988 5.242371 1.944464 0.007356 0.297717 -1.371741 99.690002
6.076875 5.037269 1.944464 -0.008611 0.182853 -1.367650 99.820000
6.115777 4.832496 1.944464 -0.017416 0.102961 -1.364856 99.934998
6.155541 4.636131 1.944464 -0.018934 0.062245 -1.362827 100.040001
6.198566 4.435519 1.944464 -0.015078 0.042431 -1.361190 100.144997
6.241634 4.232450 1.944464 0.072491 0.030196 -1.455918 100.250000
6.277722 4.027385 1.944464 0.049655 0.026326 -1.528230 100.355003
6.308769 3.821245 1.944464 0.006239 0.025714 -1.519357 100.459999
6.338697 3.614393 1.944464 0.022811 0.025443 -1.512445 100.565002
6.366239 3.406796 1.944464 0.036584 0.024302 -1.506830 100.669998
6.389455 3.198494 1.944464 0.106587 0.022490 -1.558061 100.775002
6.402452 2.970157 1.944464 0.119816 0.000993 -1.662706 100.889999
6.400591 2.755296 1.944464 0.109368 0.018716 -1.749357 101.000000
6.388846 2.552435 1.944464 -0.040183 0.038396 -1.660130 101.105003
6.379827 2.347580 1.944464 -0.073850 0.036162 -1.547861 101.209999
6.379254 2.111580 1.944464 -0.073739 0.032573 -1.436122 101.330002
6.386615 1.894564 1.944464 0.000290 0.029367 -1.427549 101.440002
6.394906 1.686506 1.944464 -0.005793 0.027104 -1.436378 101.544998
6.404468 1.477816 1.944464 -0.025331 0.026395 -1.443480 101.650002
6.417129 1.268856 1.944464 -0.035795 0.024588 -1.449141 101.754997
6.433804 1.060475 1.944464 -0.034519 -0.015706 -1.453732 101.860001
6.453731 0.857117 1.944464 -0.023896 -0.057696 -1.457374 101.964996
6.476893 0.649858 1.944464 -0.012075 0.048744 -1.460458 102.074997
6.500779 0.449489 1.944464 0.000543 0.052027 -1.462806 102.180000
6.526254 0.235930 1.944464 0.011002 0.039722 -1.464747 102.290001
6.549909 0.009910 1.944464 0.094542 0.029570 -1.559073 102.404999
6.565313 -0.237494 1.944464 0.014714 0.027055 -1.571637 102.529999
6.575631 -0.446148 1.944464 0.008665 0.025324 -1.565967 102.635002
6.585354 -0.665305 1.944464 0.012040 0.022711 -1.561229 102.745003
6.593312 -0.874165 1.944464 0.014080 -0.020232 -1.557619 102.849998
6.599749 -1.078098 1.944464 0.011947 -0.069227 -1.554723 102.955002
6.605458 -1.285218 1.929053 -0.063677 -0.059549 -1.459371 103.065002
6.617875 -1.491141 1.914991 -0.134396 -0.091533 -1.251735 103.180000
6.646296 -1.694686 1.900073 -0.161029 -0.027998 -1.073293 103.305000
6.704252 -1.909508 1.899478 -0.165461 0.027486 -0.899537 103.449997
6.784902 -2.092550 1.899111 -0.151901 0.048471 -0.759790 103.584999
6.903131 -2.277850 1.898783 -0.135687 0.053206 -0.612465 103.735001
7.052463 -2.448987 1.898516 -0.119902 0.049960 -0.469671 103.889999
7.218302 -2.593880 1.898312 -0.122866 0.048891 -0.320700 104.040001
7.407825 -2.719431 1.898147 -0.118824 0.050151 -0.180816 104.195000
7.591853 -2.809941 1.898026 -0.128441 0.052550 -0.043125 104.334999
7.785265 -2.875955 1.885744 -0.131812 0.055618 0.090730 104.474998
8.006625 -2.917732 1.886593 -0.137746 0.060803 0.243275 104.629997
8.209643 -2.925350 1.870986 -0.132941 0.060166 0.370739 104.769997
8.412467 -2.905866 1.871587 -0.087026 0.053741 0.439885 104.910004
8.612649 -2.867180 1.871775 -0.064822 -0.129782 0.357722 105.050003
8.808582 -2.818723 1.871775 -0.004723 -0.231677 0.184930 105.214996
9.002701 -2.761189 1.871775 0.040209 -0.124823 -0.092586 105.480003
9.188804 -2.686744 1.871775 0.020940 -0.005817 -0.914662 106.264999
9.068496 -2.867621 1.871775 -0.003335 0.320017 -2.241230 108.035004
8.938481 -3.030245 1.871775 0.005557 0.076123 -2.302592 108.180000
8.809631 -3.186066 1.871775 -0.000562 -0.086762 -2.290561 108.309998
8.680228 -3.343496 1.871775 0.004510 -0.236594 -2.282273 108.455002
8.551922 -3.499963 1.871775 0.002063 -0.202238 -2.274310 108.654999
8.422546 -3.658735 1.871775 -0.006825 -0.045901 -2.037397 109.139999
8.598040 -3.554162 1.871775 -0.026626 0.319525 0.661020 112.160004
8.763038 -3.430101 1.871775 0.061527 0.201266 0.690109 112.294998
8.929433 -3.311418 1.871775 0.062490 0.112114 0.678738 112.410004
9.125817 -3.178079 1.871775 -0.024066 0.063442 0.719531 112.535004
9.302334 -3.055131 1.871775 -0.009383 0.040801 0.727574 112.644997
9.471727 -2.934248 1.871775 -0.023505 0.031036 0.718956 112.750000
9.640429 -2.809898 1.871775 -0.038300 0.024576 0.712085 112.855003
9.799186 -2.687739 1.871775 -0.041448 0.020433 0.706766 112.955002
9.954099 -2.560477 1.871775 -0.066941 0.019436 0.766609 113.055000
10.104670 -2.428024 1.871775 -0.032220 0.018920 0.762205 113.154999
10.253236 -2.292872 1.871775 -0.021700 0.016865 0.758540 113.254997
10.400514 -2.156036 1.871775 -0.011958 0.015665 0.755621 113.355003
10.547069 -2.018276 1.871775 -0.003804 0.014944 0.753221 113.455002
10.693432 -1.880243 1.871775 0.003712 0.014905 0.751298 113.555000
10.840049 -1.742442 1.871775 0.008175 0.014453 0.749718 113.654999
10.987183 -1.605197 1.871775 0.009815 0.012052 0.748461 113.754997
11.134085 -1.469363 1.871775 0.008457 -0.040982 0.747429 113.855003
11.284084 -1.331730 1.871775 -0.000644 -0.101686 0.751234 113.959999
11.432112 -1.193018 1.871775 -0.093094 -0.065421 0.888926 114.070000
11.571796 -1.048444 1.871775 -0.126830 -0.073484 1.074010 114.184998
11.724248 -0.860689 1.871775 -0.148641 -0.007601 1.271381 114.334999
11.834975 -0.686858 1.871775 -0.127123 0.026696 1.364198 114.470001
11.925406 -0.505630 1.871775 -0.103984 0.036126 1.411739 114.605003
12.002733 -0.302700 1.871775 -0.099017 0.033589 1.468292 114.750000
12.056956 -0.107620 1.871775 -0.092023 0.029476 1.526549 114.885002
12.099110 0.106341 1.871775 -0.044661 0.023011 1.528486 115.029999
12.127287 0.308145 1.871775 -0.083770 0.022273 1.605033 115.165001
12.140922 0.511357 1.871775 -0.070847 0.021087 1.672963 115.300003
12.141577 0.714994 1.871775 -0.040384 0.019575 1.723790 115.434998
12.134949 0.916178 1.871775 0.002322 0.175076 1.709107 115.565002
12.124871 1.131378 1.871775 -0.014962 0.134032 1.698213 115.690002
12.110652 1.354568 1.871775 -0.024257 0.080707 1.690099 115.809998
12.090887 1.595994 1.871775 -0.021446 0.048192 1.683583 115.934998
12.071085 1.802061 1.871775 -0.047654 0.033808 1.699972 116.040001
12.045632 2.008857 1.871775 -0.035252 0.027174 1.755999 116.144997
12.017732 2.215802 1.871775 0.002334 0.022580 1.704668 116.250000
11.991496 2.423214 1.871775 -0.022522 0.023429 1.733699 116.355003
11.966361 2.630949 1.871775 0.041661 0.020813 1.675446 116.459999
11.945345 2.839222 1.871775 0.026738 0.022249 1.672771 116.565002
11.926934 3.047998 1.871775 0.017038 0.021741 1.670609 116.669998
11.907740 3.286973 1.871775 0.005790 0.010770 1.668665 116.790001
11.890081 3.514030 1.871775 -0.002883 -0.055745 1.667201 116.904999
11.874219 3.713801 1.871775 -0.005989 0.005333 1.666137 117.010002
11.860960 3.921043 1.871775 0.106563 0.054978 1.516971 117.120003
11.859719 4.127236 1.871775 0.130971 -0.101926 1.312601 117.230003
11.870738 4.335060 1.871775 0.126416 -0.070399 1.227936 117.349998
11.900083 4.557205 1.871775 0.164650 -0.002109 1.080657 117.489998
11.953806 4.754647 1.871775 0.164597 0.030973 0.914955 117.625000
12.037479 4.943194 1.874276 0.136880 0.047659 0.763668 117.764999
12.140803 5.116733 1.883354 0.064608 -0.157462 0.785470 117.904999
12.250851 5.286931 1.883390 0.045275 -0.209537 0.804541 118.074997
12.363246 5.454789 1.883430 0.026772 -0.152832 0.824109 118.349998
12.294145 5.244637 1.883474 -0.021495 0.318354 -1.961984 122.209999
12.218039 5.058670 1.883474 -0.007955 0.222549 -1.877873 122.345001
12.144551 4.871320 1.883474 0.048289 0.125467 -1.836044 122.459999
12.066072 4.680511 1.883474 0.044140 0.069536 -1.847642 122.570000
11.984925 4.493766 1.883474 -0.003536 0.049309 -1.856577 122.675003
11.903069 4.303556 1.883474 -0.042403 0.036822 -1.863714 122.779999
11.821070 4.100752 1.883474 -0.060537 0.019546 -1.869757 122.889999
11.742538 3.890695 1.883474 -0.005766 -0.133120 -1.959271 123.004997
11.659826 3.665962 1.883474 0.051841 -0.148524 -2.097085 123.139999
11.585099 3.477664 1.883474 0.107061 -0.115709 -2.280075 123.269997
11.488318 3.277916 1.883474 0.125051 -0.066095 -2.442313 123.434998
11.377926 3.107925 1.883474 0.111344 -0.039943 -2.570229 123.610001
11.243662 2.956396 1.883474 0.084711 -0.033363 -2.673142 123.809998
11.087177 2.825990 1.883474 0.065998 0.161962 -2.765214 124.035004
10.902146 2.724474 1.883474 0.057490 0.106961 -2.911354 124.230003
10.711710 2.647549 1.883474 0.051429 0.023851 -3.051665 124.394997
10.520856 2.584503 1.883474 0.068207 -0.001490 3.107536 124.555000
10.303234 2.533228 1.883474 0.088602 0.006142 2.956966 124.739998
10.079972 2.510774 1.883474 0.073774 0.012867 2.841228 124.934998
9.870916 2.514182 1.883474 0.037771 -0.186305 3.001959 125.135002
9.669750 2.529876 1.883474 -0.021113 -0.098929 -2.946128 125.455002
9.702396 2.326998 1.883474 -0.019272 0.312201 -0.778547 128.005005
9.863886 2.160455 1.883474 0.035654 0.170161 -0.715154 128.149994
10.001825 2.015451 1.883474 0.068592 0.097540 -0.726312 128.259995
10.136280 1.866051 1.883474 0.022725 0.058669 -0.734696 128.365005
10.272943 1.711821 1.883474 -0.014406 0.039831 -0.741508 128.470001
10.426950 1.542952 1.883474 -0.109901 0.030155 -0.691366 128.585007
10.575427 1.395344 1.883474 -0.112209 0.026346 -0.640479 128.690002
10.738954 1.248926 1.883474 -0.055536 0.025544 -0.628406 128.800003
10.915453 1.101183 1.883474 -0.041649 0.021874 -0.635848 128.914993
11.072124 0.975757 1.883474 -0.035062 0.018422 -0.641040 129.014999
11.233890 0.846886 1.883474 0.071176 -0.139668 -0.829604 129.119995
11.392775 0.712060 1.883474 0.099797 -0.104343 -0.929735 129.235001
11.542176 0.568626 1.883474 0.116219 -0.035928 -1.055279 129.360001
11.680641 0.409397 1.883474 0.108252 0.006994 -1.108852 129.494995
11.798604 0.249153 1.854769 0.039991 0.010546 -1.013998 129.625000
11.915953 0.079603 1.847729 -0.010221 0.003581 -0.861830 129.759995
12.047421 -0.106109 1.850264 -0.054017 0.007702 -0.676947 129.910004
12.171716 -0.265748 1.852111 -0.068548 0.021596 -0.567384 130.044998
12.320079 -0.432519 1.853748 -0.121641 0.038694 -0.439238 130.195007
12.484836 -0.580532 1.855047 -0.105742 0.048320 -0.362600 130.345001
12.647449 -0.696996 1.855985 -0.116162 0.045640 -0.306482 130.479996
12.842322 -0.806756 1.856820 -0.070334 0.033727 -0.298795 130.630005
13.026331 -0.893264 1.857424 -0.061912 0.023270 -0.313165 130.764999
13.229936 -0.975968 1.857944 -0.013514 0.013429 -0.365537 130.910004
13.421085 -1.050356 1.858334 0.020350 0.010037 -0.470363 131.044998
13.617435 -1.131308 1.858661 0.036124 0.012345 -0.559132 131.184998
13.800282 -1.215251 1.858909 0.060591 0.174142 -0.632780 131.315002
13.980423 -1.312699 1.859095 0.075343 0.142442 -0.707944 131.434998
14.151334 -1.419948 1.859239 0.090313 0.098225 -0.784713 131.544998
14.321301 -1.542351 1.859360 0.109284 0.070267 -0.864402 131.654999
14.478371 -1.672013 1.859457 0.060742 0.053808 -0.896670 131.759995
14.653686 -1.830257 1.859551 0.054601 0.040052 -0.881589 131.880005
14.817952 -1.989414 1.859625 0.062747 0.020663 -0.870235 131.994995
14.960223 -2.139281 1.859684 0.153106 -0.122850 -1.019143 132.100006
15.092318 -2.300602 1.859736 0.180240 -0.093724 -1.201200 132.214996
15.212112 -2.478619 1.859786 0.117669 -0.027196 -1.249885 132.345001
15.316966 -2.670866 1.859830 0.116891 0.006520 -1.320315 132.485001
15.397336 -2.860660 1.859864 0.098416 0.018748 -1.384923 132.619995
15.462885 -3.054740 1.859891 0.042249 0.017291 -1.369899 132.755005
15.521055 -3.251455 1.859913 0.034041 0.014402 -1.358308 132.889999
15.577389 -3.464722 1.859932 0.047182 0.011827 -1.369140 133.035004
15.621671 -3.665044 1.859946 0.062205 0.013524 -1.459560 133.169998
15.655403 -3.870151 1.859958 0.006676 0.163722 -1.506229 133.304993
15.683387 -4.071756 1.859967 0.050885 0.143853 -1.544601 133.425003
15.707007 -4.272243 1.859973 -0.007448 0.092312 -1.536445 133.535004
15.730198 -4.471899 1.859978 -0.000556 0.059488 -1.526858 133.639999
15.753578 -4.675973 1.859983 0.012514 0.041709 -1.519124 133.744995
15.775755 -4.882497 1.859987 0.020802 0.031688 -1.512964 133.850006
15.795901 -5.090394 1.859990 0.022159 0.015669 -1.508023 133.955002
15.813516 -5.298518 1.859992 0.078641 0.022372 -1.550957 134.059998
15.823618 -5.506941 1.859995 0.048993 0.024326 -1.612470 134.164993
15.828483 -5.715638 1.859997 -0.012530 0.023077 -1.597245 134.270004
15.834519 -5.954557 1.860000 0.005549 0.022275 -1.617451 134.389999
15.839926 -6.183778 1.860001 -0.007465 0.021579 -1.607332 134.505005
15.845469 -6.393249 1.860001 0.003370 0.022265 -1.600022 134.610001
15.850555 -6.602877 1.860001 0.012941 0.021132 -1.594172 134.714996
15.854590 -6.842400 1.860001 0.017775 -0.000294 -1.588863 134.835007
15.856121 -7.049073 1.860001 0.016675 -0.066458 -1.585182 134.940002
15.855723 -7.255816 1.860001 0.067587 -0.020499 -1.621959 135.050003
15.850731 -7.458461 1.860001 0.008881 0.073713 -1.622811 135.160004
15.843937 -7.666872 1.860001 0.025926 0.063249 -1.634463 135.270004
15.832223 -7.889755 1.860001 0.025110 0.044118 -1.693838 135.384995
15.816572 -8.105529 1.860001 0.014122 0.035028 -1.692652 135.494995
15.797781 -8.332764 1.860001 0.022391 0.027773 -1.691670 135.610001
15.773660 -8.580490 1.860001 0.025119 0.023874 -1.690842 135.735001
15.747859 -8.808404 1.860001 0.018801 0.002953 -1.690246 135.850006
15.722303 -9.013636 1.860001 0.010054 -0.060077 -1.689813 135.955002
15.693319 -9.213516 1.860001 0.104024 0.035869 -1.808029 136.059998
15.653231 -9.412107 1.860001 0.118471 0.045827 -1.940244 136.164993
15.601286 -9.609507 1.860001 0.043657 0.042715 -1.976375 136.270004
15.532043 -9.834208 1.872183 0.111797 0.038983 -2.080758 136.389999
15.451443 -10.040519 1.878963 0.145203 -0.096362 -2.267776 136.505005
15.353946 -10.238566 1.878724 0.114409 -0.068522 -2.294848 136.630005
15.250208 -10.415159 1.878527 0.084551 -0.029568 -2.271663 136.755005
15.135798 -10.584992 1.886713 0.008974 -0.014074 -2.198508 136.884995
15.006771 -10.771144 1.898975 -0.013464 -0.204294 -2.106409 137.035004
14.892986 -10.935779 1.898566 -0.011419 -0.224580 -2.101211 137.199997
14.776354 -11.099390 1.898087 -0.010576 -0.160175 -2.095770 137.470001
14.575562 -11.083622 1.897851 0.069635 0.244779 2.179724 139.565002
14.466629 -10.910312 1.897851 0.100889 0.121595 1.818380 139.740005
14.386106 -10.726969 1.890674 0.065322 0.082850 1.675977 139.889999
14.319975 -10.529382 1.874053 0.121139 -0.053504 1.497340 140.039993
14.273753 -10.332522 1.841563 0.052390 -0.093784 1.608688 140.199997
14.235187 -10.112354 1.840981 0.028554 -0.109623 1.783792 140.410004
14.213099 -9.911798 1.840506 0.016366 -0.081716 1.640566 140.654999
14.199472 -9.703771 1.840074 0.070539 0.039187 1.578584 141.005005
14.221227 -9.501864 1.839873 -0.017989 0.235716 1.368115 141.270004
14.244831 -9.289982 1.839781 -0.040674 0.103906 1.366705 141.440002
14.261738 -9.084742 1.839719 0.011155 0.054226 1.365836 141.585007
14.283975 -8.856016 1.839668 0.013468 0.027569 1.427192 141.740005
14.311204 -8.631645 1.839628 0.065173 0.016158 1.403689 141.889999
14.348472 -8.407701 1.839597 0.055847 0.012944 1.377951 142.039993
14.388598 -8.209950 1.839575 -0.007477 0.170208 1.370840 142.169998
14.434713 -7.980915 1.839560 -0.011842 0.083959 1.407797 142.304993
14.478730 -7.752150 1.839560 -0.032414 -0.176041 1.543934 142.434998
14.518184 -7.548686 1.839560 -0.068561 -0.287432 1.685307 142.570007
14.561034 -7.353166 1.839560 -0.088391 -0.185991 1.879040 142.755005
14.613922 -7.159556 1.839560 -0.071378 -0.060543 2.229849 143.089996
14.413921 -7.157437 1.839560 0.003712 -0.017009 -2.744510 181.414993
14.468311 -7.354519 1.839560 0.017670 0.319627 -1.244877 196.050003
14.530158 -7.546584 1.839560 0.014412 0.266741 -1.248806 196.199997
14.590877 -7.740155 1.839560 0.006788 0.155170 -1.251182 196.320007
14.651689 -7.934647 1.839560 0.001462 0.087124 -1.252871 196.429993
14.721293 -8.155762 1.839560 -0.001273 0.050380 -1.254335 196.550003
14.783981 -8.352852 1.839560 -0.001652 0.034550 -1.255354 196.654999
14.847775 -8.551474 1.839560 -0.000516 0.026767 -1.256162 196.759995
14.912283 -8.750819 1.839560 0.001312 0.022613 -1.256811 196.865005
14.977185 -8.950543 1.839560 0.003359 0.020849 -1.257331 196.970001
15.039758 -9.140725 1.839560 -0.066286 0.017448 -1.193390 197.070007
15.111815 -9.337770 1.839560 -0.073455 -0.011115 -1.121479 197.175003
15.195435 -9.542841 1.839560 -0.007095 -0.241115 -1.241911 197.289993
15.275713 -9.728731 1.839560 0.041727 -0.312462 -1.372814 197.414993
15.361380 -9.912324 1.839560 0.074630 -0.206764 -1.556080 197.589996
15.455378 -10.090341 1.839560 0.072436 -0.081967 -1.870249 197.889999
15.331645 -10.249189 1.847520 0.042680 0.225918 2.988755 199.544998
15.129848 -10.221563 1.828257 -0.045184 0.068096 2.778354 199.705002
14.930210 -10.198277 1.840702 -0.002760 0.025288 2.611356 199.850006
14.730399 -10.168326 1.844213 0.046088 0.057567 2.406728 199.994995
14.531577 -10.121469 1.843243 0.068089 0.085735 2.444746 200.139999
14.338342 -10.055179 1.854419 0.134374 0.069180 2.457255 200.279999
14.139543 -9.956414 1.886817 0.061306 -0.091322 2.513931 200.429993
13.962823 -9.859112 1.886625 -0.044963 0.016167 2.886161 200.574997
13.764435 -9.759755 1.886459 -0.065181 0.064353 3.022633 200.735001
13.578644 -9.684425 1.886342 -0.134453 0.065701 3.131475 200.875000
13.360156 -9.629235 1.886240 -0.121392 0.054605 -3.124553 201.029999
13.154822 -9.606627 1.886167 -0.084365 0.036839 -3.100112 201.169998
12.945774 -9.598801 1.886108 0.019065 0.015371 2.979238 201.309998
12.743768 -9.588742 1.886062 0.034555 0.010676 2.841822 201.445007
12.543968 -9.571270 1.886025 0.074342 0.026610 2.690018 201.580002
12.332833 -9.536798 1.885993 0.090466 0.044614 2.629246 201.725006
12.125308 -9.481979 1.885966 0.109862 0.044835 2.565532 201.869995
11.938098 -9.409754 1.885947 0.110805 0.038961 2.503183 202.005005
11.758831 -9.317760 1.885931 0.103523 0.033654 2.433865 202.139999
11.585860 -9.211594 1.885918 -0.003904 0.019628 2.544744 202.274994
11.411934 -9.103641 1.885909 -0.012598 0.011530 2.649940 202.410004
11.236552 -8.997342 1.885900 -0.025142 0.010750 2.737849 202.544998
11.045636 -8.889157 1.885893 -0.050894 0.171135 2.818565 202.684998
10.858685 -8.796652 1.885888 -0.071293 0.130969 2.894770 202.804993
10.636446 -8.699588 1.885884 -0.011785 0.078667 2.891618 202.934998
10.439646 -8.617625 1.885882 -0.040850 0.052966 2.881122 203.044998
10.246776 -8.542542 1.885879 -0.061958 0.038689 2.873099 203.149994
10.050035 -8.473113 1.885877 -0.110649 0.028435 2.897333 203.255005
9.849539 -8.414485 1.885874 -0.142504 0.028022 2.991055 203.360001
9.645823 -8.370055 1.885872 -0.067918 0.028757 3.039701 203.464996
9.440351 -8.333112 1.885872 -0.017379 0.025840 3.028286 203.570007
9.214356 -8.294707 1.885872 -0.009804 0.022843 3.018509 203.684998
8.987806 -8.257304 1.885872 -0.008359 0.021999 3.010704 203.800003
8.780632 -8.223838 1.885872 -0.007225 0.020128 3.005028 203.904999
8.573321 -8.190870 1.885872 -0.004741 0.018303 3.000505 204.009995
8.328288 -8.152135 1.885872 0.032395 -0.052330 2.963175 204.134995
8.128931 -8.116526 1.885872 0.116664 -0.008672 2.809245 204.240005
7.932438 -8.067252 1.885872 0.192952 -0.105444 2.477877 204.350006
7.743083 -8.002208 1.885872 0.095481 -0.032812 2.491227 204.470001
7.539750 -7.915832 1.885872 0.096999 0.002815 2.512995 204.610001
7.362271 -7.822641 1.885872 0.086737 0.008579 2.531964 204.740005
7.162723 -7.698133 1.885872 0.024706 -0.151558 2.543154 204.895004
6.996241 -7.586795 1.885872 0.007004 -0.230432 2.550558 205.050003
6.830283 -7.471913 1.885872 0.001091 -0.177271 2.558015 205.285004
6.743338 -7.294688 1.852627 -0.086679 0.329563 0.716762 207.235001
6.866689 -7.132318 1.845139 -0.063024 0.176561 0.957577 207.425003
6.986817 -6.943816 1.840340 0.017425 0.010713 1.290689 207.585007
7.114532 -6.762058 1.836696 0.141664 -0.024788 1.255961 207.740005
7.261651 -6.599761 1.833920 0.089985 0.011743 1.116480 207.889999
7.408147 -6.459709 1.831906 0.034113 0.016906 0.853911 208.024994
7.557778 -6.324320 1.831389 -0.010253 -0.176662 0.733125 208.160004
7.706407 -6.187196 1.831389 0.026106 -0.231224 0.560338 208.324997
7.849830 -6.044705 1.831389 0.054567 -0.118200 0.282831 208.589996
7.979529 -5.889950 1.831389 0.020179 -0.002429 -0.560164 209.395004
7.830894 -6.020897 1.783098 -0.074626 0.237448 -2.310731 215.705002
7.708695 -6.182086 1.764317 0.028990 0.048546 -2.030341 215.854996
7.577844 -6.350527 1.759228 -0.034309 -0.063087 -1.754542 216.005005
7.451288 -6.510613 1.757131 -0.009589 0.044060 -1.669707 216.160004
7.330357 -6.683390 1.755450 -0.116928 0.126171 -1.592844 216.320007
7.241300 -6.871633 1.754201 -0.144813 0.107506 -1.581024 216.470001
7.187450 -7.066517 1.753275 -0.154988 0.062060 -1.588539 216.610001
7.162637 -7.271711 1.752527 -0.120922 0.031162 -1.594197 216.750000
7.160206 -7.481269 1.751928 -0.061982 0.017457 -1.598364 216.889999
7.169134 -7.684850 1.751459 -0.012405 0.014872 -1.601408 217.024994
7.179736 -7.884706 1.751092 0.016209 0.170906 -1.603616 217.154999
7.186419 -8.106185 1.750795 0.042345 0.137585 -1.605281 217.285004
7.186186 -8.309355 1.750584 0.046912 0.087692 -1.606387 217.395004
7.180486 -8.510923 1.750414 0.039483 0.055978 -1.607235 217.500000
7.168688 -8.745914 1.750250 0.021594 0.037368 -1.607999 217.619995
7.154378 -8.973372 1.750120 0.004069 0.028077 -1.608571 217.735001
7.139479 -9.201894 1.750011 -0.009967 0.024102 -1.609022 217.850006
7.126894 -9.411046 1.749928 -0.017262 0.022240 -1.609347 217.955002
7.116054 -9.620486 1.749856 -0.018615 0.021357 -1.609609 218.059998
7.107083 -9.829757 1.749798 -0.013566 -0.017973 -1.615045 218.164993
7.099708 -10.031693 1.749798 0.015596 -0.227973 -1.725002 218.270004
7.093901 -10.235633 1.749798 0.058210 -0.309761 -1.855903 218.395004
7.092966 -10.439665 1.749798 0.083604 -0.207605 -2.039163 218.570007
7.101515 -10.641673 1.749798 0.075879 -0.079432 -2.353317 218.869995
7.134861 -10.838875 1.749798 -0.000195 0.001033 1.798830 220.904999
7.115086 -10.637526 1.749798 0.002950 0.318940 1.644253 221.460007
7.100380 -10.435501 1.749798 0.013436 0.258770 1.567635 221.610001
7.090450 -10.233650 1.749798 0.011222 0.148976 1.491321 221.729996
7.084795 -10.024702 1.749798 0.082451 -0.045627 1.324781 221.845001
7.088347 -9.824041 1.749798 0.143599 -0.066516 1.152437 221.960007
7.108477 -9.624239 1.749798 0.157023 0.004620 1.024973 222.085007
7.154082 -9.424293 1.749798 0.185949 0.040807 0.917355 222.220001
7.233297 -9.234078 1.749798 0.183420 0.059342 0.766386 222.360001
7.344404 -9.063078 1.749798 0.123509 0.056387 0.651065 222.500000
7.485121 -8.903667 1.749798 0.131042 0.049076 0.506841 222.645004
7.632355 -8.768489 1.734663 0.015797 0.030484 0.582156 222.779999
7.807986 -8.614915 1.734554 0.018439 0.019789 0.606966 222.934998
7.982414 -8.468226 1.734472 0.019765 0.013825 0.624457 223.085007
8.142654 -8.339004 1.715826 0.056903 0.011359 0.586872 223.220001
8.302000 -8.221294 1.686482 0.040249 0.012095 0.521010 223.350006
8.491442 -8.093822 1.686627 0.013912 0.010892 0.476247 223.500000
8.664083 -7.982201 1.674020 0.023201 0.011377 0.476099 223.634995
8.837209 -7.874775 1.674267 0.021325 -0.158340 0.560699 223.770004
9.015752 -7.769885 1.674267 -0.029731 -0.237890 0.733492 223.934998
9.198034 -7.671837 1.674267 -0.057947 -0.118970 1.011008 224.199997
9.381986 -7.592321 1.674267 -0.024023 -0.004740 1.785958 224.940002
9.183376 -7.541114 1.674267 0.012385 0.219791 3.059111 226.080002
8.982436 -7.508433 1.687429 -0.096728 0.105005 -3.027007 226.240005
8.767233 -7.502540 1.700951 -0.141411 0.070973 -2.809865 226.395004
8.555694 -7.531169 1.718206 -0.115261 0.061229 -2.657896 226.544998
8.361019 -7.585510 1.718816 -0.135157 0.056673 -2.499735 226.684998
8.161870 -7.673388 1.719309 -0.124418 0.054859 -2.346303 226.835007
7.967363 -7.791660 1.719409 -0.063112 -0.194361 -2.438509 226.994995
7.803139 -7.905865 1.719409 0.002700 -0.210881 -2.627002 227.175003
7.638939 -8.033666 1.719409 0.041685 -0.089685 -2.972572 227.505005
7.457056 -7.939927 1.719409 0.102296 0.238034 1.690628 229.705002
7.443497 -7.734328 1.719409 -0.058007 0.085137 1.525260 229.865005
7.421131 -7.500870 1.719409 -0.055965 0.023465 1.430488 230.029999
7.395144 -7.298036 1.719409 0.060755 0.029851 1.301139 230.169998
7.380482 -7.094289 1.719409 0.047980 0.050432 1.244855 230.309998
7.379899 -6.887516 1.719409 0.085388 0.050219 1.263203 230.449997
7.401008 -6.688494 1.719409 0.199762 0.047712 1.094399 230.585007
7.459273 -6.492872 1.719409 0.220856 0.054565 0.884722 230.725006
7.559699 -6.312181 1.719409 0.149292 0.064478 0.626666 230.869995
7.685179 -6.157214 1.745940 0.112224 0.061580 0.488296 231.009995
7.830172 -6.016151 1.752809 0.092342 0.055747 0.404929 231.149994
8.003593 -5.875461 1.752788 0.049874 -0.225993 0.564558 231.309998
8.165353 -5.756118 1.752788 -0.011416 -0.190831 0.768768 231.505005
8.333731 -5.645345 1.752788 -0.040790 -0.071888 1.151007 231.869995
