-12.788429 3.971539 1.000000 0.000309 -0.015734 -0.196154 0.000000
-12.589792 3.945848 1.008860 -0.043875 0.088726 -0.175964 0.465000
-12.390937 3.941655 1.031368 -0.023646 0.248516 0.030390 0.740000
-12.185184 3.946767 1.033113 0.034695 0.096617 0.165770 0.905000
-11.982544 3.951854 1.034327 -0.014283 0.051603 0.310952 1.050000
-11.758341 3.965750 1.050939 -0.069305 0.046789 0.395005 1.205000
-11.554553 3.994468 1.051684 -0.109793 0.048867 0.472516 1.345000
-11.348783 4.046397 1.051956 -0.085795 -0.122144 0.593407 1.490000
-11.155262 4.105211 1.051956 -0.091261 -0.213334 0.766194 1.655000
-10.954370 4.160735 1.051956 -0.083825 -0.095827 1.054173 1.930000
-10.757469 4.196712 1.051956 -0.018961 0.003449 1.923354 2.760000
-10.901335 4.342437 1.051956 -0.023994 0.231069 2.499600 3.655000
-11.080283 4.477854 1.051956 -0.000473 0.086065 2.669381 3.830000
-11.258617 4.607367 1.051956 -0.030299 0.038230 2.829462 3.985000
-11.428016 4.720416 1.051956 -0.068536 0.036117 2.969069 4.125000
-11.605383 4.822464 1.051956 -0.088038 0.052138 3.021374 4.265000
-11.792708 4.908988 1.051956 -0.125231 0.053176 3.072128 4.405000
-11.982538 4.973217 1.051956 -0.092061 0.042819 3.058950 4.540000
-12.179206 5.021245 1.051956 -0.086796 0.026253 3.046594 4.675000
-12.380141 5.054569 1.051956 -0.062867 0.018007 3.037152 4.810000
-12.583365 5.077210 1.051956 -0.033934 0.013474 3.030041 4.945000
-12.794613 5.097877 1.051956 0.045979 0.013235 2.916927 5.085000
-12.993690 5.126183 1.051956 0.042688 0.173405 2.844694 5.215000
-13.194242 5.167419 1.051956 0.083041 0.141993 2.754916 5.335000
-13.388697 5.220896 1.051956 0.091601 0.098072 2.672967 5.445000
-13.586540 5.289098 1.051956 0.101770 0.069318 2.591494 5.555000
-13.774160 5.367690 1.051956 0.113359 0.055744 2.514855 5.660000
-13.974669 5.468955 1.051956 0.147885 -0.009298 2.398592 5.775000
-14.150976 5.576566 1.051956 0.193185 -0.098146 2.219522 5.885000
-14.314936 5.699059 1.051956 0.162668 -0.038416 2.142114 6.005000
-14.465865 5.840034 1.051956 0.154124 0.004535 2.076963 6.135000
-14.596248 5.991704 1.051956 0.089586 0.015041 2.093907 6.265000
-14.718291 6.157975 1.051956 0.069585 0.011486 2.107387 6.400000
-14.830439 6.330750 1.051956 0.084806 0.010084 2.080912 6.535000
-14.936995 6.523869 1.051956 0.108091 0.010645 1.901518 6.680000
-15.024229 6.724184 1.051956 0.058124 0.018742 1.771523 6.825000
-15.093696 6.914798 1.051956 0.056087 0.022564 1.706295 6.960000
-15.155428 7.116129 1.051956 0.044263 0.022199 1.654206 7.100000
-15.206935 7.313147 1.051956 0.033721 0.021393 1.668634 7.235000
-15.252396 7.512518 1.051956 0.044642 0.017262 1.679459 7.370000
-15.290330 7.713784 1.051956 0.041606 0.015020 1.687611 7.505000
-15.319125 7.916602 1.051956 0.077394 0.014931 1.608705 7.640000
-15.335365 8.120836 1.051956 0.016313 0.095753 1.559133 7.775000
-15.346571 8.322998 1.051956 -0.013667 0.157904 1.572531 7.900000
-15.358197 8.527601 1.051956 0.046758 0.110626 1.549359 8.015000
-15.365561 8.734506 1.051956 0.004325 0.072149 1.534830 8.125000
-15.371191 8.937905 1.051956 -0.005557 0.048108 1.544381 8.230000
-15.377119 9.144398 1.051956 0.001460 0.035052 1.552014 8.335000
-15.382785 9.352530 1.051956 0.007919 0.028282 1.558147 8.440000
-15.389906 9.561296 1.051956 -0.097451 0.017897 1.687702 8.545000
-15.407076 9.764071 1.087987 -0.170444 -0.135219 1.967807 8.650000
-15.436115 9.965153 1.124106 -0.056172 -0.086176 1.936037 8.765000
-15.471574 10.167095 1.123696 -0.040804 -0.033914 1.909196 8.890000
-15.520861 10.380736 1.123320 -0.137569 0.002179 2.083774 9.030000
-15.595174 10.586917 1.123010 -0.132788 0.025752 2.265386 9.175000
-15.701369 10.790017 1.116587 -0.133974 0.041253 2.453078 9.330000
-15.819714 10.962079 1.106127 -0.074683 -0.166870 2.491485 9.475000
-15.938931 11.125388 1.106127 -0.085270 -0.204487 2.674742 9.650000
-16.052378 11.292859 1.106127 -0.077399 -0.083295 2.983661 9.945000
-16.145025 11.470157 1.106127 -0.002186 0.003458 -1.781088 11.395000
-16.079325 11.278705 1.106127 -0.002433 0.208084 -1.218240 12.310000
-16.009449 11.088723 1.106127 -0.012860 0.284761 -1.203624 12.475000
-15.921694 10.862501 1.106127 -0.019268 0.168410 -1.194102 12.625000
-15.845918 10.675896 1.106127 -0.018814 0.098708 -1.188760 12.735000
-15.767894 10.490037 1.106127 -0.014887 0.058845 -1.184696 12.840000
-15.686514 10.300613 1.106127 0.038450 0.036873 -1.212617 12.945000
-15.607605 10.108035 1.106127 0.030400 0.027924 -1.269587 13.050000
-15.531692 9.913301 1.106127 0.010615 0.024501 -1.263509 13.155000
-15.456591 9.717506 1.106127 0.020171 0.022813 -1.258666 13.260000
-15.386546 9.530017 1.106127 0.026441 0.020670 -1.254918 13.360000
-15.308645 9.313583 1.106127 0.026577 0.009653 -1.251524 13.475000
-15.238985 9.106335 1.106127 0.118610 -0.072506 -1.389949 13.585000
-15.183025 8.907150 1.106127 0.090847 -0.120479 -1.486863 13.695000
-15.135664 8.706223 1.106127 0.066208 -0.067309 -1.481489 13.815000
-15.097369 8.508005 1.106127 0.064692 -0.025848 -1.477149 13.940000
-15.070364 8.307224 1.106127 0.079365 -0.002765 -1.549022 14.070000
-15.055712 8.101022 1.106127 0.039179 0.007270 -1.545179 14.205000
-15.048146 7.895507 1.106127 0.020976 0.010802 -1.542275 14.340000
-15.044204 7.690138 1.106127 0.006404 0.010952 -1.540129 14.475000
-15.043521 7.484635 1.106127 0.048409 0.082112 -1.619600 14.610000
-15.050890 7.282971 1.106127 0.028057 0.158384 -1.686516 14.735000
-15.064665 7.079494 1.125748 0.038942 0.108568 -1.759307 14.850000
-15.084901 6.874743 1.160317 0.024579 0.074183 -1.825129 14.960000
-15.108575 6.673946 1.193344 0.013566 0.052205 -1.825750 15.065000
-15.137135 6.450487 1.230017 0.026438 0.040388 -1.826271 15.180000
-15.172047 6.225833 1.267132 0.062887 0.034947 -1.857194 15.295000
-15.211175 6.031304 1.298182 0.122908 0.031978 -1.919996 15.395000
-15.264013 5.833849 1.297872 0.127581 -0.117441 -2.051510 15.500000
-15.333456 5.620976 1.332464 0.038954 -0.095197 -1.988542 15.625000
-15.398746 5.432912 1.364767 0.014210 -0.048592 -1.920220 15.745000
-15.465614 5.246121 1.396894 0.006626 -0.017302 -1.912518 15.870000
-15.542750 5.034945 1.432198 -0.008564 -0.000525 -1.905793 16.014999
-15.610277 4.847285 1.463014 -0.015773 0.004908 -1.901245 16.145000
-15.675386 4.659691 1.494909 -0.042145 0.007700 -1.871780 16.275000
-15.734605 4.470818 1.525627 -0.023835 0.010196 -1.820807 16.405001
-15.793334 4.274518 1.545176 -0.072250 0.170964 -1.801295 16.535000
-15.842616 4.080117 1.575040 -0.076294 0.131807 -1.718891 16.650000
-15.883307 3.879306 1.594344 -0.003233 0.078266 -1.669952 16.760000
-15.921677 3.680639 1.585859 0.026788 0.051056 -1.680261 16.865000
-15.968921 3.449754 1.538795 -0.003064 0.035562 -1.689402 16.985001
-16.010151 3.245732 1.515972 -0.085002 0.029109 -1.648285 17.090000
-16.042166 3.049882 1.483337 -0.066524 0.030059 -1.606522 17.190001
-16.070744 2.823119 1.444438 -0.041315 0.027836 -1.616042 17.305000
-16.094900 2.585181 1.413167 -0.035628 0.018077 -1.623795 17.424999
-16.111401 2.376717 1.413988 -0.093276 0.022682 -1.574212 17.530001
-16.118700 2.168056 1.414741 -0.098748 0.026347 -1.485871 17.635000
-16.115343 1.959602 1.415379 -0.047333 0.026498 -1.424163 17.740000
-16.106745 1.751199 1.415926 0.012152 0.023841 -1.441125 17.844999
-16.098661 1.542295 1.416387 0.007965 0.023843 -1.454624 17.950001
-16.091034 1.332981 1.416777 -0.003420 0.022363 -1.465426 18.055000
-16.082777 1.123491 1.417112 -0.011642 0.022535 -1.474230 18.160000
-16.071524 0.884251 1.417431 -0.016061 -0.015743 -1.482074 18.280001
-16.059475 0.669662 1.417676 -0.013959 -0.081731 -1.487764 18.389999
-16.047350 0.454365 1.436359 0.010973 0.046148 -1.534939 18.504999
-16.036762 0.236798 1.474790 0.002312 0.061532 -1.537107 18.620001
-16.026817 0.023739 1.510355 0.008949 0.045779 -1.538742 18.730000
-16.018158 -0.182613 1.544884 0.013712 0.035314 -1.539989 18.834999
-16.011158 -0.380724 1.577266 0.014441 0.028508 -1.540948 18.934999
-16.005474 -0.579676 1.608724 0.012647 0.023886 -1.541732 19.035000
-16.000916 -0.779033 1.640659 0.008248 0.022692 -1.542372 19.135000
-15.996885 -0.988536 1.642096 0.002655 0.004147 -1.542906 19.240000
-15.993125 -1.195596 1.640303 -0.001782 -0.055547 -1.543336 19.344999
-15.989861 -1.403461 1.638725 0.015071 -0.039575 -1.592616 19.455000
-15.988127 -1.606180 1.637382 -0.000260 0.070929 -1.590101 19.565001
-15.986389 -1.833540 1.636166 -0.046799 0.059887 -1.548845 19.684999
-15.981668 -2.037254 1.635261 -0.005542 0.045629 -1.524821 19.790001
-15.975642 -2.243713 1.634502 -0.001586 0.034738 -1.524176 19.895000
-15.967562 -2.501471 1.633711 -0.008161 0.027382 -1.523545 20.025000
-15.959942 -2.710518 1.633179 -0.011453 0.023251 -1.523146 20.129999
-15.950997 -2.919849 1.632728 -0.011053 0.015870 -1.522827 20.235001
-15.940870 -3.127742 1.632344 -0.007729 -0.039427 -1.522573 20.340000
-15.930699 -3.328667 1.632021 0.044266 -0.098059 -1.585416 20.445000
-15.924730 -3.530367 1.631731 -0.013928 0.057170 -1.581187 20.555000
-15.918103 -3.762908 1.631458 -0.033644 -0.052634 -1.505652 20.680000
-15.906466 -3.968754 1.631248 -0.081452 -0.095262 -1.346529 20.795000
-15.886556 -4.191712 1.618050 -0.045490 -0.049785 -1.358196 20.930000
-15.862855 -4.394770 1.617407 -0.006710 -0.009894 -1.360295 21.059999
-15.836495 -4.600863 1.616865 -0.018164 0.002349 -1.459795 21.195000
-15.807909 -4.804955 1.616424 -0.026318 0.008352 -1.457598 21.330000
-15.773951 -5.014560 1.616205 0.003750 -0.109927 -1.393739 21.469999
-15.741641 -5.216392 1.616205 -0.026770 -0.248485 -1.231418 21.625000
-15.715727 -5.415212 1.616205 -0.057427 -0.144988 -0.990555 21.855000
-15.703902 -5.618136 1.616205 -0.038442 -0.021276 -0.419815 22.400000
-15.500450 -5.529965 1.616205 0.003465 0.320854 0.690784 23.985001
-15.332523 -5.395967 1.616205 0.002065 0.224715 0.685216 24.129999
-15.173770 -5.268994 1.616205 0.002697 0.125154 0.681874 24.245001
-15.011016 -5.138898 1.616205 0.003806 0.070938 0.679349 24.355000
-14.850533 -5.010901 1.616205 0.004619 0.042806 0.677426 24.459999
-14.671853 -4.868849 1.616205 0.004738 0.026559 0.675773 24.575001
-14.476350 -4.713192 1.616205 -0.026100 0.019294 0.711645 24.700001
-14.321237 -4.586288 1.616205 -0.074495 0.014764 0.771675 24.799999
-14.169250 -4.455787 1.616205 -0.036094 0.019319 0.775123 24.900000
-14.020115 -4.321831 1.616205 -0.110647 0.015828 0.840301 25.000000
-13.876691 -4.182173 1.616205 -0.060950 0.019580 0.841906 25.100000
-13.737946 -4.037752 1.616205 -0.119632 0.016099 0.900455 25.200001
-13.601730 -3.878625 1.616205 -0.135093 -0.011796 1.002731 25.305000
-13.463069 -3.691015 1.616205 -0.089941 -0.074421 1.086801 25.424999
-13.347910 -3.521244 1.646230 0.036252 0.045965 0.983821 25.535000
-13.234052 -3.359402 1.680611 0.066787 -0.017291 0.840163 25.639999
-13.111916 -3.198544 1.725132 0.108570 -0.104622 0.649475 25.750000
-12.980487 -3.044121 1.760695 0.144010 -0.046999 0.479457 25.870001
-12.834408 -2.902161 1.782159 0.161479 0.015627 0.328431 26.000000
-12.671892 -2.782347 1.781765 0.164905 0.050979 0.193094 26.135000
-12.489719 -2.687665 1.781435 0.157679 0.059186 0.060373 26.275000
-12.289145 -2.620578 1.781162 0.128857 0.058064 -0.055744 26.420000
-12.087783 -2.582481 1.780950 0.127787 0.052245 -0.187884 26.559999
-11.883253 -2.570504 1.780780 0.101151 0.049225 -0.311713 26.700001
-11.677634 -2.579923 1.780643 0.072895 0.042305 -0.348156 26.840000
-11.471554 -2.606125 1.780532 0.086831 0.037924 -0.402481 26.980000
-11.274619 -2.648465 1.780445 0.089542 0.033855 -0.459435 27.115000
-11.081259 -2.707528 1.780376 0.086111 0.030178 -0.522654 27.250000
-10.885245 -2.784241 1.780317 0.031508 0.022477 -0.531276 27.389999
-10.698766 -2.867380 1.798046 0.035656 0.018221 -0.554792 27.525000
-10.515963 -2.959625 1.832470 0.069067 0.037795 -0.625798 27.660000
-10.336788 -3.061679 1.849515 -0.004400 0.170148 -0.619362 27.790001
-10.162046 -3.164543 1.863486 0.004320 0.121502 -0.608134 27.905001
-9.968183 -3.281295 1.872743 0.014536 0.070847 -0.599033 28.025000
-9.794088 -3.388952 1.878742 0.016257 0.045763 -0.592683 28.129999
-9.618405 -3.500164 1.878018 0.012882 0.031306 -0.587618 28.235001
-9.450604 -3.608259 1.908617 0.006285 0.023316 -0.583751 28.334999
-9.282569 -3.717409 1.931548 -0.046088 0.016985 -0.547159 28.434999
-9.112542 -3.822808 1.992008 -0.112513 -0.064556 -0.396985 28.535000
-8.931862 -3.924686 1.998783 -0.044199 -0.283924 -0.480543 28.645000
-8.749189 -4.021484 1.998783 0.016292 -0.299558 -0.621919 28.780001
-8.558108 -4.114911 1.998783 0.057752 -0.181390 -0.836601 28.985001
-8.373853 -4.192914 1.998783 0.056144 -0.058064 -1.224076 29.355000
-8.461885 -4.379978 2.031322 0.062245 0.192072 -2.627575 31.035000
-8.657762 -4.495569 2.035558 0.085156 0.073549 -2.652326 31.205000
-8.841212 -4.583005 2.038306 0.057498 0.036610 -2.667096 31.344999
-9.033891 -4.664087 2.031316 -0.031057 0.019343 -2.622380 31.485001
-9.218188 -4.747988 1.997566 -0.104481 0.023534 -2.435164 31.620001
-9.404607 -4.856124 1.962267 -0.116133 0.034294 -2.262460 31.764999
-9.570207 -4.979410 1.947999 -0.118982 0.042627 -2.118172 31.905001
-9.719436 -5.120691 1.949523 -0.117716 0.048464 -1.983840 32.044998
-9.849871 -5.278788 1.950738 -0.098058 0.050421 -1.873126 32.185001
-9.967785 -5.456964 1.951751 -0.083556 0.044518 -1.840188 32.330002
-10.064147 -5.633357 1.952510 -0.091074 0.037910 -1.793591 32.465000
-10.145721 -5.818245 1.936419 -0.092308 0.032479 -1.737375 32.599998
-10.212059 -6.009798 1.938589 -0.049681 0.026219 -1.713911 32.735001
-10.269007 -6.205523 1.940354 -0.038303 0.020140 -1.730110 32.869999
-10.319329 -6.403955 1.941789 -0.073334 0.015831 -1.700306 33.005001
-10.358965 -6.604757 1.942951 -0.034744 0.055688 -1.675856 33.139999
-10.391905 -6.809897 1.943864 -0.019858 0.171032 -1.683805 33.270000
-10.420673 -7.011802 1.944529 -0.015719 0.116438 -1.689214 33.384998
-10.448775 -7.226863 1.945088 -0.069442 0.070374 -1.646987 33.500000
-10.471971 -7.468807 1.945592 -0.007358 0.043444 -1.610463 33.625000
-10.490438 -7.684982 1.945961 0.016625 0.031745 -1.621054 33.735001
-10.509870 -7.892587 1.946260 0.014792 0.025790 -1.629175 33.840000
-10.534027 -8.130493 1.946546 0.005177 0.023032 -1.636501 33.959999
-10.558008 -8.358797 1.946773 -0.004015 0.021916 -1.641927 34.075001
-10.581668 -8.587356 1.946964 -0.009275 0.021254 -1.646220 34.189999
-10.605281 -8.825871 1.947130 -0.010896 -0.013437 -1.649736 34.310001
-10.627182 -9.059337 1.947268 -0.009053 -0.032765 -1.652473 34.430000
-10.643343 -9.264928 1.966780 -0.131209 -0.109768 -1.439126 34.540001
-10.645731 -9.471710 1.990374 -0.157337 -0.061114 -1.221357 34.660999
-10.628523 -9.669033 2.021821 -0.151140 0.003912 -1.080852 34.785000
-10.581688 -9.882333 2.051135 -0.167551 0.042616 -0.916064 34.930000
-10.505564 -10.072320 2.050106 -0.179083 0.059564 -0.711670 35.070000
-10.385900 -10.259251 2.049167 -0.164281 0.069400 -0.492503 35.224998
-10.234263 -10.418159 2.048432 -0.155562 0.075055 -0.288331 35.380001
-10.050520 -10.550238 2.047833 -0.081674 0.072712 -0.170100 35.540001
-9.873805 -10.650551 2.040038 -0.008288 0.047022 -0.288743 35.680000
-9.680369 -10.744384 2.040000 -0.179198 0.044116 -0.099078 35.825001
-9.462192 -10.807193 2.039968 -0.115831 0.048742 0.049576 35.980000
-9.258692 -10.834882 2.039945 -0.137876 0.046074 0.184708 36.119999
-9.055305 -10.832252 2.039925 -0.220614 0.046154 0.515740 36.259998
-8.829844 -10.782162 2.059148 -0.129319 0.022072 0.737968 36.424999
-8.637979 -10.712042 2.059148 -0.115155 -0.202211 0.905525 36.584999
-8.445157 -10.640920 2.059148 -0.100892 -0.112515 1.156860 36.825001
-8.252653 -10.584547 2.059148 -0.040824 -0.005603 1.743306 37.384998
-8.444733 -10.519417 2.059148 0.035958 0.317621 2.952558 39.029999
-8.641283 -10.474500 2.059148 0.100277 0.223222 2.892861 39.165001
-8.834511 -10.417172 2.059148 0.090314 0.056604 2.746323 39.279999
-9.028037 -10.348134 2.059148 0.048655 -0.081355 2.635316 39.395000
-9.222578 -10.269782 2.059148 0.107068 -0.050766 2.455912 39.520000
-9.406859 -10.180428 2.059148 0.081675 -0.003990 2.377315 39.650002
-9.585588 -10.077347 2.059148 0.058632 0.018933 2.354990 39.785000
-9.767684 -9.954244 2.059148 0.134852 0.023159 2.253775 39.930000
-9.923867 -9.824438 2.054975 0.135067 0.028081 2.181171 40.064999
-10.067060 -9.680898 2.030523 0.053088 0.025303 2.182254 40.200001
-10.206034 -9.521932 2.003204 0.143179 0.020727 2.044538 40.340000
-10.320110 -9.357480 1.987284 0.075039 -0.124859 1.995546 40.474998
-10.424369 -9.185516 1.987284 0.008392 -0.239968 2.163088 40.634998
-10.521910 -9.009194 1.987284 -0.038441 -0.135795 2.424871 40.884998
-10.604698 -8.826523 1.987284 -0.027704 -0.014043 3.110744 41.540001
-10.720961 -8.989474 1.987284 -0.039276 0.223936 -1.982437 42.990002
-10.788904 -9.181936 1.987284 -0.060309 0.099906 -1.852155 43.150002
-10.847735 -9.387099 1.987284 -0.025269 0.049658 -1.835169 43.299999
-10.898341 -9.580644 1.987284 0.012502 0.028521 -1.855524 43.435001
-10.952340 -9.792176 1.987284 -0.026367 0.016102 -1.847702 43.580002
-10.999272 -9.991437 1.987284 -0.028722 0.083517 -1.836122 43.715000
-11.042171 -10.188808 1.987284 -0.019025 0.167401 -1.827979 43.840000
-11.085794 -10.387898 1.987284 0.089399 -0.007875 -1.955447 43.955002
-11.138571 -10.581238 1.973470 0.097436 -0.123240 -2.094279 44.070000
-11.201649 -10.777191 1.973862 0.054661 -0.257511 -2.071388 44.205002
-11.265510 -10.967781 1.974272 0.034301 -0.221683 -2.049409 44.384998
-11.329595 -11.158113 1.974831 0.015270 -0.130609 -2.023272 44.755001
-11.155479 -11.052663 1.974842 -0.018236 0.318752 0.737162 48.869999
-10.981358 -10.892069 1.974842 -0.016464 0.211886 0.833825 49.029999
-10.835397 -10.750239 1.974842 -0.017343 0.116466 0.912724 49.145000
-10.696150 -10.610029 2.008203 0.023048 0.069042 0.949106 49.250000
-10.552505 -10.465523 2.043571 0.011515 0.046562 0.935632 49.355000
-10.406248 -10.318550 2.070933 -0.055634 0.035754 0.944222 49.459999
-10.245132 -10.142964 2.069247 -0.149904 0.035493 1.048806 49.580002
-10.111941 -9.970609 2.067934 -0.158405 0.039272 1.135945 49.689999
-9.999689 -9.796177 2.066872 -0.138785 0.041105 1.209917 49.794998
-9.899163 -9.614291 2.065976 -0.066796 0.034902 1.198438 49.900002
-9.796077 -9.409898 2.065145 -0.058164 0.027714 1.188371 50.014999
-9.699074 -9.201511 2.064449 -0.047870 0.022293 1.180461 50.130001
-9.618832 -9.017998 2.063936 -0.033840 0.019083 1.174962 50.230000
-9.537589 -8.824825 2.063480 -0.014163 -0.036189 1.170331 50.334999
-9.459690 -8.636796 2.063090 0.000704 -0.058347 1.166602 50.439999
-9.380481 -8.445646 2.046689 -0.061613 -0.064875 1.255209 50.549999
-9.310003 -8.260914 2.012474 -0.124299 -0.095104 1.459643 50.660000
-9.250908 -8.070908 1.979258 -0.154255 -0.033506 1.643121 50.779999
-9.211142 -7.874129 1.947008 -0.170224 0.020391 1.852832 50.910000
-9.199747 -7.669101 1.929630 -0.138188 0.058371 1.997821 51.049999
-9.217321 -7.467063 1.930436 -0.121368 0.064092 2.065569 51.189999
-9.260210 -7.258771 1.931110 -0.066932 0.047600 2.045027 51.334999
-9.315686 -7.064960 1.931616 -0.069924 0.031928 2.024964 51.470001
-9.386461 -6.874401 1.952985 -0.062970 0.022888 2.055069 51.605000
-9.472346 -6.689381 1.986761 -0.086946 0.019002 2.151533 51.740002
-9.566100 -6.508236 1.990672 0.058445 0.010147 1.938997 51.875000
-9.651712 -6.323615 2.023628 0.017956 0.017586 1.905742 52.009998
-9.731388 -6.135685 2.022976 0.062240 0.018043 1.822455 52.145000
-9.803830 -5.944431 2.022379 0.010366 0.015349 1.837054 52.279999
-9.882162 -5.730413 2.021927 0.014778 -0.037334 1.823856 52.430000
-9.955488 -5.527363 2.021927 0.049318 -0.247875 1.661550 52.584999
-10.028940 -5.338113 2.021927 0.073056 -0.162116 1.441652 52.794998
-10.115071 -5.152044 2.021927 0.053454 -0.036242 0.986148 53.230000
-9.994348 -4.987012 2.018142 0.019275 0.235167 0.439642 54.275002
-9.813819 -4.901214 2.030774 0.049078 0.092419 0.482845 54.445000
-9.616017 -4.823493 2.040848 0.056719 0.080322 0.331019 54.605000
-9.424955 -4.761233 2.040168 -0.019987 0.046825 0.333862 54.744999
-9.228305 -4.693478 2.039628 -0.019346 0.025460 0.335955 54.884998
-9.037137 -4.623586 2.039203 -0.008976 0.017357 0.337485 55.020000
-8.824095 -4.543388 2.038823 0.001582 0.012758 0.338751 55.169998
-8.631897 -4.470921 2.038553 0.008134 0.011058 0.339596 55.305000
-8.439057 -4.399778 2.038331 0.013803 0.009214 0.327925 55.439999
-8.240942 -4.323153 2.038145 -0.070272 0.010950 0.527360 55.580002
-8.056606 -4.237069 2.037999 -0.050213 0.018014 0.631455 55.715000
-7.877010 -4.141795 2.037882 -0.048078 0.019690 0.695666 55.849998
-7.701950 -4.038089 2.037788 -0.063387 0.022106 0.764349 55.985001
-7.533336 -3.924147 2.037710 -0.071035 0.023537 0.827298 56.119999
-7.372706 -3.799097 2.037648 -0.077756 0.024387 0.891602 56.255001
-7.221262 -3.662929 2.037597 -0.078716 0.023799 0.953881 56.389999
-7.079823 -3.516229 2.037556 -0.074328 0.022759 1.014511 56.525002
-6.948210 -3.359052 2.037523 -0.087881 0.147083 1.077872 56.660000
-6.829985 -3.190410 2.037498 -0.089030 0.162177 1.150316 56.785000
-6.723906 -3.012055 2.037479 -0.079618 0.106788 1.220262 56.900002
-6.610744 -2.792667 2.037460 -0.044602 0.064342 1.284408 57.029999
-6.523095 -2.607812 2.037448 -0.013313 0.045278 1.268341 57.134998
-6.436139 -2.419462 2.037438 -0.029876 0.035757 1.255294 57.240002
-6.351540 -2.228297 2.037428 -0.043502 0.027478 1.244805 57.345001
-6.271130 -2.034555 2.037420 -0.108003 0.024400 1.281891 57.450001
-6.197609 -1.827699 2.037415 -0.124487 0.025571 1.374342 57.560001
-6.133178 -1.597904 2.037409 -0.062204 0.026598 1.439397 57.680000
-6.084481 -1.394835 2.037404 -0.016449 0.025780 1.425221 57.785000
-6.037501 -1.190824 2.037399 -0.015229 0.023374 1.413716 57.889999
-5.987614 -0.966607 2.037394 -0.017763 0.022170 1.403729 58.005001
-5.935540 -0.722161 2.037392 -0.016124 0.020749 1.395270 58.130001
-5.891140 -0.506709 2.037392 0.038119 0.000965 1.347879 58.240002
-5.846538 -0.304435 2.037392 0.009210 -0.065376 1.316771 58.345001
-5.800424 -0.102647 2.037392 0.012495 -0.103591 1.312426 58.455002
-5.754038 0.098741 2.037392 -0.059926 0.074978 1.375243 58.570000
-5.712854 0.307237 2.037392 -0.054764 0.079902 1.466809 58.685001
-5.674830 0.533732 2.037392 0.029632 0.053441 1.485315 58.805000
-5.633496 0.764823 2.037392 0.018091 0.037827 1.474750 58.924999
-5.593172 0.978776 2.037392 -0.009757 0.030625 1.467145 59.035000
-5.555532 1.184352 2.037392 -0.029633 0.026226 1.461360 59.139999
-5.520807 1.390953 2.037392 -0.037697 0.023643 1.456661 59.244999
-5.488586 1.606806 2.037392 -0.034127 -0.044865 1.452791 59.355000
-5.461707 1.806145 2.037392 0.032492 -0.060081 1.385911 59.459999
-5.431361 2.027589 2.037392 -0.074781 0.062711 1.455869 59.580002
-5.409716 2.245579 2.037392 -0.061645 0.058057 1.550131 59.695000
-5.396919 2.449231 2.037392 -0.044570 0.042773 1.631812 59.799999
-5.389421 2.655119 2.037392 -0.004688 0.032011 1.681664 59.904999
-5.382218 2.901898 2.037392 0.001645 0.029754 1.668883 60.029999
-5.376572 3.110345 2.037392 -0.032991 0.030004 1.660447 60.134998
-5.374746 3.319459 2.037392 -0.052421 0.021653 1.653694 60.240002
-5.378576 3.527075 2.037392 -0.054039 -0.047916 1.648288 60.345001
-5.387722 3.727391 2.035801 -0.044199 0.006547 1.643908 60.450001
-5.402433 3.925451 2.001543 -0.049342 0.057697 1.675101 60.555000
-5.423420 4.136528 1.965439 0.002659 0.050203 1.667476 60.665001
-5.447542 4.380654 1.925017 0.022708 0.035379 1.660708 60.790001
-5.466276 4.577842 1.892052 -0.053451 0.028589 1.736964 60.889999
-5.491011 4.795036 1.889863 -0.014906 0.023388 1.774581 61.000000
-5.516463 5.002477 1.890877 0.003413 0.023938 1.768511 61.105000
-5.542268 5.210271 1.891733 -0.013829 0.023444 1.763687 61.209999
-5.574169 5.447753 1.892555 -0.028236 0.022200 1.759323 61.330002
-5.605612 5.655183 1.893165 -0.030268 0.021931 1.756276 61.435001
-5.639906 5.859893 1.893268 -0.002680 -0.148847 1.666773 61.540001
-5.677172 6.069036 1.893268 0.044666 -0.321567 1.541117 61.660000
-5.721102 6.287263 1.893268 0.080874 -0.238545 1.363104 61.830002
-5.769155 6.482239 1.893268 0.083702 -0.112155 1.101321 62.080002
-5.833048 6.671800 1.893268 0.030311 -0.002835 0.410212 62.740002
-5.654723 6.789802 1.889233 0.103452 0.257884 0.325392 63.735001
-5.437791 6.838162 1.886872 -0.097357 0.080966 0.262985 63.904999
-5.245780 6.899248 1.887360 -0.228172 0.009748 0.395680 64.044998
-5.065679 6.995614 1.897542 -0.200343 0.021277 0.637760 64.184998
-4.892910 7.132887 1.933610 -0.089494 0.030003 0.845203 64.334999
-4.747887 7.271822 1.965011 -0.052703 0.022481 0.994862 64.470001
-4.608945 7.418564 1.968984 -0.050314 -0.220429 0.927395 64.610001
-4.476215 7.568497 1.968984 0.006340 -0.210629 0.738911 64.790001
-4.349028 7.727216 1.968984 0.042251 -0.092065 0.403828 65.110001
