-12.787352 4.096539 1.000000 0.023428 0.235056 0.477017 0.000000
-12.597361 4.178267 1.000000 -0.021591 0.101231 0.424656 0.160000
-12.414063 4.262159 1.012376 -0.032936 0.040567 0.363791 0.300000
-12.233735 4.350619 1.027438 -0.036026 0.017369 0.323984 0.435000
-12.033300 4.454835 1.026638 -0.013063 0.013621 0.314810 0.585000
-11.824583 4.560340 1.025979 0.041321 0.177341 0.259198 0.735000
-11.634027 4.645398 1.025552 0.015354 0.132147 0.272862 0.855000
-11.444242 4.722536 1.025224 0.064295 0.087494 0.232765 0.965000
-11.253716 4.790809 1.024959 0.066944 0.058608 0.238634 1.070000
-11.038312 4.858930 1.024716 0.066213 0.038334 0.243710 1.185000
-10.837646 4.914756 1.024527 0.053331 0.028474 0.247434 1.290000
-10.637799 4.962509 1.057291 0.131830 -0.126405 0.062873 1.395000
-10.442348 4.997927 1.090403 0.098630 -0.099512 -0.019799 1.505000
-10.244300 5.023110 1.122955 0.092305 -0.042064 -0.086579 1.625000
-10.039666 5.036283 1.155759 0.088687 -0.004771 -0.152555 1.755000
-9.832533 5.034811 1.188538 0.081522 0.012613 -0.220478 1.890000
-9.606087 5.015741 1.227031 0.077667 0.020169 -0.297569 2.040000
-9.412533 4.984948 1.292394 0.093058 0.021803 -0.378759 2.170000
-9.223652 4.938129 1.356080 0.119767 0.028695 -0.543093 2.300000
-9.034734 4.870930 1.389096 -0.007594 0.024789 -0.475299 2.435000
-8.830069 4.797355 1.392283 -0.043207 0.019542 -0.295359 2.580000
-8.606694 4.727641 1.391575 -0.021198 0.010882 -0.121639 2.735000
-8.396764 4.666904 1.391052 -0.007714 0.011873 -0.073149 2.880000
-8.201008 4.611632 1.390658 0.001466 0.015902 -0.058114 3.015000
-8.004186 4.557491 1.390337 -0.024390 0.020080 -0.077871 3.150000
-7.805476 4.507810 1.390078 -0.048978 0.018293 -0.092635 3.285000
-7.582446 4.460906 1.389848 -0.006610 0.012398 -0.189828 3.435000
-7.358941 4.415906 1.389665 0.006200 0.008281 -0.299203 3.585000
-7.143774 4.370731 1.389524 0.041119 0.071191 -0.386630 3.730000
-6.942533 4.318525 1.389422 0.071258 0.171548 -0.470533 3.860000
-6.750540 4.253825 1.389347 0.085855 0.124576 -0.548572 3.975000
-6.561303 4.175286 1.389288 0.107713 0.086518 -0.628296 4.085000
-6.372811 4.080946 1.389237 0.063659 0.063923 -0.664527 4.195000
-6.176729 3.970862 1.399186 0.049180 0.043281 -0.650240 4.310000
-5.983177 3.856284 1.410561 0.013435 -0.123692 -0.510909 4.425000
-5.804049 3.747678 1.450966 -0.006482 -0.114240 -0.506724 4.540000
-5.631991 3.642091 1.455321 -0.019578 -0.058492 -0.485292 4.660000
-5.432923 3.524473 1.454563 -0.025051 -0.016064 -0.445956 4.805000
-5.256869 3.425485 1.454010 -0.023665 -0.000977 -0.451175 4.935000
-5.053725 3.316314 1.453499 -0.022820 0.005004 -0.455661 5.085000
-4.842650 3.208153 1.453080 -0.015651 0.008025 -0.459046 5.240000
-4.664799 3.119820 1.480193 -0.008754 0.029128 -0.461152 5.370000
-4.478720 3.028631 1.480673 -0.003263 0.164962 -0.462744 5.500000
-4.271623 2.927047 1.497205 0.002259 0.113092 -0.463968 5.630000
-4.093554 2.838912 1.524193 0.004315 0.069730 -0.464736 5.735000
-3.911363 2.745995 1.542415 0.027910 0.044586 -0.515014 5.840000
-3.728124 2.648578 1.543182 0.001640 0.031316 -0.512738 5.945000
-3.545865 2.549433 1.542341 0.094541 -0.111712 -0.662831 6.050000
-3.370751 2.445858 1.553811 0.065473 -0.119948 -0.713224 6.160000
-3.198667 2.336371 1.552422 0.046395 -0.058333 -0.712649 6.280000
-3.033568 2.221994 1.551184 0.131481 -0.018327 -0.827747 6.405000
-2.880118 2.092540 1.550125 0.135368 0.011706 -0.992296 6.535000
-2.740716 1.944370 1.549231 0.120536 0.027961 -1.146513 6.670000
-2.620019 1.783820 1.548509 0.108532 0.036821 -1.284376 6.805000
-2.513382 1.606335 1.547901 0.080049 0.039652 -1.385700 6.945000
-2.424851 1.426755 1.547430 0.074785 0.038599 -1.423604 7.080000
-2.341632 1.218979 1.547009 0.089033 0.035804 -1.477495 7.230000
-2.282969 1.025628 1.546705 0.093995 0.033159 -1.535159 7.365000
-2.240859 0.827700 1.546458 0.090147 0.030132 -1.592826 7.500000
-2.215957 0.626926 1.546257 0.059458 0.027588 -1.659680 7.635000
-2.202252 0.409250 1.546084 0.060007 0.023383 -1.672269 7.780000
-2.199567 0.182774 1.545942 0.034455 0.019330 -1.693773 7.930000
-2.205552 -0.021485 1.567644 0.048025 0.017979 -1.747626 8.065000
-2.220394 -0.225321 1.576317 0.044333 0.016711 -1.809393 8.200000
-2.241718 -0.428532 1.574906 0.029663 0.015574 -1.825037 8.335000
-2.273932 -0.660734 1.594072 0.006006 0.014271 -1.848596 8.490000
-2.304318 -0.848367 1.662725 -0.003285 0.133451 -1.809077 8.615000
-2.333506 -1.043700 1.728515 -0.012832 0.159552 -1.733130 8.735000
-2.365782 -1.248364 1.727768 0.112705 0.046427 -1.862976 8.850000
-2.421001 -1.484851 1.707502 0.102867 -0.080272 -2.046967 8.985000
-2.479614 -1.676245 1.670301 0.115096 -0.042235 -2.147102 9.105000
-2.554846 -1.866193 1.634337 0.133860 0.003861 -2.302099 9.235000
-2.650804 -2.046314 1.599255 0.136321 0.032634 -2.449052 9.370000
-2.766225 -2.209779 1.580404 0.128933 0.043651 -2.585591 9.505000
-2.905468 -2.360978 1.566883 0.136107 0.052115 -2.731779 9.645000
-3.068747 -2.496624 1.568460 0.086700 0.049090 -2.800053 9.790000
-3.253084 -2.620229 1.569767 0.094760 0.042701 -2.851599 9.940000
-3.430163 -2.716381 1.570711 0.069113 0.033511 -2.884251 10.075000
-3.642371 -2.813643 1.571577 0.040571 0.021749 -2.857659 10.230000
-3.834763 -2.893146 1.571747 0.018797 -0.189962 -2.742744 10.370000
-4.024732 -2.966543 1.571747 -0.029922 -0.226367 -2.564723 10.540000
-4.222234 -3.034283 1.571747 -0.055520 -0.105320 -2.261040 10.830000
-4.417181 -3.079434 1.571747 -0.009787 0.002653 -1.140536 11.900000
-4.204538 -3.054606 1.571747 -0.024715 0.216609 0.248031 13.285000
-4.005997 -3.019936 1.571747 -0.015833 0.096703 0.422627 13.445000
-3.809401 -2.975255 1.593265 -0.062712 0.057518 0.584701 13.590000
-3.604872 -2.910988 1.609159 -0.098411 0.056300 0.738561 13.740000
-3.400699 -2.819818 1.623020 -0.089751 0.060077 0.823201 13.895000
-3.225522 -2.714909 1.623700 -0.152908 0.058831 0.958160 14.035000
-3.058197 -2.574900 1.624279 -0.104268 0.057066 1.077916 14.185000
-2.912713 -2.419870 1.635830 -0.069464 -0.078219 1.007657 14.330000
-2.779328 -2.261137 1.635830 -0.010829 -0.241486 0.840106 14.490000
-2.654166 -2.099715 1.635830 0.037199 -0.146278 0.588780 14.730000
-2.542928 -1.931871 1.635830 0.033199 -0.022810 -0.008123 15.300000
-2.448191 -2.103429 1.682153 -0.079295 0.234967 -1.272820 16.615000
-2.367010 -2.289730 1.704351 -0.001600 0.090128 -1.055081 16.770000
-2.283302 -2.473135 1.749357 0.126689 0.014308 -1.041371 16.910000
-2.218247 -2.661484 1.785392 0.085018 0.009383 -1.071423 17.045000
-2.162598 -2.863719 1.785213 0.005524 0.019329 -1.094522 17.184999
-2.103122 -3.080956 1.785120 -0.044219 -0.231486 -1.197650 17.340000
-2.041373 -3.282720 1.785120 0.010419 -0.201833 -1.401855 17.535000
-1.971198 -3.473565 1.785120 0.042631 -0.080413 -1.763141 17.879999
-2.190746 -3.489799 1.738596 0.017940 0.150943 2.579962 20.090000
-2.367271 -3.401206 1.706599 -0.124744 0.063388 2.681129 20.235001
-2.563902 -3.326328 1.673025 -0.074016 0.032946 2.793253 20.379999
-2.754527 -3.266168 1.640975 0.016581 -0.033700 2.801358 20.514999
-2.943666 -3.204139 1.609091 0.028068 -0.084333 2.795356 20.655001
-3.148008 -3.130366 1.588107 0.023615 -0.107709 2.773892 20.825001
-3.333574 -3.055651 1.559856 0.035707 -0.102974 2.628294 21.010000
-3.516865 -2.970869 1.561650 0.032886 -0.080579 2.479986 21.245001
-3.703216 -2.869195 1.564381 -0.024562 0.150301 2.488308 21.500000
-3.883059 -2.767569 1.565785 0.025492 0.021896 2.504683 21.684999
-4.051907 -2.658528 1.566792 0.070198 -0.025934 2.314361 21.860001
-4.210071 -2.530562 1.567616 0.043348 -0.038375 2.176672 22.049999
-4.356996 -2.389861 1.568285 0.050395 -0.032399 2.048387 22.260000
-4.493923 -2.238126 1.568285 0.003842 -0.125129 2.341609 22.540001
-4.614189 -2.076010 1.568285 -0.014404 -0.007402 -3.004349 23.434999
-4.667230 -2.297011 1.568285 0.000481 0.202496 -1.778837 25.285000
-4.704200 -2.494860 1.568285 -0.017425 0.081574 -1.921855 25.440001
-4.742456 -2.704099 1.568285 -0.020872 0.036962 -2.004080 25.590000
-4.781450 -2.920268 1.568285 0.029475 0.032376 -2.057080 25.740000
-4.827962 -3.121688 1.568285 0.094078 0.042886 -2.168274 25.879999
-4.896335 -3.324743 1.589606 0.073332 0.045359 -2.189406 26.025000
-4.976576 -3.509917 1.634193 0.135917 0.035939 -2.231002 26.160000
-5.082191 -3.690582 1.655898 0.147829 0.036203 -2.393991 26.299999
-5.205500 -3.851990 1.660762 0.046642 -0.203041 -2.290960 26.440001
-5.340935 -4.012007 1.660762 -0.020814 -0.212982 -2.097232 26.625000
-5.480739 -4.161170 1.660762 -0.049523 -0.092140 -1.767364 26.940001
-5.632175 -4.296135 1.660762 0.004032 0.284597 -2.898963 28.840000
-5.848226 -4.344905 1.660762 0.008722 0.318932 -2.947501 29.139999
-6.052609 -4.384105 1.660762 0.018372 0.236884 -3.025694 29.285000
-6.257770 -4.418615 1.660762 0.012833 0.128581 -3.104210 29.405001
-6.460114 -4.449091 1.660762 0.058559 0.027935 3.074689 29.514999
-6.679274 -4.475099 1.660762 0.078977 -0.096596 2.972412 29.635000
-6.882557 -4.491687 1.660762 0.099574 -0.049034 2.916375 29.754999
-7.120837 -4.494743 1.660762 0.095585 0.002016 2.863016 29.905001
-7.327874 -4.480392 1.660762 0.069769 0.013500 2.881939 30.040001
-7.546869 -4.450887 1.660762 0.060537 0.014226 2.897040 30.184999
-7.748854 -4.413822 1.672364 -0.000685 0.009711 2.989249 30.320000
-7.950420 -4.376479 1.706467 -0.032317 0.010901 3.090540 30.455000
-8.152470 -4.344855 1.739442 -0.055229 0.093931 -3.106518 30.590000
-8.352458 -4.325526 1.771387 -0.077749 0.173965 -3.026841 30.715000
-8.555529 -4.320720 1.803081 -0.085924 0.123829 -2.952352 30.830000
-8.760498 -4.329406 1.843120 -0.103317 0.085530 -2.873725 30.940001
-8.951319 -4.347927 1.908122 -0.030778 0.062009 -2.879614 31.040001
-9.145103 -4.371552 1.974351 -0.074426 0.010150 -2.848217 31.139999
-9.342786 -4.403851 1.989286 -0.146003 -0.118829 -2.721290 31.245001
-9.538193 -4.450646 2.017679 -0.184291 -0.068697 -2.586801 31.360001
-9.726874 -4.518610 1.972912 -0.130440 -0.013742 -2.502877 31.485001
-9.930223 -4.623740 1.990707 -0.090600 -0.191998 -2.372818 31.639999
-10.102739 -4.728561 1.985132 -0.048335 -0.205357 -2.395983 31.815001
-10.271368 -4.837130 1.978570 -0.026278 -0.144819 -2.420096 32.110001
