-12.787286 4.008727 1.000000 0.005516 0.053945 0.061248 0.000000
-12.584326 4.022231 1.000000 -0.043141 0.223410 0.193628 0.225000
-12.371483 4.054685 1.000000 0.030223 0.107474 0.289299 0.400000
-12.163488 4.085988 1.020733 0.009502 0.049747 0.344940 0.550000
-11.946377 4.119499 1.042032 -0.032345 0.032810 0.408107 0.700000
-11.720534 4.164742 1.041442 -0.049834 0.033047 0.461924 0.855000
-11.517384 4.217682 1.040984 -0.048921 0.028030 0.446249 0.995000
-11.323334 4.278399 1.040763 -0.046484 -0.086119 0.496742 1.130000
-11.112601 4.350617 1.040763 -0.066763 -0.237835 0.674765 1.300000
-10.910509 4.414163 1.040763 -0.077093 -0.120242 0.941799 1.555000
-10.712717 4.460047 1.040763 -0.031555 -0.009926 1.371153 2.195000
-10.514848 4.519076 1.040763 0.019657 0.320330 0.288583 3.590000
-10.312469 4.575936 1.040763 0.012560 0.280148 0.218746 3.760000
-10.106329 4.631297 1.040763 -0.005099 0.163009 0.164212 3.890000
-9.912348 4.682642 1.040763 -0.021426 0.091078 0.113121 4.000000
-9.718966 4.734491 1.040763 -0.025552 0.058277 0.124874 4.105000
-9.521434 4.789165 1.040763 0.016173 0.045151 0.134518 4.210000
-9.320827 4.842314 1.040763 0.052826 0.036094 0.142178 4.315000
-9.117626 4.890226 1.040763 0.067254 0.028542 0.148313 4.420000
-8.912405 4.931475 1.040763 0.071002 0.024133 0.148086 4.525000
-8.705571 4.964287 1.040763 0.060499 0.022743 0.107596 4.630000
-8.497727 4.990563 1.040763 0.022430 0.021934 0.113609 4.735000
-8.289392 5.014674 1.040763 0.002752 0.021391 0.118420 4.840000
-8.081002 5.038732 1.040763 -0.008422 -0.001837 0.122279 4.945000
-7.875517 5.063549 1.040763 -0.012612 -0.065888 0.125407 5.050000
-7.669714 5.090036 1.040763 -0.013649 -0.006528 0.128024 5.160000
-7.467427 5.119175 1.040763 0.029509 0.066931 0.120329 5.270000
-7.250249 5.148639 1.040763 0.006640 0.059049 0.085863 5.385000
-7.047359 5.174618 1.040763 -0.000672 0.043816 0.089203 5.490000
-6.841864 5.200923 1.058269 0.008009 0.032941 0.091883 5.595000
-6.634860 5.226637 1.075744 0.015407 0.027205 0.094045 5.700000
-6.436857 5.249830 1.104317 0.018294 0.023288 0.095692 5.800000
-6.228688 5.274099 1.110174 -0.031462 0.019563 0.169200 5.905000
-6.020909 5.301143 1.109142 0.002315 0.022140 0.167802 6.010000
-5.812998 5.328573 1.108268 -0.003984 0.021786 0.166586 6.115000
-5.605033 5.356894 1.107530 -0.013536 0.020918 0.165620 6.220000
-5.367557 5.391453 1.106817 -0.017158 0.020796 0.164739 6.340000
-5.140295 5.427147 1.106249 -0.014442 0.019466 0.164079 6.455000
-4.942974 5.459957 1.105830 -0.008612 0.019976 0.163620 6.555000
-4.745790 5.493828 1.100899 -0.001476 0.020314 0.163250 6.655000
-4.529029 5.531283 1.094040 0.021363 -0.042454 0.172050 6.765000
-4.286959 5.571169 1.094040 -0.024816 -0.297759 0.308186 6.895000
-4.086394 5.601530 1.094040 -0.064492 -0.290929 0.449558 7.030000
-3.887655 5.625862 1.094040 -0.084212 -0.173476 0.653761 7.225000
-3.686534 5.639390 1.094040 -0.063698 -0.047926 1.046459 7.600000
-3.866759 5.733490 1.080473 -0.013619 0.147036 3.086480 9.360000
-4.061495 5.785490 1.080042 -0.061524 0.085035 -3.094787 9.510000
-4.258366 5.823400 1.079723 -0.084388 0.057043 -3.069027 9.650000
-4.477966 5.846487 1.079449 -0.114919 0.040933 -2.995841 9.800000
-4.685773 5.844543 1.079242 -0.084326 0.033889 -2.942747 9.940000
-4.909578 5.824087 1.079066 -0.004600 -0.021398 -3.004491 10.090000
-5.131141 5.802316 1.078923 0.062021 -0.094687 3.038681 10.245000
-5.334183 5.792381 1.078808 0.081063 -0.064435 2.867632 10.405000
-5.537570 5.793627 1.078708 0.018564 -0.043478 2.999496 10.585000
-5.749542 5.798964 1.108464 0.011084 -0.027565 -3.122582 10.790000
-5.948779 5.806884 1.145259 0.009373 -0.006008 -3.057742 10.995000
-6.150408 5.817067 1.146544 -0.017170 -0.148517 3.139169 11.210000
-6.350478 5.821774 1.146544 0.024689 -0.098204 2.804071 11.530000
-6.412284 6.033572 1.146544 -0.002756 0.320660 1.069372 13.695000
-6.314916 6.216672 1.146544 -0.002707 0.220154 1.073748 13.835000
-6.219864 6.394958 1.146544 -0.003860 0.126958 1.076523 13.950000
-6.122327 6.578009 1.146544 -0.005561 0.072615 1.078605 14.060000
-6.026350 6.758631 1.146544 -0.006603 0.045024 1.080195 14.165000
-5.929528 6.942449 1.146544 -0.068504 0.028915 1.134757 14.270000
-5.835660 7.129348 1.146544 -0.011552 0.024512 1.137177 14.375000
-5.734745 7.335923 1.146544 -0.079814 0.020154 1.209475 14.490000
-5.648165 7.527129 1.146544 -0.008529 0.020540 1.216887 14.595000
-5.566648 7.709898 1.171478 0.006307 0.019446 1.205628 14.695000
-5.480192 7.901732 1.208146 0.001981 0.018802 1.196167 14.800000
-5.397352 8.084414 1.212704 -0.003834 0.017767 1.188832 14.900000
-5.314596 8.267176 1.212194 -0.009618 0.004989 1.182978 15.000000
-5.228863 8.458456 1.223240 -0.067966 -0.056397 1.244902 15.105000
-5.152253 8.643662 1.255463 -0.130576 -0.123787 1.412714 15.210000
-5.086611 8.833104 1.287821 -0.155846 -0.070393 1.569772 15.325000
-5.038416 9.027711 1.318975 -0.162274 -0.000880 1.717324 15.450000
-5.013963 9.238845 1.352244 -0.153592 0.036055 1.862620 15.590000
-5.020194 9.445730 1.385007 -0.144265 0.050883 1.998965 15.730000
-5.053866 9.640674 1.415784 -0.127286 0.052200 2.124324 15.865000
-5.112039 9.829504 1.447291 -0.123967 0.051881 2.254342 16.000000
-5.196310 10.016348 1.471175 -0.096965 0.048028 2.368278 16.139999
-5.310297 10.213922 1.477878 -0.092902 -0.202410 2.508306 16.299999
-5.416375 10.389651 1.477878 -0.100208 -0.174334 2.707270 16.490000
-5.513546 10.566386 1.477878 -0.075031 -0.056484 3.058076 16.825001
-5.706609 10.483738 1.440354 -0.026126 0.319642 -2.038027 18.405001
-5.798559 10.304521 1.426308 0.027778 0.221605 -1.995613 18.540001
-5.891245 10.124981 1.427063 0.028205 0.119745 -1.941504 18.655001
-5.996774 9.925019 1.427724 0.023929 0.068650 -1.950737 18.775000
-6.103593 9.727783 1.436590 0.021201 0.043330 -1.983198 18.889999
-6.204696 9.545946 1.444878 0.046905 -0.010012 -2.114516 18.995001
-6.307724 9.371112 1.481665 0.080847 -0.138720 -2.313330 19.100000
-6.417308 9.199756 1.477100 0.126399 -0.086730 -2.489377 19.215000
-6.538161 9.037486 1.477169 0.156862 -0.009806 -2.645903 19.340000
-6.679593 8.888451 1.489512 0.172199 0.040084 -2.791886 19.475000
-6.836979 8.766684 1.521699 0.168993 0.059220 -2.925290 19.610001
-7.016327 8.669211 1.554469 0.152802 0.062339 -3.051794 19.750000
-7.208395 8.600350 1.587442 0.141241 0.058402 3.097095 19.889999
-7.437523 8.555294 1.624711 0.120687 0.053533 2.948048 20.049999
-7.641923 8.543082 1.657047 0.113534 0.049294 2.816439 20.190001
-7.867861 8.557914 1.693105 0.119022 0.051462 2.663238 20.344999
-8.089087 8.603282 1.728917 0.129409 0.055660 2.514437 20.500000
-8.294240 8.677440 1.757400 0.128615 0.057460 2.373369 20.650000
-8.474230 8.772885 1.756198 0.130040 0.057182 2.241109 20.790001
-8.643606 8.889096 1.755235 0.038365 0.041968 2.258763 20.930000
-8.803783 9.011943 1.769995 0.054007 0.032006 2.282883 21.065001
-8.959158 9.144449 1.770886 0.056902 0.020946 2.301080 21.200001
-9.108454 9.285396 1.771608 0.044187 0.013501 2.314756 21.334999
-9.279783 9.459030 1.804458 -0.008571 0.008261 2.380855 21.495001
-9.418995 9.600214 1.839515 -0.003058 0.009651 2.400145 21.625000
-9.570097 9.751236 1.876139 -0.082755 0.008254 2.478964 21.764999
-9.722873 9.887740 1.909712 -0.027436 0.013964 2.550239 21.900000
-9.906207 10.034204 1.920032 -0.029737 0.016560 2.638078 22.055000
-10.071491 10.154740 1.929052 -0.097945 0.018395 2.725408 22.190001
-10.244115 10.262724 1.927973 -0.065703 0.022038 2.812588 22.325001
-10.436481 10.366302 1.927035 -0.062642 0.022693 2.871777 22.469999
-10.621022 10.452239 1.926334 -0.042658 0.021924 2.911486 22.605000
-10.824099 10.534141 1.925731 -0.042449 0.021120 2.941639 22.750000
-11.016771 10.602546 1.925276 -0.034958 0.017516 2.925229 22.885000
-11.219246 10.667455 1.924895 -0.035157 0.014573 2.912489 23.025000
-11.416559 10.724284 1.924601 -0.057666 0.013474 2.932722 23.160000
-11.618156 10.772149 1.924359 -0.080947 0.157074 3.010703 23.295000
-11.816482 10.805821 1.924183 -0.053290 0.155329 3.079880 23.415001
-12.015270 10.831168 1.924050 -0.038455 0.095316 -3.130870 23.525000
-12.223319 10.851766 1.923936 -0.044040 0.061698 -3.057833 23.635000
-12.436089 10.867027 1.923841 -0.002837 0.044316 -3.034119 23.745001
-12.671427 10.881632 1.923753 -0.017104 0.037138 -3.051779 23.865000
-12.879205 10.892051 1.923689 -0.044358 0.033759 -3.064030 23.969999
-13.137571 10.897822 1.923623 -0.058514 -0.002483 -3.075862 24.100000
-13.341269 10.893950 1.923578 -0.129008 -0.126377 -2.935082 24.205000
-13.545270 10.876413 1.923537 -0.157193 -0.084937 -2.775178 24.320000
-13.745679 10.839898 1.923500 -0.151948 -0.018398 -2.618176 24.445000
-13.966417 10.772453 1.923464 -0.092406 0.019406 -2.535105 24.594999
-14.182607 10.682234 1.923435 -0.069386 0.024752 -2.491612 24.750000
-14.363799 10.589286 1.923414 -0.087790 0.025331 -2.431709 24.885000
-14.537834 10.483394 1.923397 -0.042123 0.022085 -2.431392 25.020000
-14.707808 10.369249 1.923384 -0.092943 0.017313 -2.395477 25.155001
-14.873079 10.237351 1.923373 -0.128294 0.023843 -2.208208 25.295000
-15.030519 10.077273 1.896408 -0.105500 0.029166 -2.046773 25.445000
-15.155799 9.920062 1.866564 -0.098375 0.032221 -1.906054 25.580000
-15.264920 9.752515 1.832081 -0.106835 0.039309 -1.770302 25.715000
-15.358958 9.569009 1.824961 -0.119348 0.047004 -1.635436 25.855000
-15.430502 9.376847 1.824314 -0.122028 0.052251 -1.507588 25.995001
-15.477152 9.178110 1.823876 -0.120740 0.007628 -1.373703 26.135000
-15.504244 8.978312 1.823876 -0.107125 -0.216862 -1.216618 26.285000
-15.531301 8.778216 1.823876 -0.102421 -0.138949 -0.991464 26.500000
-15.569371 8.581383 1.823876 -0.057639 -0.023396 -0.530683 26.940001
-15.366764 8.580753 1.823876 -0.010076 0.319198 0.428007 28.295000
-15.158229 8.678398 1.823876 -0.005037 0.205940 0.514148 28.450001
-14.966918 8.770111 1.823876 0.003140 0.112933 0.562076 28.570000
-14.762857 8.868474 1.831691 -0.004890 0.063205 0.614504 28.690001
-14.571774 8.963907 1.831691 -0.071511 0.047513 0.665509 28.799999
-14.390532 9.062578 1.831691 -0.067196 0.043438 0.662591 28.905001
-14.212007 9.169555 1.831691 -0.090773 0.033842 0.660118 29.010000
-14.038113 9.285782 1.831691 -0.093835 0.026021 0.658121 29.115000
-13.871643 9.406809 1.831691 -0.005110 -0.183979 0.548162 29.219999
-13.706379 9.531016 1.831691 0.047763 -0.322847 0.422494 29.340000
-13.545639 9.657650 1.831691 0.081030 -0.237285 0.254937 29.500000
-13.390257 9.791014 1.831691 0.082572 -0.105864 -0.017342 29.760000
-13.248911 9.935225 1.831691 0.025621 -0.000017 -0.776584 30.485001
-13.368830 9.774774 1.831691 0.023488 0.319158 -2.245708 32.299999
-13.506804 9.603846 1.831691 0.004892 0.215392 -2.326427 32.450001
-13.641820 9.442430 1.831691 0.005681 0.117159 -2.404994 32.570000
-13.789227 9.271810 1.831691 0.036893 0.067870 -2.489645 32.689999
-13.933041 9.115164 1.831691 0.073621 0.051110 -2.567129 32.799999
-14.078671 8.970666 1.862719 0.113899 0.050232 -2.639505 32.904999
-14.234000 8.835641 1.872021 0.149952 0.053291 -2.715346 33.009998
-14.399994 8.713834 1.870660 0.116231 0.052923 -2.757154 33.115002
-14.574762 8.602839 1.869506 0.092567 0.044118 -2.743721 33.220001
-14.756172 8.499948 1.864975 0.070973 0.030902 -2.718113 33.325001
-14.931885 8.406014 1.841217 -0.041324 -0.052518 -2.541455 33.424999
-15.107277 8.308719 1.840961 -0.027386 -0.138291 -2.453713 33.529999
-15.290218 8.205153 1.840717 0.007745 -0.080720 -2.517236 33.650002
-15.468214 8.103445 1.840505 -0.054435 -0.036785 -2.547762 33.775002
-15.642056 7.995282 1.853312 -0.035901 -0.098514 -2.542100 33.904999
-15.816094 7.879297 1.852094 -0.010037 -0.237847 -2.537250 34.055000
-15.982303 7.765188 1.850798 -0.006255 -0.197350 -2.532629 34.259998
-16.144278 7.644851 1.849363 -0.003459 -0.024545 -2.250684 34.869999
-16.044767 7.471274 1.849363 0.059680 0.214773 -0.811358 36.290001
-15.923883 7.305681 1.849363 -0.033896 0.007691 -0.971858 36.459999
-15.797293 7.148577 1.849363 -0.020951 -0.089831 -1.117770 36.625000
-15.658867 6.997566 1.849363 0.045955 -0.089077 -1.247678 36.814999
-15.525184 6.848116 1.849363 0.072933 -0.057740 -1.346862 37.044998
-15.408400 6.680346 1.856853 0.028725 0.265303 -1.354808 37.305000
-15.317992 6.475502 1.856951 0.058801 0.138320 -1.409728 37.494999
-15.250800 6.262634 1.857003 0.059013 0.064048 -1.474511 37.654999
-15.202989 6.063076 1.857038 0.060991 0.038581 -1.537711 37.794998
-15.164909 5.842750 1.857069 0.066801 0.029095 -1.610671 37.945000
-15.141277 5.611434 1.857094 0.074254 0.075363 -1.682147 38.099998
-15.136808 5.405240 1.875632 0.079151 0.178957 -1.749199 38.230000
-15.148030 5.203503 1.875173 0.079542 0.128547 -1.818971 38.345001
-15.171597 4.999804 1.874808 0.026933 0.080735 -1.857446 38.455002
-15.204345 4.770773 1.874471 0.009204 0.052658 -1.841040 38.575001
-15.238965 4.547382 1.874203 0.028468 0.037990 -1.828811 38.689999
-15.278328 4.322659 1.873979 0.038600 0.029435 -1.819192 38.805000
-15.319145 4.117489 1.873805 0.036035 0.024565 -1.812194 38.910000
-15.364119 3.912746 1.873660 0.023337 0.021619 -1.806648 39.014999
-15.411892 3.708385 1.873534 0.008675 0.020868 -1.802139 39.119999
-15.458549 3.513853 1.873433 -0.004720 0.020503 -1.798689 39.220001
-15.504510 3.319106 1.873346 -0.080720 0.016703 -1.735843 39.320000
-15.545083 3.113642 1.873269 -0.112280 0.022049 -1.631067 39.424999
-15.574477 2.907161 1.873203 -0.047554 0.026874 -1.596020 39.529999
-15.599901 2.679954 1.873142 -0.038150 0.027083 -1.600881 39.645000
-15.618800 2.471576 1.873094 -0.042911 0.025111 -1.604464 39.750000
-15.633175 2.262551 1.873054 -0.039956 0.022828 -1.607292 39.855000
-15.643760 2.043816 1.873019 -0.027554 -0.030948 -1.609685 39.965000
-15.651803 1.802999 1.872985 -0.009965 -0.099165 -1.611813 40.090000
-15.657119 1.602256 1.872961 -0.000712 0.050941 -1.613275 40.200001
-15.662592 1.399055 1.872939 0.007860 0.080307 -1.614440 40.310001
-15.669068 1.198745 1.872923 0.012928 0.060437 -1.615321 40.415001
-15.677198 0.994129 1.872908 0.012983 0.042336 -1.616023 40.520000
-15.686899 0.787136 1.872896 0.010342 0.031432 -1.616597 40.625000
-15.697808 0.578914 1.872886 0.005054 0.026402 -1.617050 40.730000
-15.709362 0.370033 1.872878 -0.000041 0.023988 -1.617420 40.834999
-15.722109 0.140984 1.872869 -0.004118 -0.004920 -1.617739 40.950001
-15.733767 -0.074732 1.872863 -0.005792 -0.071953 -1.617981 41.060001
-15.746224 -0.317485 1.872856 -0.005874 0.033847 -1.618203 41.189999
-15.756106 -0.522499 1.872851 -0.004540 0.069983 -1.618349 41.299999
-15.765394 -0.723576 1.872848 -0.002717 0.057350 -1.618461 41.404999
-15.773441 -0.928575 1.872846 -0.079030 0.038070 -1.538338 41.509998
-15.775870 -1.135573 1.872843 -0.013589 0.033190 -1.536213 41.615002
-15.776313 -1.343897 1.872841 -0.008794 0.028051 -1.538600 41.720001
-15.775614 -1.553037 1.872838 -0.013173 0.024645 -1.540496 41.825001
-15.773417 -1.762547 1.872836 -0.014572 0.003657 -1.542007 41.930000
-15.770325 -1.969546 1.872836 0.043852 -0.060117 -1.611168 42.035000
-15.771297 -2.185881 1.872836 0.000658 -0.042203 -1.652034 42.150002
-15.770465 -2.405469 1.872836 -0.089021 0.071543 -1.516813 42.270000
-15.757133 -2.650319 1.872836 0.000874 0.064344 -1.474110 42.400002
-15.743692 -2.863178 1.872836 0.013640 0.047087 -1.477265 42.509998
-15.731639 -3.069474 1.872836 0.002126 0.035633 -1.479638 42.615002
-15.719420 -3.277401 1.872836 -0.008202 0.027606 -1.481535 42.720001
-15.706074 -3.486046 1.872836 -0.013490 0.024207 -1.483074 42.825001
-15.688038 -3.734688 1.872836 -0.013785 -0.000105 -1.484504 42.950001
-15.669710 -3.959980 1.872836 -0.008811 -0.071646 -1.485535 43.064999
-15.648264 -4.192906 1.857452 -0.013604 0.028663 -1.450240 43.189999
-15.626192 -4.406288 1.858634 -0.007292 0.069457 -1.451034 43.305000
-15.604490 -4.606401 1.847737 0.044392 0.054287 -1.488433 43.410000
-15.586874 -4.810469 1.827910 0.103455 0.039773 -1.607480 43.514999
-15.576743 -5.016694 1.828779 0.064406 0.034927 -1.636926 43.619999
-15.573404 -5.223981 1.829523 0.028541 0.030852 -1.689501 43.724998
-15.574375 -5.431974 1.830150 0.009641 0.028259 -1.677975 43.830002
-15.576985 -5.640704 1.830688 0.022545 0.019993 -1.668625 43.935001
-15.582436 -5.858014 1.831159 -0.010742 -0.048229 -1.619749 44.044998
-15.586649 -6.085873 1.831593 -0.075108 -0.020063 -1.460030 44.165001
-15.579999 -6.317223 1.831967 -0.100515 0.071367 -1.319888 44.290001
-15.560019 -6.523602 1.856867 -0.091410 0.070509 -1.228150 44.400002
-15.528392 -6.722353 1.893378 -0.108633 0.064619 -1.155167 44.505001
-15.483327 -6.920677 1.927785 -0.124267 0.058301 -1.084453 44.610001
-15.420051 -7.125411 1.946026 -0.142852 0.056226 -1.008917 44.720001
-15.334898 -7.333466 1.945569 -0.152035 0.053731 -0.928605 44.834999
-15.230534 -7.533371 1.945188 -0.090763 0.041917 -0.889314 44.950001
-15.114044 -7.726792 1.944868 -0.063174 -0.031708 -0.904225 45.064999
-15.004595 -7.895673 1.961992 0.008681 0.015754 -0.971632 45.169998
-14.885292 -8.080461 1.998077 0.040336 0.047299 -1.086688 45.285000
-14.758807 -8.287963 2.037130 0.061326 0.039902 -1.197533 45.410000
-14.658250 -8.467711 2.055157 0.090860 0.038835 -1.282092 45.514999
-14.565936 -8.652523 2.069362 0.059259 0.039822 -1.312556 45.619999
-14.472167 -8.859836 2.069204 0.074684 0.036651 -1.305180 45.735001
-14.383444 -9.081392 2.069061 0.090069 0.030190 -1.298983 45.855000
-14.315084 -9.279043 2.068956 0.082063 -0.007881 -1.294664 45.959999
-14.250070 -9.494057 2.068861 0.000653 -0.084897 -1.225022 46.075001
-14.187732 -9.704047 2.068828 -0.028492 -0.253822 -1.256035 46.195000
-14.126720 -9.896308 2.068828 0.016843 -0.290632 -1.397411 46.330002
-14.058463 -10.089119 2.068828 0.055734 -0.183505 -1.606857 46.529999
-13.979930 -10.274708 2.068828 0.055575 -0.056690 -2.004804 46.910000
-14.104280 -10.109896 2.061720 -0.001630 0.298668 2.154342 49.514999
-14.218870 -9.941408 2.028397 0.000570 0.177061 2.157550 49.639999
-14.331776 -9.775262 2.006952 0.001375 0.098216 2.159737 49.750000
-14.450433 -9.600657 1.977575 0.001565 0.057445 2.161494 49.860001
-14.588793 -9.397174 1.937578 0.001773 0.033938 2.163052 49.985001
-14.710865 -9.215335 1.901713 0.044413 0.023898 2.101992 50.095001
-14.828533 -9.030993 1.866953 0.066121 -0.101774 2.006618 50.205002
-14.934109 -8.854398 1.847728 0.073422 -0.126868 1.966654 50.314999
-15.041459 -8.651321 1.831471 0.099020 -0.053916 1.876880 50.450001
-15.122370 -8.468929 1.798937 0.041634 -0.019149 1.932253 50.575001
-15.196513 -8.280992 1.785544 0.056347 -0.005371 1.948891 50.705002
-15.266971 -8.077975 1.783659 0.025688 0.004275 1.947776 50.845001
-15.330606 -7.881770 1.768418 -0.001621 0.008789 1.946958 50.980000
-15.393025 -7.685552 1.783457 -0.013808 0.009224 1.908261 51.115002
-15.456909 -7.488908 1.789763 0.068629 0.134719 1.837527 51.250000
-15.515860 -7.289803 1.790010 0.048908 0.148658 1.768373 51.375000
-15.568948 -7.088314 1.790197 -0.003214 0.097372 1.718430 51.490002
-15.620217 -6.885706 1.780733 0.046259 0.064582 1.696636 51.599998
-15.664322 -6.686633 1.776845 0.136761 0.049102 1.577910 51.705002
-15.694205 -6.484098 1.777823 0.085482 0.047275 1.510271 51.810001
-15.713884 -6.279155 1.778646 0.048321 0.042455 1.523752 51.915001
-15.727854 -6.072109 1.779350 0.052334 0.035048 1.534681 52.020000
-15.736059 -5.863944 1.779951 0.062183 0.004565 1.534074 52.125000
-15.735940 -5.661402 1.780461 0.142193 -0.127049 1.354671 52.230000
-15.720844 -5.450774 1.780948 0.151135 -0.071777 1.190363 52.349998
-15.687737 -5.251728 1.781369 0.142857 -0.010906 1.050817 52.474998
-15.631073 -5.053031 1.781743 0.142203 0.025750 0.906049 52.610001
-15.551851 -4.868167 1.782043 0.131221 0.042267 0.777781 52.744999
-15.434501 -4.672341 1.782319 0.133269 0.049851 0.621353 52.900002
-15.305522 -4.512696 1.782517 0.126733 0.051111 0.488056 53.040001
-15.140145 -4.357745 1.782692 0.107071 0.052222 0.350649 53.195000
-14.955799 -4.223499 1.782830 0.089873 0.046059 0.306499 53.349998
-14.783114 -4.121019 1.782926 0.098469 0.039276 0.254781 53.485001
-14.600866 -4.034091 1.783004 0.095890 0.033522 0.198802 53.619999
-14.396791 -3.958531 1.783071 0.086109 0.027906 0.133069 53.764999
-14.201319 -3.903655 1.783121 0.078729 0.025416 0.070707 53.900002
-13.979995 -3.858828 1.783165 0.073099 0.023659 -0.004869 54.049999
-13.778080 -3.832421 1.796372 0.080402 0.113632 -0.072899 54.185001
-13.576545 -3.821416 1.833430 0.069571 0.011957 -0.155665 54.314999
-13.368148 -3.822775 1.869481 0.064885 0.008166 -0.218829 54.450001
-13.170357 -3.834945 1.903350 0.031881 0.013562 -0.244731 54.580002
-12.973866 -3.853856 1.935741 0.056892 0.016981 -0.253316 54.709999
-12.778888 -3.882026 1.970476 0.068284 0.019033 -0.313917 54.840000
-12.578672 -3.922865 2.011434 0.024050 0.017259 -0.321722 54.974998
-12.386574 -3.967561 2.063503 0.018732 0.014917 -0.309416 55.105000
-12.179564 -4.019883 2.098357 0.013521 0.122351 -0.299491 55.244999
-11.980161 -4.071232 2.129827 -0.006727 0.153886 -0.241215 55.369999
-11.778530 -4.122260 2.162367 0.027948 0.101826 -0.244855 55.485001
-11.585622 -4.174372 2.193834 0.022163 0.066198 -0.247507 55.590000
-11.388393 -4.230220 2.225353 0.008300 0.042172 -0.249605 55.695000
-11.189444 -4.289432 2.257625 0.060573 0.027877 -0.334185 55.799999
-11.000417 -4.350733 2.288708 0.003635 0.025563 -0.335547 55.900002
-10.792959 -4.421545 2.297133 0.057045 0.021267 -0.419577 56.009998
-10.598051 -4.496405 2.298620 0.062116 -0.058420 -0.520038 56.115002
-10.407310 -4.576320 2.298620 0.063749 -0.276231 -0.635229 56.224998
-10.217147 -4.656399 2.298620 0.090242 -0.285254 -0.776600 56.360001
-10.030634 -4.730028 2.298620 0.098819 -0.171130 -0.975567 56.549999
-9.839825 -4.794305 2.298620 0.070938 -0.048986 -1.347325 56.904999
-9.647153 -4.852727 2.298620 -0.019146 0.314404 -0.185024 58.360001
-9.434776 -4.885710 2.298620 -0.036265 0.270205 -0.102628 58.595001
-9.218984 -4.910953 2.312328 0.011869 0.055317 -0.019492 58.750000
-9.019564 -4.934629 2.346409 -0.004102 0.021827 0.045276 58.884998
-8.788113 -4.960207 2.366010 -0.036948 0.019408 0.118086 59.040001
-8.585831 -4.975079 2.371444 -0.064008 0.024424 0.183006 59.174999
-8.383153 -4.978920 2.396586 -0.037067 0.025379 0.184787 59.310001
-8.179554 -4.974627 2.400368 -0.042504 0.021578 0.167221 59.445000
-7.945251 -4.959759 2.400353 -0.041037 0.066757 0.152407 59.599998
-7.746322 -4.938924 2.422097 -0.030026 0.170491 0.143449 59.724998
-7.544356 -4.912784 2.422371 -0.014580 0.119953 0.137028 59.840000
-7.329707 -4.882826 2.422597 0.001565 0.069850 0.132050 59.955002
-7.127720 -4.854561 2.422773 0.012009 0.046584 0.128366 60.060001
-6.912861 -4.828581 2.411848 0.116471 -0.026320 -0.020182 60.169998
-6.669091 -4.813722 2.403788 0.109942 -0.117002 -0.142627 60.299999
-6.464525 -4.814738 2.379299 0.111136 -0.058364 -0.218766 60.419998
-6.234301 -4.833782 2.380375 0.076958 -0.012425 -0.208920 60.564999
-6.035693 -4.864336 2.360349 0.098380 0.002450 -0.259659 60.695000
-5.842517 -4.909519 2.330627 0.044380 0.010047 -0.312851 60.825001
-5.630015 -4.968806 2.319782 0.000397 0.011515 -0.299881 60.970001
-5.432298 -5.024936 2.300177 -0.007377 0.011012 -0.290943 61.105000
-5.226294 -5.082452 2.291617 -0.012335 0.119384 -0.284015 61.244999
-5.019062 -5.138865 2.270834 -0.010859 0.153702 -0.279105 61.375000
-4.817299 -5.192922 2.228967 -0.007123 0.098470 -0.275765 61.490002
-4.614969 -5.248088 2.212372 0.041661 0.058361 -0.326947 61.599998
-4.409882 -5.310280 2.181095 0.089220 0.038934 -0.401331 61.709999
-4.215017 -5.378700 2.144831 0.105139 0.034057 -0.448024 61.814999
-4.021296 -5.454142 2.135279 0.049250 0.016800 -0.410214 61.919998
-3.833272 -5.533321 2.100095 -0.003622 -0.137677 -0.372980 62.025002
-3.636239 -5.618223 2.064383 0.061746 -0.106979 -0.406027 62.145000
-3.457945 -5.703540 2.032163 0.113221 -0.045247 -0.613081 62.264999
-3.282746 -5.806076 1.994402 0.109408 -0.002616 -0.790689 62.395000
-3.097946 -5.938544 2.004413 0.103028 0.019168 -0.936848 62.544998
-2.944994 -6.070073 2.007205 0.124026 0.028655 -1.085425 62.680000
-2.802091 -6.219769 2.009546 0.094831 0.042038 -1.176939 62.820000
-2.675667 -6.375286 2.011367 -0.047998 0.002973 -0.974542 62.955002
-2.531471 -6.543261 2.012285 -0.045758 -0.137551 -0.691567 63.105000
-2.390613 -6.697955 2.012285 -0.056966 -0.226107 -0.513544 63.275002
-2.256090 -6.856081 2.012285 -0.068996 -0.106007 -0.225564 63.549999
-2.139996 -7.019066 2.012285 -0.016779 -0.008456 0.030999 64.385002
-1.977800 -7.161026 2.012285 0.010603 0.319769 -0.718918 65.495003
-1.826852 -7.297852 2.012285 0.020882 0.104041 -0.856934 65.654999
-1.671501 -7.448499 2.012285 0.003172 0.038169 -0.926955 65.805000
-1.518344 -7.600635 2.012285 0.033173 0.024371 -0.999065 65.949997
-1.379325 -7.748327 2.012285 0.061503 0.024111 -1.065103 66.084999
-1.239477 -7.915821 2.012285 0.082687 0.027273 -1.135191 66.230003
-1.121806 -8.081395 2.012285 0.091283 0.028193 -1.201963 66.364998
-1.010970 -8.269317 2.012285 0.090038 0.027159 -1.269895 66.510002
-0.922599 -8.452505 2.012285 0.092116 0.085795 -1.333573 66.644997
-0.846344 -8.646237 2.012285 0.067106 0.171682 -1.358033 66.775002
-0.778211 -8.848444 2.019962 0.029976 0.115731 -1.360727 66.894997
-0.717133 -9.046939 2.051417 0.036567 0.072953 -1.353680 67.004997
-0.661224 -9.243282 2.050272 0.041071 0.048212 -1.348307 67.110001
-0.610476 -9.449656 2.049218 0.177568 -0.119915 -1.614174 67.220001
-0.577093 -9.674424 2.064127 0.227372 -0.051594 -1.877310 67.349998
-0.577032 -9.877927 2.063587 0.163485 0.025275 -2.008722 67.480003
-0.607759 -10.076877 2.063129 0.175229 0.052670 -2.130066 67.614998
-0.672204 -10.272080 2.062749 0.151768 0.055120 -2.267086 67.754997
-0.769138 -10.461353 2.062431 0.121182 0.049350 -2.401069 67.900002
-0.894895 -10.642675 2.062170 0.115054 0.045576 -2.550377 68.050003
-1.031827 -10.796723 2.061973 0.112612 0.044648 -2.683538 68.190002
-1.185119 -10.934125 2.061817 0.113944 0.047736 -2.811135 68.330002
-1.353012 -11.052444 2.061689 0.125514 0.052263 -2.943435 68.470001
-1.533880 -11.148552 2.061587 0.134248 0.055515 -3.077604 68.610001
-1.725379 -11.219434 2.061506 0.132427 0.058190 3.077763 68.750000
-1.931633 -11.265256 2.061438 0.108711 0.055658 2.963197 68.894997
-2.142666 -11.284967 2.061384 0.091542 0.050054 2.876261 69.040001
-2.348666 -11.282047 2.061341 0.102419 0.046785 2.814192 69.180000
-2.569273 -11.254920 2.061306 0.106244 0.041053 2.747403 69.330002
-2.765280 -11.209341 2.061280 0.096397 0.033920 2.685845 69.464996
-2.971377 -11.140656 2.061260 0.067166 0.027351 2.625095 69.610001
-3.160167 -11.064452 2.061242 0.019957 0.019052 2.645218 69.745003
-3.369124 -10.974272 2.061227 0.015709 0.014408 2.661827 69.894997
-3.577571 -10.879838 2.061214 0.007499 0.111748 2.674031 70.044998
-3.765686 -10.791555 2.061213 0.024636 -0.075296 2.560223 70.175003
-3.967354 -10.694718 2.061213 0.060556 -0.263347 2.397910 70.330002
-4.152588 -10.610410 2.061213 0.080464 -0.165397 2.183233 70.535004
-4.340003 -10.537488 2.061213 0.059412 -0.042545 1.764341 70.934998
-4.287090 -10.344007 2.061213 0.033994 0.321113 0.694828 72.410004
-4.113855 -10.200053 2.061213 0.005374 0.220652 0.630325 72.565002
-3.935597 -10.055959 2.061213 0.011748 0.114372 0.544583 72.695000
-3.764402 -9.922284 2.061213 0.002805 0.062903 0.482087 72.809998
-3.587309 -9.785733 2.061213 -0.007170 0.043281 0.497505 72.925003
-3.399088 -9.641127 2.061213 0.038135 0.034574 0.510150 73.044998
-3.224557 -9.512471 2.061213 0.033314 -0.146244 0.606282 73.154999
-3.044856 -9.384947 2.061213 -0.015227 -0.322276 0.737185 73.279999
-2.875075 -9.269872 2.061213 -0.056811 -0.254232 0.899506 73.434998
-2.704511 -9.163343 2.061213 -0.073531 -0.127486 1.150841 73.675003
-2.527585 -9.069700 2.061213 -0.036674 -0.012178 1.758234 74.254997
-2.724312 -9.019426 2.061213 -0.022915 0.319506 3.090519 75.964996
-2.924025 -9.008510 2.061213 -0.007060 0.227221 -3.119289 76.099998
-3.124611 -8.997553 2.061213 0.025257 0.127326 -3.098833 76.214996
-3.329877 -8.981702 2.061213 0.046720 0.071374 -3.111059 76.324997
-3.531126 -8.962758 2.066342 -0.080967 -0.060011 -3.002132 76.430000
-3.741188 -8.950381 2.085897 -0.163400 -0.085144 -2.858736 76.544998
-3.940903 -8.956550 2.113798 -0.200139 -0.018932 -2.706797 76.665001
-4.140493 -8.988348 2.125684 -0.133311 0.015435 -2.689459 76.794998
-4.337691 -9.043392 2.131312 -0.064251 0.020714 -2.680673 76.930000
-4.551284 -9.120337 2.131373 -0.080550 0.017821 -2.674714 77.080002
-4.738996 -9.202021 2.143684 -0.111226 0.017798 -2.576586 77.214996
-4.918077 -9.299517 2.163070 -0.104896 0.018578 -2.358661 77.349998
-5.084688 -9.412365 2.162667 -0.098844 0.022540 -2.152603 77.485001
-5.244517 -9.541180 2.162453 -0.074465 -0.082279 -2.169854 77.625000
-5.405867 -9.684205 2.162453 -0.035368 -0.236560 -2.347875 77.794998
-5.553330 -9.827136 2.162453 0.024060 -0.137779 -2.614907 78.050003
-5.684741 -9.978167 2.162453 0.025904 -0.016426 2.971903 78.714996
-5.502779 -9.846041 2.162453 -0.031624 0.323394 0.659336 81.199997
-5.347936 -9.707442 2.162453 -0.025525 0.210031 0.633770 81.334999
-5.194284 -9.569821 2.162453 0.038902 0.113585 0.617287 81.449997
-5.011663 -9.416318 2.162453 0.092267 0.061484 0.603192 81.574997
-4.831311 -9.281133 2.162453 0.107168 0.036139 0.593187 81.690002
-4.641158 -9.155417 2.162453 0.089482 0.023477 0.585275 81.805000
-4.461378 -9.048149 2.162453 0.061234 0.018768 0.579498 81.910004
-4.286870 -8.950367 2.162453 0.025200 0.018105 0.575096 82.010002
-4.111148 -8.853962 2.162453 -0.005526 0.019166 0.571523 82.110001
-3.934733 -8.758365 2.162453 0.059050 0.014740 0.466733 82.209999
-3.756173 -8.667353 2.162453 0.060380 0.015360 0.371536 82.309998
-3.566652 -8.577257 2.162453 0.004997 0.017419 0.328369 82.415001
-3.375790 -8.490907 2.162453 0.043162 0.021650 0.262659 82.519997
-3.155600 -8.397144 2.162453 0.027749 0.024906 0.275523 82.639999
-2.923967 -8.303426 2.162453 0.049242 0.023877 0.285847 82.764999
-2.736599 -8.233023 2.162453 0.054577 0.021590 0.292428 82.864998
-2.520080 -8.154838 2.162453 -0.041252 0.014283 0.417268 82.980003
-2.305148 -8.073725 2.162453 0.022503 0.017703 0.430257 83.095001
-2.108383 -8.000772 2.162453 0.016576 0.019344 0.422522 83.199997
-1.920440 -7.932040 2.162453 -0.003031 0.019864 0.416670 83.300003
-1.713087 -7.858029 2.162453 0.046544 0.012496 0.330988 83.410004
-1.514820 -7.790468 2.162453 -0.084949 -0.061519 0.435735 83.514999
-1.327232 -7.720615 2.162453 -0.057124 -0.136564 0.434020 83.620003
-1.125342 -7.637901 2.162453 -0.042881 -0.079533 0.432329 83.745003
-0.939183 -7.554900 2.162453 0.028424 -0.040732 0.364643 83.870003
-0.751586 -7.472694 2.162453 0.013166 -0.250168 0.446821 84.004997
-0.551410 -7.390954 2.162453 -0.038205 -0.211005 0.645795 84.195000
-0.362842 -7.324034 2.162453 -0.055906 -0.087835 0.970436 84.504997
-0.563624 -7.310302 2.162453 -0.048778 0.127488 -2.984772 86.790001
-0.773104 -7.335204 2.162453 -0.081136 0.056521 -2.943715 86.940002
-0.989482 -7.379647 2.162453 -0.061565 0.028105 -2.925497 87.089996
-1.184720 -7.433226 2.162453 -0.035647 0.015790 -2.935810 87.224998
-1.404968 -7.502266 2.162453 -0.047146 0.163773 -2.940323 87.375000
-1.600126 -7.565181 2.162453 0.009556 0.136801 -2.981050 87.495003
-1.793992 -7.624847 2.162453 -0.002849 0.089090 -2.967638 87.605003
-2.005767 -7.688288 2.162453 0.089816 0.059206 -3.004746 87.720001
-2.214406 -7.742052 2.162453 0.088006 0.044734 -3.035249 87.830002
-2.446460 -7.791388 2.162453 0.098351 0.035211 -3.067322 87.949997
-2.671781 -7.826812 2.162453 0.108345 0.032827 3.132832 88.065002
-2.878946 -7.846801 2.162453 0.104934 0.033126 3.054776 88.169998
-3.136421 -7.859588 2.162453 0.016908 0.028734 3.069461 88.300003
-3.345231 -7.866856 2.162453 0.021830 0.026215 3.081870 88.404999
-3.554248 -7.871819 2.162453 -0.028104 -0.054770 -3.108917 88.510002
-3.762167 -7.878020 2.162453 0.003011 -0.274770 3.091057 88.620003
-3.963703 -7.886916 2.162453 0.046535 -0.301478 2.954923 88.750000
-4.163401 -7.901450 2.162453 0.074863 -0.191758 2.761195 88.934998
-4.362117 -7.926229 2.162453 0.067071 -0.066008 2.410389 89.269997
-4.180428 -7.828497 2.162453 0.023223 0.123443 0.155168 91.500000
-3.985656 -7.760881 2.162453 0.021488 0.065308 0.071879 91.650002
-3.777916 -7.697994 2.162453 0.066052 0.047835 -0.002835 91.800003
-3.554531 -7.648932 2.162453 0.098810 0.041877 -0.081603 91.955002
-3.355250 -7.623523 2.162453 0.060748 0.033740 -0.078266 92.089996
-3.152920 -7.610095 2.162453 0.061741 0.024692 -0.065847 92.224998
-2.948970 -7.607690 2.162453 0.049285 0.017886 -0.056504 92.360001
-2.721704 -7.615227 2.162453 0.027646 0.013357 -0.048694 92.510002
-2.518749 -7.627278 2.154289 0.011068 0.173037 -0.043666 92.639999
-2.320105 -7.641104 2.130490 0.066207 0.080644 -0.122871 92.754997
-2.116158 -7.663105 2.130600 0.093218 -0.072047 -0.310082 92.870003
-1.909261 -7.697187 2.130698 0.110190 -0.046088 -0.481723 92.995003
-1.710946 -7.744982 2.130759 0.103939 -0.092561 -0.540038 93.125000
-1.516408 -7.805321 2.130759 0.040947 -0.250055 -0.382953 93.275002
-1.322894 -7.874658 2.130759 -0.020194 -0.163627 -0.147327 93.500000
-1.135729 -7.957221 2.130759 -0.035710 -0.038200 0.371052 93.995003
-1.329215 -7.851748 2.130759 -0.023452 0.158379 2.826963 96.394997
-1.516718 -7.762377 2.130759 -0.034171 0.070344 2.990883 96.550003
-1.707135 -7.682283 2.130759 -0.068932 0.048389 3.109923 96.695000
-1.899280 -7.614820 2.130759 -0.069075 0.048155 -3.121107 96.834999
-2.134719 -7.553833 2.130759 -0.072055 0.046170 -3.094736 97.000000
-2.355892 -7.517047 2.130759 -0.083499 0.033007 -3.109440 97.150002
-2.558575 -7.499620 2.130759 -0.076752 0.020542 -3.119327 97.285004
-2.762713 -7.495450 2.130759 -0.051362 0.015378 -3.126780 97.419998
-2.967345 -7.500131 2.130759 -0.020950 0.012839 -3.132335 97.555000
-3.172426 -7.508583 2.130759 0.001509 0.092384 -3.136587 97.690002
-3.375063 -7.516222 2.130759 0.016438 0.166563 -3.139569 97.815002
-3.608083 -7.522069 2.130759 -0.052114 0.021404 -3.043586 97.945000
-3.814455 -7.532558 2.140836 -0.103116 -0.085078 -2.852647 98.059998
-4.017268 -7.552892 2.147603 -0.059161 -0.271300 -2.931614 98.184998
-4.215700 -7.579843 2.147603 0.002049 -0.244430 -3.099164 98.345001
-4.413671 -7.615744 2.147603 0.044566 -0.125178 2.911754 98.605003
-4.606585 -7.669212 2.147603 0.022724 -0.006557 2.126361 99.355003
-4.419171 -7.602854 2.105608 0.027317 0.226577 0.319498 101.470001
-4.198067 -7.528334 2.100615 0.000385 0.077575 0.140397 101.650002
-3.994503 -7.463361 2.097368 0.021032 0.036300 -0.003477 101.800003
-3.798765 -7.405540 2.094968 0.046365 0.036246 -0.071567 101.940002
-3.598708 -7.355667 2.093033 0.076956 0.043570 -0.115991 102.080002
-3.394246 -7.321617 2.091459 0.108410 0.047148 -0.173016 102.220001
-3.194186 -7.309574 2.090254 0.089009 0.041329 -0.211873 102.355003
-2.992358 -7.314825 2.089265 0.060020 0.029665 -0.191147 102.489998
-2.789475 -7.331678 2.088464 0.048700 0.019674 -0.175595 102.625000
-2.564034 -7.360637 2.087752 0.027095 0.014024 -0.162792 102.775002
-2.361429 -7.392165 2.087235 0.008131 0.012745 -0.154182 102.910004
-2.159142 -7.425149 2.086832 -0.039647 0.170773 -0.130886 103.040001
-1.956108 -7.455004 2.086818 -0.028792 -0.059657 -0.005977 103.160004
-1.750625 -7.482839 2.086818 -0.059394 -0.275710 0.130163 103.290001
-1.550141 -7.512903 2.086818 -0.084674 -0.212535 0.308192 103.459999
-1.352011 -7.551595 2.086818 -0.079197 -0.087934 0.606652 103.745003
-1.160807 -7.610574 2.086818 -0.007782 0.004946 1.769077 104.855003
-1.382403 -7.555595 2.070912 0.091067 0.234319 2.903033 106.010002
-1.587501 -7.479033 2.049191 -0.080501 0.077127 2.917143 106.175003
-1.781125 -7.424189 2.050430 -0.191819 0.042851 3.071507 106.315002
-1.983778 -7.403585 2.051423 -0.119367 0.036849 -3.126092 106.455002
-2.213539 -7.407218 2.052304 -0.038243 0.025488 -3.128946 106.610001
-2.416308 -7.418478 2.052913 -0.004019 0.018517 -3.130769 106.745003
-2.620297 -7.430621 2.053410 0.015936 0.015785 -3.132144 106.879997
-2.824972 -7.440059 2.053808 0.023527 0.012955 -3.133174 107.014999
-3.048937 -7.446242 2.053937 0.019480 -0.187459 3.044977 107.165001
-3.252857 -7.452836 2.053937 0.052456 -0.222374 2.866956 107.334999
-3.453011 -7.467113 2.053937 0.066220 -0.104186 2.578981 107.610001
-3.650269 -7.500629 2.053937 0.014051 0.002536 1.599835 108.544998
-3.558956 -7.309969 2.042381 0.041806 0.232692 0.929581 109.294998
-3.452719 -7.137362 2.042342 -0.029453 0.105534 0.980060 109.455002
-3.344638 -6.952626 2.042313 0.008073 0.049751 0.980762 109.605003
-3.241401 -6.780368 2.052124 0.050217 0.025254 0.954328 109.739998
-3.112271 -6.585599 2.077871 0.079700 0.069141 0.871154 109.894997
-2.989293 -6.428996 2.109735 0.117747 0.174673 0.743469 110.019997
-2.851219 -6.282570 2.123017 0.059547 0.024007 0.627151 110.135002
-2.707963 -6.142941 2.123017 0.070046 -0.205993 0.506720 110.250000
-2.552803 -5.994040 2.123017 0.092981 -0.262768 0.349635 110.400002
-2.411554 -5.850916 2.123017 0.097621 -0.148673 0.129717 110.610001
-2.279184 -5.699229 2.123017 0.058774 -0.028154 -0.320592 111.040001
-2.086251 -5.638442 2.123017 0.047781 0.295017 0.078315 111.620003
-1.880047 -5.639235 2.123017 -0.026920 0.136016 0.112523 111.794998
-1.663939 -5.630544 2.123017 -0.057954 0.061181 0.134069 111.949997
-1.459844 -5.610207 2.123017 -0.027023 -0.068131 0.200932 112.089996
-1.235202 -5.582414 2.123017 -0.045964 -0.236356 0.384197 112.264999
-1.033568 -5.563313 2.123017 -0.066342 -0.129354 0.640768 112.510002
-0.833044 -5.559978 2.123017 -0.033170 -0.011009 1.284815 113.125000
-1.034576 -5.561532 2.109067 -0.024054 0.200038 -3.095881 115.209999
-1.253554 -5.561450 2.081614 -0.023688 0.083316 -3.097171 115.375000
-1.463341 -5.567979 2.083405 -0.036679 0.038246 3.139365 115.519997
-1.663849 -5.580781 2.077883 -0.026945 0.022788 -3.108923 115.654999
-1.866986 -5.599448 2.092185 -0.021023 0.129097 -3.101182 115.790001
-2.071060 -5.620394 2.089688 -0.003530 0.162803 -3.095702 115.915001
-2.277938 -5.638487 2.102328 0.029469 0.093422 3.136051 116.029999
-2.481720 -5.651456 2.102328 0.044494 -0.126578 3.020861 116.139999
-2.681901 -5.662194 2.102328 0.075030 -0.296264 2.895199 116.260002
-2.881946 -5.675577 2.102328 0.095233 -0.225585 2.727650 116.419998
-3.081627 -5.696797 2.102328 0.087705 -0.098899 2.455383 116.680000
-3.278202 -5.735257 2.102328 0.023791 0.002208 1.669968 117.430000
-3.073433 -5.732782 2.102328 0.010013 0.219401 0.052083 119.245003
-2.872569 -5.718981 2.102328 0.034476 0.096833 0.022640 119.400002
-2.664780 -5.712590 2.102328 0.045126 0.045291 0.002444 119.544998
-2.464494 -5.714726 2.102328 0.040698 0.025347 -0.011470 119.680000
-2.261714 -5.723990 2.102328 0.031440 0.048168 -0.022013 119.815002
-2.058516 -5.732369 2.102328 -0.063966 0.020851 0.129667 119.945000
-1.814124 -5.729884 2.102328 -0.008994 -0.011572 0.208223 120.099998
-1.582822 -5.724774 2.102328 0.000979 0.002947 0.182041 120.250000
-1.376496 -5.720020 2.102328 -0.023762 0.011822 0.164314 120.385002
-1.155786 -5.710000 2.102328 -0.035235 0.013711 0.150137 120.529999
-0.950953 -5.694066 2.102328 -0.031820 0.012814 0.140391 120.665001
-0.746755 -5.672360 2.117638 -0.020781 0.011687 0.132977 120.800003
-0.541586 -5.647896 2.117728 0.085037 0.140972 0.047640 120.934998
-0.334310 -5.629920 2.117772 -0.021664 0.150549 0.049013 121.059998
-0.097646 -5.607777 2.117809 -0.016243 0.091857 0.055207 121.190002
0.112448 -5.586344 2.111319 -0.000256 0.056760 0.059259 121.300003
0.317237 -5.565527 2.124522 0.011961 0.039862 0.062356 121.404999
0.524221 -5.545776 2.124725 0.019010 0.029379 0.064813 121.510002
0.732385 -5.527837 2.124888 0.019575 0.024924 0.066812 121.614998
0.941220 -5.511778 2.125026 0.015925 0.022315 0.068416 121.720001
1.160372 -5.496534 2.125146 0.009203 0.021302 0.069754 121.830002
1.399617 -5.480871 2.125256 0.001350 0.010026 0.070881 121.949997
1.626790 -5.467364 2.093383 0.008237 -0.092839 0.076918 122.065002
1.853578 -5.455944 2.093383 -0.029089 -0.313951 0.207822 122.190002
2.062626 -5.448887 2.093383 -0.067745 -0.265739 0.364906 122.339996
2.275275 -5.449697 2.093383 -0.081430 -0.132972 0.616241 122.580002
2.475179 -5.465314 2.093383 -0.042975 -0.015872 1.171273 123.110001
2.276557 -5.499390 2.093383 -0.021029 0.187397 -3.035892 125.370003
2.070634 -5.516041 2.093383 -0.035615 0.084383 -3.029365 125.525002
1.854355 -5.538620 2.093383 -0.023840 0.037004 -3.085135 125.675003
1.654564 -5.563861 2.083087 -0.016748 0.021310 -3.088952 125.809998
1.445972 -5.595629 2.082465 -0.007583 0.014342 -3.101299 125.949997
1.247765 -5.627989 2.082848 0.011844 0.048843 -3.139754 126.080002
1.048537 -5.658756 2.082848 0.063543 -0.210891 3.007297 126.209999
0.847257 -5.689759 2.082848 0.088922 -0.218535 2.834512 126.375000
0.644269 -5.729055 2.082848 0.083256 -0.094149 2.546537 126.650002
0.452190 -5.785942 2.082848 0.017139 0.004083 1.645932 127.510002
0.652668 -5.749838 2.069289 -0.023208 0.238922 0.171764 128.919998
0.846616 -5.698834 2.058544 0.060005 0.104978 0.160253 129.074997
1.043466 -5.655878 2.058706 0.059526 0.043102 0.204819 129.214996
1.241471 -5.623459 2.058835 0.055681 0.005725 0.253918 129.350006
1.461795 -5.597540 2.058947 0.003424 -0.050666 0.316124 129.500000
1.682222 -5.572528 2.059043 -0.067015 -0.069642 0.445310 129.660004
1.883225 -5.538380 2.059119 -0.104039 -0.063718 0.561861 129.824997
2.077426 -5.482178 2.059186 -0.090755 -0.050884 0.685330 130.014999
2.257915 -5.392504 2.068199 -0.076927 0.130306 0.805039 130.214996
2.430129 -5.266413 2.067951 -0.048450 0.008586 0.923773 130.399994
2.598104 -5.120067 2.067756 -0.062381 -0.039726 1.065452 130.595001
2.741241 -4.972061 2.067610 -0.063278 -0.046114 1.175829 130.794998
2.869980 -4.808003 2.067484 -0.060217 -0.039408 1.274515 131.029999
2.970464 -4.630506 2.067398 -0.007058 0.229116 1.312686 131.259995
3.050247 -4.442826 2.067354 -0.041572 0.119250 1.369093 131.425003
3.117420 -4.250710 2.067325 -0.054292 0.061668 1.435941 131.570007
3.174615 -4.053433 2.067302 -0.058984 0.038616 1.487090 131.710007
3.221298 -3.849901 2.067282 -0.070714 0.029589 1.557292 131.850006
3.254359 -3.650075 2.067268 -0.027561 0.023715 1.573543 131.985001
3.281462 -3.447685 2.067255 -0.009661 0.109748 1.553307 132.119995
3.301096 -3.237014 2.067246 -0.032603 0.161511 1.595571 132.250000
3.313272 -3.012291 2.067240 -0.014589 0.104246 1.585229 132.375000
3.322450 -2.783881 2.067234 -0.017966 0.062557 1.577559 132.494995
3.328622 -2.568965 2.067229 -0.016994 0.041905 1.572030 132.604996
3.332661 -2.361356 2.067224 -0.012925 0.030768 1.567817 132.710007
3.335493 -2.142619 2.067219 -0.005825 0.025619 1.564298 132.820007
3.337701 -1.923244 2.067219 0.000595 0.022641 1.561517 132.929993
3.340256 -1.683937 2.067219 0.005104 -0.016502 1.559157 133.050003
3.343518 -1.447615 2.067219 0.006822 0.025718 1.557297 133.169998
3.347949 -1.201107 2.067219 0.005733 0.030975 1.555794 133.294998
3.352843 -0.972932 2.067219 0.003311 0.026699 1.554717 133.410004
3.357724 -0.763850 2.067219 0.000854 0.024466 1.553933 133.514999
3.362723 -0.554362 2.067219 -0.001298 0.022075 1.553311 133.619995
3.367616 -0.344665 2.067219 -0.002608 0.021449 1.552805 133.725006
3.372269 -0.134867 2.067219 -0.003035 0.020689 1.552406 133.830002
3.376637 0.074878 2.067219 -0.002673 0.004792 1.552080 133.934998
3.381088 0.301370 2.067219 -0.001646 -0.068684 1.551803 134.050003
3.385041 0.510568 2.067219 -0.000901 0.039119 1.551588 134.160004
3.388779 0.711485 2.067219 -0.000129 0.053721 1.551428 134.264999
3.392609 0.915946 2.067219 0.000365 0.042226 1.551296 134.369995
3.397334 1.162465 2.067219 0.000593 0.031565 1.551173 134.494995
3.401644 1.380934 2.067219 0.000468 0.026266 1.551088 134.604996
3.405863 1.590140 2.067219 0.000194 0.023357 1.551026 134.710007
3.410148 1.799674 2.067219 -0.000173 0.022130 1.550975 134.815002
3.414458 2.009340 2.067219 -0.000461 0.015817 1.550935 134.919998
3.418721 2.217087 2.067219 -0.000660 -0.054860 1.550903 135.024994
3.422810 2.417627 2.067219 -0.000766 0.015678 1.550874 135.130005
3.427102 2.636270 2.067219 -0.045147 0.054400 1.581127 135.244995
3.427814 2.859159 2.067219 -0.005035 0.045259 1.599214 135.360001
3.427230 3.065566 2.067219 0.000791 0.034879 1.596628 135.464996
3.426529 3.273606 2.067219 -0.003644 0.028762 1.594558 135.570007
3.425064 3.512472 2.067219 -0.046236 0.024235 1.616997 135.690002
3.418015 3.731548 2.067219 -0.065636 0.023513 1.705620 135.800003
3.404847 3.940268 2.067219 -0.001644 0.023504 1.696267 135.904999
3.390785 4.148786 2.067219 -0.035921 -0.013293 1.713793 136.009995
3.373024 4.353140 2.067219 -0.109664 -0.015328 1.838774 136.115005
3.342961 4.555133 2.052207 -0.238271 -0.104474 2.127806 136.225006
3.287445 4.754786 2.036159 -0.227374 -0.006267 2.266758 136.350006
3.189905 4.954258 2.025359 -0.212514 0.030615 2.361711 136.494995
3.052956 5.130535 2.002145 -0.171034 0.034206 2.460581 136.645004
2.905160 5.266926 1.985537 -0.151727 0.029460 2.578156 136.779999
2.734449 5.388447 1.966805 -0.095301 0.024299 2.706165 136.919998
2.559906 5.491320 1.951105 -0.051297 0.021888 2.807704 137.054993
2.379789 5.585156 1.937142 -0.080864 0.020331 2.906371 137.190002
2.194725 5.667397 1.905980 -0.068623 0.026553 2.988122 137.324997
2.004797 5.736805 1.906866 -0.082387 0.030118 3.073393 137.460007
1.810409 5.792375 1.918969 -0.044091 0.028910 3.086152 137.595001
1.612397 5.837464 1.918934 -0.060341 0.025709 3.118834 137.729996
1.411518 5.871425 1.918906 -0.052607 0.021849 3.106644 137.865005
1.208598 5.893070 1.918882 -0.093103 0.020081 -3.081433 138.000000
1.004800 5.900661 1.946932 -0.047710 0.018091 -3.080084 138.134995
0.768725 5.897340 1.950823 -0.040296 0.153361 -3.005735 138.289993
0.560495 5.885345 1.948938 0.015448 0.152927 -3.021081 138.414993
0.360262 5.873983 1.951472 0.010142 0.096854 -3.031667 138.524994
0.160266 5.863008 1.953529 0.001311 0.063374 -3.039790 138.630005
-0.073921 5.849732 1.955492 -0.005693 0.040300 -3.047064 138.750000
-0.281262 5.837059 1.956943 -0.007533 0.030195 -3.052138 138.854996
-0.519445 5.821259 1.958336 -0.006217 0.024936 -3.056716 138.975006
-0.758218 5.804329 1.959487 -0.002953 0.022552 -3.060265 139.095001
-0.977350 5.788239 1.965876 0.000469 0.021475 -3.062833 139.205002
-1.176682 5.773493 2.003108 0.002840 0.020573 -3.064709 139.304993
-1.382279 5.758247 2.004906 0.006037 -0.179500 3.139850 139.410004
-1.588574 5.741754 2.004906 0.044242 -0.324194 3.014188 139.529999
-1.791669 5.721169 2.004906 0.076894 -0.238143 2.846639 139.690002
-1.990286 5.692523 2.004906 0.081028 -0.110331 2.579608 139.945007
-2.185702 5.646826 2.004906 0.026483 -0.000999 1.836088 140.654999
