-12.787348 4.000000 1.000000 0.000000 0.130513 0.000000 0.000000
-12.583431 4.000782 1.000000 -0.067300 0.230319 0.050147 0.185000
-12.384089 4.015109 1.015231 -0.070489 0.071281 0.234210 0.330000
-12.180874 4.042406 1.036954 -0.012153 0.031717 0.304934 0.470000
-11.967364 4.076089 1.050328 -0.036254 0.023997 0.378753 0.615000
-11.761557 4.116755 1.049661 -0.058405 0.024676 0.445664 0.755000
-11.542903 4.171697 1.049094 -0.037820 0.025015 0.437828 0.905000
-11.347121 4.229764 1.048684 -0.048427 0.019919 0.425685 1.040000
-11.153418 4.296600 1.061204 -0.012164 0.014004 0.376261 1.176000
-10.967599 4.364211 1.094414 0.013430 0.010005 0.277006 1.305000
-10.760485 4.435819 1.129599 0.034295 0.167876 0.186323 1.445000
-10.570097 4.493448 1.160653 0.047582 0.132876 0.108407 1.560000
-10.373425 4.543964 1.196502 0.087439 0.075414 0.018996 1.670000
-10.182096 4.582160 1.247621 0.126373 -0.084697 -0.114990 1.775000
-9.968817 4.608602 1.319140 0.195087 -0.040921 -0.296548 1.900000
-9.772131 4.608193 1.382792 0.199033 0.021103 -0.444776 2.025000
-9.580791 4.576699 1.445459 0.187028 0.051645 -0.589303 2.155000
-9.387984 4.508969 1.477781 0.159817 0.059349 -0.729593 2.295000
-9.196091 4.403652 1.511451 0.090581 0.050246 -0.816709 2.445000
-9.032561 4.289132 1.541915 0.116858 0.041201 -0.916501 2.580000
-8.881866 4.157355 1.573426 0.120072 0.039639 -1.062709 2.715000
-8.747220 4.009980 1.603986 0.108282 0.041046 -1.191355 2.850000
-8.628700 3.849742 1.635777 0.077790 0.040881 -1.277140 2.985000
-8.519405 3.673034 1.650362 0.083570 0.038976 -1.324842 3.125000
-8.427674 3.493616 1.671209 0.096995 0.036703 -1.381236 3.260000
-8.349475 3.299177 1.688355 0.097544 0.032796 -1.440088 3.400000
-8.291060 3.105299 1.686280 0.091782 0.029403 -1.503355 3.535000
-8.248649 2.906996 1.684600 0.076416 0.026628 -1.564384 3.670000
-8.219415 2.705858 1.683246 0.071404 0.023422 -1.613463 3.805000
-8.202726 2.502559 1.682140 0.046945 0.123129 -1.663074 3.940000
-8.199531 2.299517 1.709891 0.027106 0.169557 -1.710351 4.065000
-8.207966 2.097999 1.710947 0.118184 -0.030977 -1.876435 4.180000
-8.231161 1.896678 1.710566 0.149341 -0.039544 -2.046045 4.300000
-8.274822 1.696597 1.710223 0.158556 0.011157 -2.198234 4.430000
-8.343786 1.505842 1.709933 0.165810 0.043011 -2.345301 4.565000
-8.442708 1.325593 1.675210 0.146495 0.055402 -2.482754 4.705000
-8.566376 1.163352 1.641408 0.130103 0.025054 -2.612649 4.845000
-8.716054 1.012666 1.605807 0.121025 -0.018818 -2.754064 4.995000
-8.882319 0.882452 1.592438 0.090488 0.082945 -2.831546 5.150000
-9.070090 0.769212 1.593879 0.119322 0.066514 -2.954938 5.305000
-9.255574 0.685910 1.606586 0.107186 0.053432 -3.055230 5.445000
-9.451051 0.622322 1.608197 0.109585 0.045481 3.091526 5.585000
-9.681446 0.576060 1.609651 0.110515 0.045916 2.943353 5.745000
-9.900467 0.559422 1.610728 0.081776 0.047109 2.841916 5.895000
-10.128619 0.565736 1.611607 0.093390 0.046332 2.785507 6.050000
-10.350217 0.592092 1.638327 0.016148 0.030194 2.866638 6.200000
-10.551641 0.622058 1.673339 -0.007654 0.016303 3.003079 6.335000
-10.753810 0.651346 1.707179 -0.035800 0.007245 -3.094603 6.470000
-10.955120 0.674346 1.739508 -0.059522 0.014674 -2.943462 6.605000
-11.154892 0.686164 1.750000 -0.098102 0.033961 -2.797428 6.740000
-11.359629 0.678682 1.749572 -0.123967 0.052317 -2.656357 6.880000
-11.560568 0.646531 1.749228 -0.144681 0.059054 -2.537895 7.020000
-11.753519 0.585830 1.748948 -0.159643 0.068477 -2.394146 7.160000
-11.945402 0.486334 1.748711 -0.153710 0.067054 -2.237678 7.310000
-12.118052 0.354865 1.748522 -0.136094 0.060640 -2.091346 7.460000
-12.260185 0.208872 1.748381 -0.133847 0.055891 -1.950299 7.600000
-12.389585 0.032269 1.748260 -0.122773 0.053117 -1.808531 7.750000
-12.487964 -0.147316 1.756010 -0.125682 0.052268 -1.674203 7.890000
-12.572403 -0.365686 1.757640 -0.078862 0.047990 -1.585865 8.050000
-12.628495 -0.579386 1.758843 -0.131149 0.048070 -1.449226 8.200000
-12.655634 -0.805108 1.759828 -0.117354 0.050396 -1.304304 8.355000
-12.655302 -1.010880 1.760537 -0.079672 0.044939 -1.269296 8.495000
-12.638335 -1.210573 1.761085 -0.081802 0.037035 -1.222085 8.630000
-12.605353 -1.409479 1.761532 -0.082684 0.031953 -1.167856 8.765000
-12.556553 -1.605867 1.761890 -0.079705 0.028406 -1.106973 8.900000
-12.493035 -1.798610 1.762184 -0.044286 0.024229 -1.069243 9.035000
-12.420018 -1.989084 1.774162 -0.057654 0.019420 -1.054976 9.170000
-12.337080 -2.175911 1.810233 -0.073977 0.019040 -0.979440 9.305000
-12.242348 -2.353512 1.843770 -0.080485 0.175927 -0.910575 9.435000
-12.132112 -2.526917 1.876601 -0.067081 0.140897 -0.841175 9.555000
-12.013863 -2.691883 1.903473 -0.065166 0.090948 -0.769422 9.665000
-11.889449 -2.849869 1.902410 -0.074119 0.061584 -0.697988 9.770000
-11.755545 -3.004630 1.901515 -0.095315 0.048288 -0.623903 9.875000
-11.612767 -3.153534 1.900746 -0.044713 0.040922 -0.603717 9.980000
-11.442671 -3.319692 1.900012 -0.059140 -0.017454 -0.621235 10.100000
-11.294381 -3.456226 1.869428 -0.072321 -0.227454 -0.633499 10.205000
-11.124821 -3.602796 1.856598 -0.044638 -0.316705 -0.645964 10.345000
-10.958800 -3.736868 1.850434 0.001824 -0.138769 -0.722072 10.540000
-10.795386 -3.864208 1.844585 0.006516 -0.087249 -0.736056 10.820000
-10.637681 -3.987568 1.839104 0.005641 -0.057955 -0.753970 11.280000
