-12.798081 4.059247 1.000000 0.001588 0.252075 0.346782 0.000000
-12.601347 4.119048 1.000000 -0.027485 0.117068 0.369996 0.165000
-12.406981 4.186484 1.009901 -0.043594 0.054474 0.384717 0.310000
-12.193469 4.271821 1.010468 -0.039308 0.024917 0.396129 0.465000
-12.007511 4.354655 1.009968 -0.025463 0.016498 0.403497 0.600000
-11.801754 4.451720 1.009535 0.003647 0.171437 0.387828 0.745000
-11.614658 4.541517 1.009243 -0.062608 -0.027506 0.564847 0.865000
-11.424284 4.642276 1.008983 -0.100493 -0.192609 0.762564 0.995000
-11.252098 4.744885 1.008751 -0.119266 -0.122103 0.911035 1.140000
-11.087689 4.865539 1.008524 -0.108393 -0.047410 1.048216 1.320000
-10.949055 5.002989 1.061680 -0.063937 -0.015439 1.106907 1.520000
-10.830914 5.156428 1.126176 -0.050365 -0.006108 1.191963 1.735000
-10.725733 5.323895 1.187954 0.015307 0.208053 1.181563 1.945000
-10.627864 5.490198 1.246582 -0.013920 0.118789 1.161516 2.100000
-10.528910 5.669251 1.311336 -0.024802 0.057221 1.147885 2.245000
-10.426606 5.866371 1.361380 -0.021536 0.028178 1.137503 2.395000
-10.324092 6.068032 1.395246 0.041603 0.015544 1.022731 2.545000
-10.225201 6.247062 1.407431 0.049765 0.013549 0.911803 2.680000
-10.113917 6.428046 1.406466 0.046701 0.123609 0.814438 2.820000
-9.997063 6.595283 1.405769 0.059967 0.162983 0.746028 2.945000
-9.870385 6.753530 1.394108 0.096236 -0.027627 0.617702 3.060000
-9.721248 6.917790 1.388915 0.099076 -0.048163 0.549401 3.190000
-9.576627 7.057648 1.388551 0.108061 -0.012183 0.488193 3.315000
-9.408311 7.194571 1.388219 0.138758 0.013377 0.392179 3.455000
-9.223355 7.313128 1.387942 0.103040 0.025522 0.313776 3.600000
-9.021809 7.415166 1.387716 0.088813 0.026112 0.246213 3.750000
-8.819559 7.498322 1.387542 0.029916 0.020182 0.246592 3.895000
-8.627502 7.568317 1.387411 0.053427 0.017996 0.204110 4.030000
-8.403441 7.639568 1.387292 0.019346 0.014324 0.222984 4.185000
-8.206738 7.698123 1.387208 0.015717 0.013050 0.235255 4.320000
-8.009064 7.754183 1.387140 0.043428 0.012106 0.213794 4.455000
-7.795614 7.808904 1.387083 0.066395 0.174706 0.171082 4.595000
-7.599035 7.851614 1.370131 0.037331 0.130346 0.136937 4.710000
-7.397120 7.890563 1.406807 -0.010563 0.078378 0.104214 4.820000
-7.168670 7.931897 1.446240 0.036477 0.048325 0.047158 4.940000
-6.955324 7.965400 1.482185 0.064126 0.038850 -0.020308 5.050000
-6.742413 7.993163 1.488240 0.019858 -0.141517 0.006779 5.160000
-6.526366 8.021482 1.488240 0.060896 -0.317108 -0.124121 5.285000
-6.326730 8.051399 1.488240 0.088836 -0.236527 -0.286437 5.440000
-6.120964 8.090858 1.488240 0.087406 -0.109287 -0.558708 5.700000
-5.927467 8.143344 1.488240 0.095334 0.175663 -1.286775 6.400000
-5.890044 7.929734 1.488240 0.023461 0.233919 -1.410691 6.765000
-5.866794 7.727809 1.488240 0.022613 0.106755 -1.441410 6.925000
-5.845635 7.500224 1.488240 0.023671 0.045834 -1.463376 7.085000
-5.831264 7.300221 1.488240 0.020308 0.026282 -1.477102 7.220000
-5.819628 7.089601 1.488240 0.017696 0.068509 -1.487684 7.360000
-5.810619 6.881451 1.488240 0.012634 0.169129 -1.495121 7.490000
-5.802669 6.677059 1.488240 0.002352 0.116791 -1.500215 7.605000
-5.794346 6.469580 1.488240 -0.004360 0.070354 -1.504031 7.715000
-5.784869 6.265834 1.488240 -0.072250 0.046657 -1.455108 7.820000
-5.767891 6.060088 1.488240 -0.075683 0.035768 -1.369615 7.925000
-5.739378 5.824546 1.488240 -0.077830 0.030288 -1.319676 8.045000
-5.707123 5.618958 1.488240 -0.074421 0.028421 -1.275042 8.150000
-5.667763 5.414393 1.488240 -0.044055 0.029814 -1.263389 8.255000
-5.619959 5.200914 1.506004 -0.113997 0.026411 -1.215643 8.365000
-5.567646 5.009128 1.540849 0.002709 0.023371 -1.284880 8.465000
-5.512183 4.817833 1.575267 0.010088 0.020560 -1.322304 8.565000
-5.443311 4.588622 1.591907 -0.026484 0.020690 -1.304418 8.685000
-5.377193 4.379214 1.583498 -0.039780 -0.015343 -1.251721 8.795000
-5.313351 4.186512 1.583498 -0.018176 -0.225343 -1.141765 8.900000
-5.242558 3.971023 1.583498 -0.057745 -0.306578 -0.995156 9.040000
-5.183733 3.776423 1.583498 -0.081915 -0.200619 -0.806661 9.220000
-5.132779 3.574441 1.583498 -0.070894 -0.067607 -0.461087 9.550000
-4.979317 3.717722 1.583498 -0.086079 0.145280 1.445757 11.230000
-4.927169 3.918082 1.583498 -0.062281 0.084130 1.605524 11.385000
-4.891089 4.150094 1.583498 -0.096104 0.057897 1.726550 11.550000
-4.881499 4.354008 1.583498 -0.140389 0.047875 1.856135 11.690000
-4.896310 4.558863 1.577110 -0.117805 0.045223 1.942236 11.830000
-4.940573 4.791264 1.576795 -0.094167 0.039186 2.016201 11.990000
-5.000139 4.991388 1.576576 -0.082955 0.031385 2.079775 12.130000
-5.073343 5.180173 1.576412 -0.057822 0.015360 2.121359 12.265000
-5.155735 5.363156 1.576412 -0.016405 -0.238934 1.974753 12.405000
-5.245369 5.545692 1.576412 0.035124 -0.197201 1.775784 12.595000
-5.343378 5.720937 1.576412 0.052014 -0.075253 1.419734 12.935000
-5.154278 5.809155 1.576412 -0.004673 0.191515 -0.244979 14.565000
-4.952620 5.781889 1.538939 0.057632 0.083247 -0.208633 14.715000
-4.751799 5.743358 1.545315 0.052478 0.026052 -0.118098 14.855000
-4.548651 5.694932 1.571615 0.027425 0.011285 -0.057326 14.995000
-4.352737 5.644256 1.568099 -0.032230 0.017447 0.030208 15.130000
-4.126382 5.591034 1.564874 -0.025506 0.025155 0.027393 15.285000
-3.926945 5.553110 1.562618 -0.088908 0.030075 0.089217 15.420000
-3.718325 5.532064 1.560732 -0.122848 0.033150 0.165561 15.560000
-3.516384 5.531790 1.559258 -0.070068 0.029462 0.171101 15.695000
-3.313593 5.545288 1.574247 -0.055858 0.062567 0.160524 15.830000
-3.107799 5.569788 1.588806 -0.040222 0.174092 0.152878 15.960000
-2.906474 5.600248 1.588121 -0.017900 0.116213 0.147689 16.075001
-2.702328 5.633468 1.587521 0.003225 0.070868 0.143796 16.184999
-2.501546 5.665691 1.573949 0.068277 0.046230 0.101966 16.290001
-2.297261 5.693601 1.570398 0.027524 0.036547 0.092329 16.395000
-2.090885 5.718566 1.570127 0.022895 0.029250 0.092461 16.500000
-1.883275 5.741303 1.569896 0.022714 0.025185 0.092568 16.605000
-1.684891 5.760909 1.537819 0.020117 0.018235 0.092650 16.705000
-1.476363 5.779668 1.540051 0.013892 0.021190 0.092720 16.809999
-1.267596 5.797233 1.541986 0.006400 0.021130 0.092776 16.915001
-1.058647 5.814379 1.541913 -0.000600 0.022240 0.092821 17.020000
-0.859522 5.830957 1.520530 0.005085 0.020315 0.087914 17.120001
-0.660332 5.845448 1.490541 0.078695 0.019658 -0.015056 17.219999
-0.461298 5.852509 1.519193 0.075716 0.022796 -0.100371 17.320000
-0.252563 5.853632 1.520801 0.003921 0.023369 -0.090078 17.424999
-0.013652 5.853335 1.522333 0.015977 0.024749 -0.080871 17.545000
0.215438 5.850708 1.523567 0.028387 -0.012818 -0.073898 17.660000
0.420570 5.845317 1.524513 0.030604 -0.071833 -0.068863 17.764999
0.628955 5.836545 1.525354 0.024316 0.045770 -0.064643 17.875000
0.839543 5.824718 1.526063 0.013837 0.052393 -0.061296 17.985001
1.053701 5.809962 1.547299 0.052681 0.039379 -0.119346 18.094999
1.259870 5.791070 1.548258 0.057601 0.031594 -0.153838 18.200001
1.466242 5.765652 1.549021 0.095556 0.028676 -0.256730 18.305000
1.670967 5.729699 1.549669 0.091530 0.030015 -0.343948 18.410000
1.874181 5.685438 1.550220 0.017281 0.029408 -0.333372 18.514999
2.077409 5.637882 1.550684 0.028802 0.008640 -0.326019 18.620001
2.305760 5.580044 1.551132 0.009807 -0.068920 -0.286978 18.740000
2.502271 5.528014 1.551200 -0.010094 -0.258784 -0.170508 18.850000
2.699649 5.473096 1.551200 -0.048419 -0.295354 -0.029136 18.985001
2.893724 5.412539 1.551200 -0.075971 -0.179789 0.175067 19.180000
3.085947 5.340312 1.551200 -0.062110 -0.051687 0.567767 19.555000
2.885138 5.405304 1.551200 -0.026909 0.138506 2.796322 22.030001
2.668789 5.486427 1.545020 -0.067440 0.055270 2.843186 22.195000
2.457306 5.551725 1.533145 -0.079172 0.027866 2.920687 22.344999
2.260443 5.598019 1.533602 -0.048235 0.020845 3.003817 22.480000
2.063341 5.636114 1.555125 0.004331 0.178961 2.992196 22.610001
1.825209 5.681535 1.554552 -0.002756 0.082364 2.984503 22.750000
1.621500 5.720166 1.554552 -0.020592 -0.147636 3.083985 22.865000
1.412110 5.760349 1.554552 -0.060772 -0.292165 -3.057831 23.000000
1.213838 5.803263 1.554552 -0.084820 -0.198685 -2.869338 23.180000
1.019694 5.855760 1.554552 -0.074069 -0.071525 -2.539476 23.495001
1.202167 5.768066 1.559025 0.009876 0.128146 -0.232883 25.600000
1.387952 5.686989 1.559697 -0.013131 0.067304 -0.250676 25.745001
1.593220 5.603005 1.560255 -0.028383 0.028940 -0.372240 25.895000
1.782944 5.529588 1.560656 0.030183 0.006578 -0.550698 26.030001
1.970076 5.452998 1.560980 0.015672 0.006632 -0.695935 26.165001
2.157665 5.366027 1.561252 0.081942 0.032345 -0.869677 26.305000
2.346805 5.255523 1.561485 0.145887 0.058929 -0.999787 26.455000
2.505337 5.128868 1.561660 0.125012 0.066991 -1.089310 26.594999
2.646182 4.980310 1.561799 0.121314 0.055603 -1.141070 26.735001
2.781363 4.794876 1.561922 0.115610 0.041867 -1.207479 26.889999
2.880774 4.619437 1.562008 0.098736 0.032457 -1.268671 27.025000
2.964739 4.434866 1.562077 0.082410 0.026433 -1.332512 27.160000
3.035315 4.244064 1.562133 0.069701 0.022293 -1.401616 27.295000
3.098038 4.034506 1.562182 0.039345 0.019759 -1.451749 27.440001
3.148495 3.835349 1.562218 0.074621 0.152287 -1.480202 27.575001
3.190420 3.631987 1.562246 0.052979 0.161413 -1.490603 27.700001
3.225598 3.425620 1.562267 0.006055 0.099597 -1.493869 27.815001
3.256718 3.227680 1.562283 0.044407 0.064287 -1.517188 27.920000
3.289293 2.995494 1.562298 0.053831 0.041389 -1.532603 28.040001
3.316820 2.759993 1.562311 0.018207 0.031178 -1.539649 28.160000
3.342264 2.512834 1.562322 0.018778 0.026674 -1.529733 28.285000
3.362400 2.294390 1.562330 0.021613 0.022919 -1.522949 28.395000
3.380151 2.075482 1.562337 0.018708 0.021907 -1.517572 28.504999
3.395181 1.866253 1.562342 0.012753 0.019408 -1.513448 28.610001
3.408775 1.658231 1.562347 0.047056 -0.044277 -1.546780 28.715000
3.419399 1.457248 1.562352 0.030084 -0.071226 -1.553916 28.820000
3.425646 1.253285 1.562354 0.027946 0.060823 -1.609532 28.930000
3.427845 1.035654 1.562357 0.007989 0.063408 -1.605549 29.045000
3.428536 0.822290 1.562360 0.012908 0.046767 -1.602560 29.155001
3.427335 0.585945 1.562362 0.015875 0.034326 -1.599966 29.275000
3.423811 0.347651 1.562365 0.013948 0.026178 -1.597965 29.395000
3.419078 0.138437 1.562366 0.008802 0.023598 -1.596579 29.500000
3.413359 -0.071086 1.562366 0.003067 0.016360 -1.595466 29.605000
3.407323 -0.279235 1.562366 -0.002106 -0.042700 -1.594572 29.709999
3.401622 -0.481019 1.562366 -0.005184 0.011766 -1.593851 29.815001
3.396463 -0.681411 1.562366 -0.006480 0.052144 -1.593272 29.920000
3.391873 -0.885085 1.562366 -0.005866 0.046206 -1.592810 30.025000
3.387247 -1.121197 1.562366 -0.003931 0.033643 -1.592391 30.145000
3.383397 -1.339423 1.562366 -0.001643 0.027406 -1.592089 30.254999
3.379334 -1.578477 1.562366 0.000350 0.023431 -1.591828 30.375000
3.375335 -1.808016 1.562366 0.001460 0.021946 -1.591636 30.490000
3.371475 -2.017762 1.562366 0.001768 0.012385 -1.591493 30.594999
3.367422 -2.225781 1.562366 0.001482 -0.048167 -1.591376 30.700001
3.363335 -2.426046 1.562366 0.000743 -0.104390 -1.591286 30.805000
3.359120 -2.626497 1.562366 0.000113 0.062236 -1.591211 30.915001
3.354064 -2.830792 1.542390 0.068814 0.074937 -1.651035 31.025000
3.343972 -3.050959 1.525068 -0.045507 0.053143 -1.614004 31.139999
3.338907 -3.275197 1.493451 -0.106624 -0.046774 -1.454162 31.254999
3.343576 -3.480826 1.479097 -0.050072 -0.121347 -1.464664 31.365000
3.352673 -3.695183 1.478712 -0.008525 -0.070584 -1.484601 31.490000
3.360591 -3.896451 1.493096 0.032568 -0.029567 -1.550128 31.615000
3.363603 -4.106761 1.492994 0.023756 -0.004634 -1.560121 31.750000
3.362355 -4.313955 1.492910 0.018392 0.005417 -1.567730 31.885000
3.357914 -4.519929 1.492494 0.010578 0.009374 -1.573338 32.020000
3.351867 -4.717815 1.536887 0.003718 0.010369 -1.577525 32.150002
3.345201 -4.915462 1.592107 -0.002202 0.012088 -1.580731 32.279999
3.338867 -5.113091 1.636957 -0.005174 0.011027 -1.583170 32.410000
3.332993 -5.326299 1.673875 -0.005220 0.170940 -1.585071 32.544998
3.328415 -5.527843 1.707128 -0.004998 0.123143 -1.586314 32.660000
3.324004 -5.752612 1.772070 0.030547 0.073807 -1.608196 32.779999
3.318750 -5.975393 1.836910 -0.040263 0.046018 -1.555196 32.895000
3.317075 -6.172011 1.889299 -0.003528 0.035822 -1.557358 32.994999
3.315892 -6.380081 1.941339 -0.000631 0.028373 -1.559337 33.099998
3.314908 -6.579076 1.992501 -0.002987 0.024151 -1.560849 33.200001
3.314215 -6.778466 2.023086 0.027714 0.022001 -1.582041 33.299999
3.312010 -6.978011 2.054138 -0.001781 0.021787 -1.594304 33.400002
3.309701 -7.177678 2.085303 -0.011866 0.021281 -1.591450 33.500000
3.308433 -7.377455 2.116082 -0.010387 0.020298 -1.589119 33.599998
3.308076 -7.577241 2.146758 -0.004907 0.012841 -1.587242 33.700001
3.307911 -7.775881 2.177788 0.054537 0.008480 -1.624440 33.799999
3.302247 -7.982909 2.210188 0.092220 0.028640 -1.723613 33.904999
3.286403 -8.189284 2.242438 0.093729 0.032582 -1.813203 34.009998
3.262547 -8.395245 2.274614 0.010292 0.030525 -1.799786 34.115002
3.237634 -8.592042 2.302615 0.031446 0.028691 -1.799040 34.215000
3.205984 -8.798276 2.306741 0.097373 0.029108 -1.883062 34.320000
3.159674 -9.021838 2.334349 0.079673 0.029811 -1.924513 34.435001
3.109169 -9.213696 2.301296 0.137999 0.030107 -2.017649 34.535000
3.041719 -9.420931 2.283171 0.035197 0.029856 -2.000236 34.645000
2.972175 -9.617889 2.282113 0.021205 0.026182 -1.986793 34.750000
2.897358 -9.813345 2.281221 0.049832 0.024194 -2.041594 34.855000
2.816635 -10.006668 2.280459 0.025644 0.023302 -2.031672 34.959999
2.732616 -10.199131 2.279817 0.017583 0.021289 -2.023780 35.064999
2.642121 -10.400109 2.279246 0.009487 0.018885 -2.017147 35.174999
2.541388 -10.616411 2.278722 0.050795 -0.141771 -2.110996 35.294998
2.450265 -10.801717 2.278303 0.026472 -0.306197 -2.098398 35.410000
2.349428 -11.002852 2.277820 0.014206 -0.280414 -2.084418 35.575001
2.259249 -11.181664 2.277507 0.012191 -0.138793 -2.196457 35.825001
2.181436 -11.366396 2.277507 0.019149 -0.011145 -3.008027 36.599998
2.233123 -11.153216 2.277507 -0.003946 0.319356 1.313297 38.985001
2.284468 -10.944070 2.277507 -0.002710 0.222396 1.318335 39.130001
2.341939 -10.711600 2.302423 -0.003458 0.115288 1.321837 39.264999
2.389785 -10.518212 2.335520 -0.004762 0.068635 1.323968 39.369999
2.443546 -10.300251 2.347792 -0.005917 0.042131 1.325825 39.485001
2.495405 -10.088811 2.346581 -0.006145 0.030662 1.327221 39.595001
2.544932 -9.885652 2.345605 -0.005957 0.024078 1.328283 39.700001
2.594351 -9.681870 2.344772 -0.005405 0.020775 1.329139 39.805000
2.643688 -9.478015 2.335297 -0.018573 0.016085 1.323388 39.910000
2.694338 -9.278701 2.333664 0.099140 -0.136762 1.134535 40.014999
2.756292 -9.063120 2.297802 0.033467 -0.097058 1.203711 40.139999
2.820297 -8.857815 2.260101 0.021909 -0.043464 1.227822 40.270000
2.883131 -8.670357 2.213805 0.033699 -0.016705 1.261832 40.395000
2.951636 -8.481111 2.181766 -0.043776 -0.001488 1.328352 40.525002
3.017615 -8.285922 2.149592 -0.007087 0.007920 1.396323 40.660000
3.080567 -8.090775 2.117795 -0.015435 0.013691 1.383548 40.794998
3.147544 -7.865186 2.080541 -0.068485 0.016683 1.426737 40.950001
3.196441 -7.666345 2.048416 -0.027765 0.015405 1.430435 41.084999
3.237119 -7.465704 2.041429 -0.067530 0.016519 1.522587 41.221001
3.269474 -7.256107 2.034374 -0.038832 0.015189 1.531294 41.360001
3.294067 -7.053092 2.010291 -0.025183 0.015570 1.563847 41.494999
3.312823 -6.854516 1.994969 -0.017597 0.159892 1.556498 41.625000
3.327563 -6.652972 1.984237 -0.024667 0.150916 1.551247 41.744999
3.338383 -6.451902 1.949337 -0.025131 0.095311 1.547505 41.855000
3.346522 -6.241565 1.932283 -0.019012 0.059594 1.544498 41.965000
3.353138 -6.006586 1.909772 -0.008594 0.038467 1.541931 42.084999
3.358269 -5.788763 1.897879 0.000320 0.028659 1.540083 42.195000
3.363302 -5.579856 1.887297 0.006368 0.025370 1.538665 42.299999
3.368809 -5.380439 1.864606 0.009256 0.022526 1.537587 42.400002
3.375623 -5.170842 1.861319 0.009088 0.021149 1.536673 42.505001
3.383072 -4.971174 1.828944 0.006940 0.021035 1.535966 42.605000
3.390168 -4.772309 1.796258 -0.040427 -0.030211 1.598193 42.705002
3.394280 -4.567113 1.763327 -0.014978 0.027029 1.596982 42.810001
3.396471 -4.361616 1.795929 -0.019362 0.037261 1.595969 42.915001
3.396444 -4.154417 1.803031 -0.022844 0.031392 1.595160 43.020000
3.393923 -3.946035 1.830161 -0.020592 0.027212 1.594501 43.125000
3.389447 -3.746937 1.858713 -0.014434 0.023745 1.593999 43.224998
3.383546 -3.547534 1.877626 -0.007677 0.021570 1.593587 43.325001
3.376080 -3.308063 1.885892 0.019868 0.021338 1.569322 43.445000
3.370676 -3.068460 1.897400 0.005129 0.021010 1.571705 43.564999
3.365944 -2.818777 1.906933 0.006580 0.021529 1.573617 43.689999
3.362731 -2.608942 1.908320 0.007476 0.020240 1.574890 43.794998
3.360295 -2.399086 1.909495 0.006378 0.021206 1.575906 43.900002
3.358525 -2.189270 1.910270 0.003418 -0.030065 1.602725 44.005001
3.357222 -1.987341 1.910270 -0.022397 -0.240065 1.712682 44.110001
3.357326 -1.784864 1.910270 -0.062576 -0.309439 1.843583 44.235001
3.362445 -1.583043 1.910270 -0.086266 -0.207534 2.026843 44.410000
3.377307 -1.381389 1.910270 -0.076280 -0.076374 2.346233 44.715000
3.193072 -1.499491 1.910270 -0.002211 0.125148 -1.921287 46.445000
3.082579 -1.671288 1.910270 -0.075279 0.076173 -1.795637 46.595001
2.989270 -1.848444 1.910270 -0.090885 0.061792 -1.725520 46.735001
2.906205 -2.052165 1.910270 -0.121611 0.046049 -1.658885 46.884998
2.850714 -2.244481 1.910270 -0.121558 0.037702 -1.619060 47.020000
2.812825 -2.464823 1.910270 -0.077784 0.029789 -1.567536 47.169998
2.794692 -2.666657 1.901222 -0.044840 0.022320 -1.579672 47.305000
2.783785 -2.893112 1.862807 -0.024115 0.016040 -1.589662 47.455002
2.778469 -3.105437 1.828438 -0.008344 0.012686 -1.596566 47.595001
2.774899 -3.302866 1.796065 -0.014484 0.012878 -1.586767 47.724998
2.773722 -3.500406 1.762333 -0.056697 0.010223 -1.487750 47.855000
2.778844 -3.720089 1.755690 -0.016870 0.012506 -1.436929 48.000000
2.786135 -3.924468 1.756891 -0.004041 0.014598 -1.446317 48.134998
2.794702 -4.129153 1.744097 -0.016122 0.014491 -1.453486 48.270000
2.809160 -4.333477 1.735207 -0.070816 0.015839 -1.360853 48.404999
2.833049 -4.559614 1.747454 -0.047268 0.009897 -1.408154 48.555000
2.862663 -4.761279 1.754962 -0.111315 0.015131 -1.252913 48.689999
2.908720 -4.958757 1.787854 -0.037726 0.021193 -1.232317 48.825001
2.965206 -5.162416 1.790450 -0.031997 0.017456 -1.234231 48.965000
3.023571 -5.358626 1.824541 0.034921 0.011748 -1.353070 49.099998
3.082744 -5.578047 1.866045 -0.001510 0.011907 -1.434388 49.250000
3.133210 -5.776137 1.901604 0.019900 0.014884 -1.466043 49.384998
3.175930 -5.975164 1.935216 0.138977 0.021017 -1.684712 49.520000
3.196496 -6.181001 1.968910 0.125938 0.036435 -1.851508 49.660000
3.191817 -6.384669 2.001551 0.104372 0.052166 -1.992074 49.799999
3.165217 -6.595196 2.036216 0.050368 0.045972 -1.970941 49.945000
3.126454 -6.792398 2.067649 0.071967 0.035388 -1.985694 50.080002
3.073584 -6.988287 2.100343 0.051435 0.024031 -1.964453 50.215000
3.007127 -7.196975 2.123449 0.012356 -0.083830 -1.965468 50.360001
2.944363 -7.389032 2.123449 0.040610 -0.252999 -2.122553 50.509998
2.886538 -7.581541 2.123449 0.066741 -0.153074 -2.352940 50.730000
2.841323 -7.777006 2.123449 0.046863 -0.029592 -2.850351 51.205002
2.657830 -7.686874 2.123449 0.001885 -0.016035 2.209033 53.290001
