92.875000 0.000000 0.236000 0.020000
110.250000 0.000000 0.241000 0.125000
122.125000 0.203225 0.241000 0.225000
128.500000 0.203225 0.241000 0.320000
137.625000 0.464409 0.241000 0.420000
144.125000 0.666540 0.241000 0.525000
150.750000 0.666540 0.241000 0.620000
157.125000 0.914031 0.241000 0.720000
162.750000 1.119361 0.241000 0.825000
168.875000 1.327344 0.241000 0.930000
174.125000 1.536691 0.241000 1.030000
179.000000 1.746684 0.289000 1.115000
182.375000 1.995045 0.289000 1.230000
185.375000 2.201407 0.289000 1.325000
190.625000 2.201407 0.289000 1.425000
193.625000 2.407057 0.289000 1.525000
195.625000 2.407057 0.289000 1.620000
197.875000 2.612388 0.289000 1.730000
199.000000 2.612388 0.289000 1.825000
200.500000 2.612388 0.289000 1.930000
201.500000 2.612388 0.289000 2.020000
204.000000 2.612388 0.304000 2.120000
206.125000 2.612388 0.304000 2.225000
206.875000 2.815381 0.304000 2.320000
207.875000 2.815381 0.304000 2.425000
208.750000 2.815381 0.304000 2.525000
210.000000 2.815381 0.304000 2.615000
210.750000 2.815381 0.304000 2.720000
211.875000 2.815381 0.304000 2.820000
212.875000 2.815381 0.304000 2.920000
213.250000 2.815381 0.304000 3.020000
213.875000 2.815381 0.262000 3.120000
214.625000 2.815381 0.262000 3.220000
215.125000 2.815381 0.262000 3.320000
215.250000 2.815381 0.262000 3.420000
215.750000 2.815381 0.262000 3.515000
216.125000 3.020106 0.262000 3.620000
216.750000 3.222141 0.262000 3.730000
217.375000 3.222141 0.262000 3.820000
218.625000 3.423145 0.262000 3.925000
219.375000 3.631353 0.262000 4.015000
220.000000 3.835031 0.264000 4.125000
220.875000 3.835031 0.264000 4.220000
222.375000 4.039440 0.264000 4.325000
223.875000 4.239759 0.264000 4.425000
225.750000 4.482492 0.264000 4.520000
226.500000 4.685534 0.264000 4.630000
227.500000 4.892093 0.264000 4.725000
228.750000 5.100095 0.264000 4.820000
230.625000 5.307874 0.264000 4.925000
232.000000 5.516120 0.264000 5.020000
233.625000 5.516120 0.270000 5.120000
235.375000 5.930676 0.270000 5.230000
238.000000 5.930676 0.270000 5.310000
240.875000 6.138260 0.270000 5.420000
244.625000 6.366775 0.270000 5.520000
247.000000 6.576053 0.270000 5.630000
249.250000 6.785667 0.270000 5.725000
250.750000 6.995435 0.270000 5.830000
252.625000 7.205305 0.270000 5.925000
255.125000 7.454695 0.270000 6.025000
256.750000 7.658804 0.283000 6.120000
258.750000 7.864470 0.283000 6.220000
260.625000 8.072502 0.283000 6.320000
263.125000 8.275468 0.283000 6.425000
266.250000 8.275468 0.283000 6.520000
268.000000 8.521057 0.283000 6.625000
271.875000 8.728759 0.283000 6.720000
275.125000 8.937460 0.283000 6.830000
278.250000 9.146442 0.283000 6.925000
279.875000 9.415447 0.283000 7.020000
280.625000 9.624225 0.294000 7.120000
282.500000 9.832339 0.294000 7.220000
285.125000 10.040020 0.294000 7.320000
287.500000 10.247550 0.294000 7.420000
291.625000 10.448170 0.294000 7.525000
295.125000 10.648562 0.294000 7.620000
297.000000 10.848969 0.294000 7.720000
298.625000 11.057112 0.294000 7.820000
300.625000 11.057112 0.294000 7.915000
302.125000 11.263985 0.294000 8.015000
304.125000 11.473333 0.294000 8.115000
305.375000 11.681497 0.331000 8.225000
306.750000 11.883233 0.331000 8.320000
308.375000 12.088583 0.331000 8.420000
309.625000 12.289198 0.331000 8.525000
310.750000 12.289198 0.331000 8.625000
311.625000 12.494627 0.331000 8.720000
312.625000 12.697783 0.331000 8.825000
313.875000 12.697783 0.331000 8.915000
314.500000 12.899798 0.331000 9.030000
315.875000 13.107023 0.289000 9.120000
317.375000 13.314472 0.289000 9.225000
318.500000 13.314472 0.289000 9.315000
319.125000 13.536844 0.289000 9.415000
320.625000 13.763083 0.289000 9.530000
321.375000 13.763083 0.289000 9.625000
322.500000 13.986116 0.289000 9.720000
323.125000 14.200757 0.289000 9.825000
323.375000 14.200757 0.289000 9.925000
323.750000 14.430025 0.289000 10.020000
324.875000 14.635120 0.237000 10.125000
325.750000 14.635120 0.237000 10.225000
326.250000 14.862248 0.237000 10.315000
326.750000 15.084246 0.237000 10.420000
326.875000 15.084246 0.237000 10.530000
327.750000 15.308153 0.237000 10.615000
327.875000 15.536884 0.237000 10.720000
328.000000 15.536884 0.237000 10.825000
328.250000 15.765425 0.237000 10.915000
328.625000 15.993439 0.237000 11.020000
329.500000 15.993439 0.238000 11.130000
329.875000 16.196489 0.238000 11.215000
330.125000 16.399975 0.238000 11.325000
330.250000 16.604311 0.238000 11.425000
330.625000 16.604311 0.238000 11.515000
331.125000 16.811306 0.238000 11.625000
331.500000 17.046894 0.238000 11.715000
331.625000 17.046894 0.238000 11.825000
332.500000 17.272816 0.238000 11.915000
332.750000 17.475777 0.238000 12.025000
333.625000 17.679331 0.223000 12.130000
333.875000 17.679331 0.223000 12.215000
334.125000 17.886255 0.223000 12.325000
334.500000 18.093637 0.223000 12.425000
334.875000 18.093637 0.223000 12.515000
335.625000 18.299213 0.223000 12.625000
336.000000 18.503937 0.223000 12.710000
336.375000 18.723410 0.223000 12.815000
336.625000 18.923618 0.223000 12.925000
337.500000 19.128534 0.223000 13.030000
337.750000 19.128534 0.246000 13.115000
337.875000 19.331156 0.246000 13.220000
338.500000 19.537254 0.246000 13.325000
338.875000 19.764910 0.246000 13.415000
339.125000 19.993679 0.246000 13.515000
339.750000 20.242958 0.246000 13.605000
339.875000 20.462185 0.246000 13.715000
340.375000 20.671286 0.246000 13.825000
340.750000 20.880394 0.246000 13.920000
341.125000 21.089775 0.246000 14.030000
341.250000 21.299341 0.271000 14.115000
341.375000 21.509054 0.271000 14.230000
341.625000 21.509054 0.271000 14.320000
342.000000 21.718798 0.271000 14.415000
342.250000 21.928139 0.271000 14.520000
342.750000 22.137465 0.271000 14.620000
343.125000 22.347033 0.271000 14.720000
343.750000 22.566765 0.271000 14.815000
345.000000 22.776569 0.271000 14.915000
346.000000 22.995855 0.271000 15.025000
347.000000 23.239586 0.263000 15.125000
347.500000 23.445948 0.263000 15.215000
348.250000 23.654545 0.263000 15.330000
352.750000 23.857990 0.263000 15.415000
354.625000 24.064234 0.263000 15.530000
355.000000 24.064234 0.263000 15.615000
356.125000 24.272091 0.263000 15.725000
357.125000 24.510790 0.263000 15.815000
358.250000 24.749891 0.263000 15.925000
358.750000 24.989346 0.263000 16.025000
359.125000 25.208641 0.269000 16.115000
359.625000 25.417028 0.269000 16.219999
360.250000 25.625511 0.269000 16.305000
361.250000 25.834028 0.269000 16.430000
361.625000 26.042425 0.269000 16.514999
363.000000 26.250757 0.269000 16.625000
364.125000 26.250757 0.269000 16.709999
364.625000 26.459404 0.269000 16.825001
366.000000 26.698542 0.269000 16.910000
366.250000 26.918108 0.269000 17.014999
367.250000 27.135611 0.277000 17.125000
368.375000 27.373459 0.277000 17.209999
369.375000 27.579065 0.277000 17.315001
369.875000 27.579065 0.277000 17.430000
370.875000 27.803944 0.277000 17.514999
371.125000 28.026644 0.277000 17.625000
371.750000 28.026644 0.277000 17.719999
371.750000 28.230499 0.277000 17.830000
371.875000 28.449484 0.277000 17.915001
372.625000 28.449484 0.277000 18.025000
373.500000 28.672468 0.223000 18.129999
374.375000 28.891941 0.223000 18.225000
374.875000 28.891941 0.223000 18.309999
375.250000 29.097618 0.223000 18.415001
375.500000 29.097618 0.223000 18.525000
375.625000 29.097618 0.223000 18.620001
375.750000 29.097618 0.223000 18.725000
376.000000 29.298452 0.223000 18.809999
376.000000 29.298452 0.223000 18.924999
376.250000 29.298452 0.223000 19.010000
376.875000 29.298452 0.213000 19.115000
376.875000 29.298452 0.213000 19.219999
377.000000 29.298452 0.213000 19.320000
377.125000 29.298452 0.213000 19.410000
377.125000 29.298452 0.213000 19.525000
377.250000 29.298452 0.213000 19.610001
377.250000 29.298452 0.213000 19.719999
377.250000 29.298452 0.213000 19.825001
377.375000 29.298452 0.213000 19.910000
377.500000 29.298452 0.213000 20.025000
377.625000 29.298452 0.170000 20.120001
377.750000 29.298452 0.170000 20.225000
377.750000 29.298452 0.170000 20.325001
377.750000 29.298452 0.170000 20.410000
378.000000 29.298452 0.170000 20.525000
378.000000 29.298452 0.170000 20.610001
378.125000 29.521168 0.170000 20.719999
378.125000 29.738039 0.170000 20.815001
378.125000 29.947054 0.170000 20.924999
378.375000 30.147869 0.170000 21.030001
378.500000 30.353210 0.210000 21.120001
378.625000 30.353210 0.210000 21.209999
378.750000 30.561081 0.210000 21.330000
378.750000 30.766056 0.210000 21.415001
378.750000 30.766056 0.210000 21.525000
378.750000 30.974649 0.210000 21.610001
378.875000 30.974649 0.210000 21.719999
378.875000 30.974649 0.210000 21.830000
378.875000 31.184052 0.210000 21.920000
379.125000 31.184052 0.210000 22.010000
379.125000 31.184052 0.253000 22.129999
379.125000 31.184052 0.253000 22.215000
379.125000 31.184052 0.253000 22.325001
379.375000 31.184052 0.253000 22.415001
379.500000 31.184052 0.253000 22.525000
379.500000 31.184052 0.253000 22.625000
379.500000 31.184052 0.253000 22.715000
379.500000 31.184052 0.253000 22.825001
379.625000 31.184052 0.253000 22.934999
379.750000 31.184052 0.253000 23.014999
379.750000 31.184052 0.251000 23.125000
379.750000 31.184052 0.251000 23.215000
379.750000 31.184052 0.251000 23.325001
379.875000 31.184052 0.251000 23.410000
379.875000 31.184052 0.251000 23.514999
379.875000 31.184052 0.251000 23.629999
379.875000 31.184052 0.251000 23.715000
379.875000 31.387167 0.251000 23.825001
380.000000 31.387167 0.251000 23.910000
380.125000 31.593958 0.251000 24.020000
380.250000 31.797861 0.251000 24.125000
380.375000 32.004837 0.251000 24.215000
380.375000 32.247021 0.251000 24.325001
380.375000 32.493061 0.251000 24.415001
380.625000 32.701591 0.251000 24.525000
380.750000 32.910908 0.251000 24.610001
381.250000 33.120560 0.251000 24.725000
381.625000 33.120560 0.251000 24.805000
382.000000 33.330330 0.251000 24.915001
382.125000 33.550186 0.251000 25.020000
382.375000 33.799728 0.251000 25.115000
382.500000 34.028015 0.266000 25.225000
382.625000 34.283768 0.266000 25.315001
383.000000 34.485767 0.266000 25.415001
383.250000 34.688065 0.266000 25.525000
383.750000 34.688065 0.266000 25.610001
383.750000 34.894623 0.266000 25.719999
383.750000 35.094761 0.266000 25.830000
384.000000 35.094761 0.266000 25.915001
384.000000 35.299911 0.266000 26.020000
384.000000 35.526997 0.240000 26.120001
384.250000 35.731602 0.240000 26.209999
384.250000 35.731602 0.240000 26.325001
384.375000 35.945137 0.240000 26.410000
384.750000 36.152664 0.240000 26.520000
384.750000 36.361900 0.240000 26.629999
384.750000 36.571915 0.240000 26.715000
385.000000 36.777130 0.240000 26.820000
385.125000 36.984688 0.240000 26.924999
385.125000 37.193363 0.240000 27.025000
385.375000 37.193363 0.220000 27.110001
386.750000 37.402466 0.220000 27.215000
387.375000 37.631603 0.220000 27.330000
388.500000 37.871094 0.220000 27.415001
388.875000 38.100815 0.220000 27.525000
390.625000 38.350578 0.220000 27.629999
392.250000 38.560417 0.220000 27.715000
393.500000 38.770256 0.220000 27.820000
393.875000 38.980045 0.220000 27.915001
394.750000 39.188904 0.220000 28.020000
395.875000 39.392658 0.237000 28.125000
396.250000 39.392658 0.237000 28.215000
396.750000 39.599201 0.237000 28.325001
397.500000 39.811642 0.237000 28.415001
398.000000 40.015190 0.237000 28.525000
398.375000 40.221848 0.237000 28.610001
399.625000 40.221848 0.237000 28.715000
400.000000 40.429108 0.237000 28.825001
401.000000 40.641647 0.237000 28.910000
401.750000 40.846596 0.237000 29.030001
402.500000 40.846596 0.247000 29.115000
403.000000 41.049747 0.247000 29.219999
403.500000 41.049747 0.247000 29.330000
403.625000 41.267796 0.247000 29.415001
403.875000 41.267796 0.247000 29.525000
404.125000 41.267796 0.247000 29.629999
404.125000 41.477119 0.247000 29.725000
404.750000 41.477119 0.247000 29.809999
404.875000 41.477119 0.247000 29.924999
404.875000 41.477119 0.247000 30.030001
405.250000 41.477119 0.220000 30.125000
405.250000 41.477119 0.220000 30.209999
405.375000 41.477119 0.220000 30.325001
405.500000 41.477119 0.220000 30.410000
405.625000 41.477119 0.220000 30.514999
405.750000 41.477119 0.220000 30.629999
405.875000 41.477119 0.220000 30.725000
406.000000 41.477119 0.220000 30.809999
406.000000 41.477119 0.220000 30.915001
406.000000 41.686031 0.220000 31.030001
406.125000 41.686031 0.217000 31.115000
406.125000 41.889099 0.217000 31.225000
406.500000 42.095661 0.217000 31.309999
406.625000 42.296795 0.217000 31.420000
406.625000 42.516827 0.217000 31.530001
407.000000 42.752060 0.217000 31.620001
407.500000 42.960419 0.217000 31.725000
407.500000 43.169842 0.217000 31.815001
407.625000 43.379761 0.217000 31.930000
407.875000 43.579876 0.217000 32.020000
407.875000 43.579876 0.280000 32.110001
408.375000 43.985222 0.280000 32.220001
408.500000 43.985222 0.280000 32.330002
408.625000 44.211334 0.280000 32.424999
408.625000 44.211334 0.280000 32.514999
408.750000 44.414593 0.280000 32.625000
408.875000 44.414593 0.280000 32.709999
408.875000 44.615547 0.280000 32.825001
408.875000 44.615547 0.280000 32.915001
408.875000 44.615547 0.280000 33.025002
408.875000 44.615547 0.257000 33.110001
408.875000 44.615547 0.257000 33.224998
408.875000 44.615547 0.257000 33.314999
408.875000 44.615547 0.257000 33.424999
408.875000 44.615547 0.257000 33.509998
408.875000 44.615547 0.257000 33.625000
408.875000 44.615547 0.257000 33.709999
408.875000 44.615547 0.257000 33.814999
408.875000 44.615547 0.257000 33.924999
409.000000 44.615547 0.257000 34.014999
409.125000 44.615547 0.241000 34.119999
409.125000 44.615547 0.241000 34.224998
409.125000 44.815891 0.241000 34.330002
409.250000 44.815891 0.241000 34.419998
409.250000 45.017445 0.241000 34.525002
409.500000 45.017445 0.241000 34.625000
409.625000 45.222759 0.241000 34.715000
409.625000 45.429184 0.241000 34.830002
409.750000 45.631790 0.241000 34.915001
409.875000 45.631790 0.241000 35.025002
410.125000 45.843842 0.265000 35.119999
410.250000 46.049248 0.265000 35.224998
410.750000 46.249413 0.265000 35.314999
410.875000 46.249413 0.265000 35.424999
410.875000 46.468971 0.265000 35.509998
411.250000 46.671062 0.265000 35.615002
411.750000 46.880703 0.265000 35.730000
412.375000 47.084915 0.265000 35.825001
412.750000 47.290974 0.265000 35.915001
412.875000 47.498779 0.265000 36.025002
413.125000 47.727970 0.269000 36.115002
413.750000 47.948162 0.269000 36.230000
414.500000 48.151360 0.269000 36.314999
415.125000 48.354389 0.269000 36.415001
415.625000 48.557545 0.269000 36.514999
416.250000 48.758202 0.269000 36.625000
416.750000 48.958611 0.269000 36.720001
417.125000 49.159626 0.269000 36.820000
417.250000 49.359665 0.269000 36.915001
418.125000 49.562725 0.269000 37.020000
418.750000 49.764618 0.269000 37.125000
419.750000 49.971184 0.269000 37.215000
420.375000 49.971184 0.269000 37.320000
420.875000 50.171978 0.269000 37.419998
421.000000 50.381901 0.269000 37.520000
421.000000 50.381901 0.269000 37.625000
421.125000 50.381901 0.269000 37.715000
421.375000 50.583355 0.269000 37.825001
421.750000 50.583355 0.269000 37.919998
422.000000 50.583355 0.269000 38.029999
422.000000 50.583355 0.298000 38.115002
422.125000 50.583355 0.298000 38.224998
422.250000 50.583355 0.298000 38.325001
422.500000 50.783661 0.298000 38.415001
422.500000 50.783661 0.298000 38.529999
422.500000 50.783661 0.298000 38.615002
422.750000 50.783661 0.298000 38.720001
422.750000 50.783661 0.298000 38.834999
422.750000 50.783661 0.298000 38.930000
422.875000 50.783661 0.298000 39.020000
422.875000 50.783661 0.253000 39.125000
423.000000 50.783661 0.253000 39.220001
423.500000 50.783661 0.253000 39.325001
423.875000 50.783661 0.253000 39.415001
424.125000 51.004322 0.253000 39.525002
424.500000 51.205379 0.253000 39.619999
424.750000 51.205379 0.253000 39.724998
424.750000 51.406334 0.253000 39.820000
424.875000 51.606560 0.253000 39.924999
425.000000 51.606560 0.253000 40.014999
425.125000 51.808556 0.265000 40.125000
425.375000 52.012280 0.265000 40.224998
425.375000 52.216808 0.265000 40.314999
425.500000 52.420341 0.265000 40.430000
425.500000 52.420341 0.265000 40.514999
425.750000 52.624287 0.265000 40.625000
425.875000 52.826630 0.265000 40.735001
426.000000 52.826630 0.265000 40.814999
426.250000 53.028782 0.265000 40.930000
426.250000 53.028782 0.265000 41.020000
426.250000 53.028782 0.212000 41.125000
426.250000 53.230518 0.212000 41.209999
426.250000 53.230518 0.212000 41.330002
426.250000 53.230518 0.212000 41.424999
426.250000 53.230518 0.212000 41.514999
426.250000 53.230518 0.212000 41.619999
426.250000 53.230518 0.212000 41.715000
426.250000 53.230518 0.212000 41.820000
426.250000 53.230518 0.212000 41.930000
426.250000 53.230518 0.212000 42.020000
426.250000 53.230518 0.182000 42.130001
426.250000 53.230518 0.182000 42.215000
426.250000 53.230518 0.182000 42.330002
426.250000 53.230518 0.182000 42.424999
426.250000 53.230518 0.182000 42.509998
426.250000 53.230518 0.182000 42.615002
426.250000 53.430565 0.182000 42.724998
426.250000 53.430565 0.182000 42.820000
426.250000 53.430565 0.182000 42.924999
426.250000 53.430565 0.172000 43.029999
426.250000 53.430565 0.172000 43.115002
426.375000 53.430565 0.172000 43.224998
426.375000 53.430565 0.172000 43.314999
426.375000 53.430565 0.172000 43.419998
426.375000 53.430565 0.172000 43.525002
426.375000 53.430565 0.172000 43.619999
426.375000 53.430565 0.172000 43.730000
426.375000 53.430565 0.172000 43.830002
426.375000 53.430565 0.172000 43.919998
426.375000 53.430565 0.179000 44.020000
426.500000 53.656296 0.179000 44.125000
426.500000 53.861874 0.179000 44.230000
426.500000 53.861874 0.179000 44.310001
426.500000 54.062080 0.179000 44.419998
426.500000 54.262356 0.179000 44.520000
426.500000 54.262356 0.179000 44.625000
426.500000 54.480663 0.179000 44.715000
426.500000 54.682289 0.179000 44.825001
426.500000 54.888809 0.179000 44.924999
426.500000 55.093433 0.179000 45.029999
426.750000 55.295444 0.224000 45.125000
426.750000 55.295444 0.224000 45.215000
426.750000 55.500206 0.224000 45.325001
427.250000 55.701580 0.224000 45.419998
427.625000 55.701580 0.224000 45.514999
428.000000 55.902344 0.224000 45.615002
428.250000 55.902344 0.224000 45.720001
428.500000 55.902344 0.224000 45.814999
428.625000 56.106506 0.224000 45.930000
428.750000 56.106506 0.224000 46.020000
428.750000 56.106506 0.272000 46.130001
428.875000 56.106506 0.272000 46.224998
429.000000 56.106506 0.272000 46.325001
429.250000 56.106506 0.272000 46.419998
429.500000 56.106506 0.272000 46.525002
429.625000 56.106506 0.272000 46.625000
429.625000 56.106506 0.272000 46.709999
429.625000 56.106506 0.272000 46.820000
429.625000 56.106506 0.272000 46.930000
429.625000 56.106506 0.272000 47.029999
429.625000 56.106506 0.243000 47.115002
429.625000 56.106506 0.243000 47.230000
429.750000 56.106506 0.243000 47.314999
429.750000 56.106506 0.243000 47.424999
429.875000 56.312897 0.243000 47.514999
430.125000 56.312897 0.243000 47.619999
430.125000 56.312897 0.243000 47.724998
430.250000 56.544975 0.243000 47.820000
430.500000 56.776520 0.243000 47.924999
430.750000 56.983349 0.243000 48.014999
431.375000 57.192520 0.250000 48.125000
431.500000 57.192520 0.250000 48.224998
431.625000 57.397083 0.250000 48.314999
431.750000 57.606815 0.250000 48.424999
432.000000 57.827789 0.250000 48.529999
432.000000 58.049297 0.250000 48.615002
432.125000 58.251053 0.250000 48.715000
432.500000 58.473412 0.250000 48.825001
432.625000 58.675411 0.250000 48.924999
432.625000 58.884911 0.250000 49.014999
433.250000 59.094814 0.271000 49.119999
433.375000 59.303932 0.271000 49.230000
433.500000 59.507645 0.271000 49.314999
433.625000 59.714249 0.271000 49.424999
433.750000 59.714249 0.271000 49.514999
433.875000 59.925385 0.271000 49.619999
433.875000 60.134346 0.271000 49.715000
434.125000 60.334545 0.271000 49.825001
434.125000 60.334545 0.271000 49.910000
434.125000 60.539993 0.271000 50.029999
434.125000 60.742233 0.228000 50.115002
434.375000 60.742233 0.228000 50.224998
434.375000 60.950047 0.228000 50.310001
434.375000 60.950047 0.228000 50.415001
434.375000 61.162159 0.228000 50.525002
434.375000 61.162159 0.228000 50.605000
434.500000 61.162159 0.228000 50.715000
434.500000 61.162159 0.228000 50.825001
434.500000 61.363201 0.228000 50.915001
434.625000 61.363201 0.228000 51.025002
434.625000 61.363201 0.178000 51.110001
434.750000 61.363201 0.178000 51.224998
434.750000 61.363201 0.178000 51.310001
434.750000 61.363201 0.178000 51.419998
434.875000 61.363201 0.178000 51.529999
434.875000 61.363201 0.178000 51.619999
434.875000 61.363201 0.178000 51.724998
434.875000 61.363201 0.178000 51.820000
434.875000 61.363201 0.178000 51.915001
434.875000 61.363201 0.178000 52.025002
434.875000 61.363201 0.168000 52.130001
434.875000 61.363201 0.168000 52.230000
434.875000 61.363201 0.168000 52.320000
434.875000 61.363201 0.168000 52.424999
434.875000 61.363201 0.168000 52.514999
435.000000 61.363201 0.168000 52.615002
435.000000 61.363201 0.168000 52.724998
435.000000 61.363201 0.168000 52.825001
435.375000 61.572956 0.168000 52.930000
435.375000 61.786583 0.161000 53.014999
435.500000 61.989559 0.161000 53.130001
435.750000 62.195316 0.161000 53.224998
435.875000 62.195316 0.161000 53.320000
436.125000 62.405235 0.161000 53.424999
436.125000 62.621273 0.161000 53.514999
436.625000 62.621273 0.161000 53.615002
436.625000 62.825729 0.161000 53.724998
436.625000 62.825729 0.161000 53.830002
436.625000 63.028248 0.161000 53.919998
436.750000 63.028248 0.161000 54.014999
436.750000 63.028248 0.196000 54.125000
437.000000 63.233109 0.196000 54.224998
437.000000 63.233109 0.196000 54.314999
437.625000 63.434074 0.196000 54.424999
437.750000 63.434074 0.196000 54.529999
437.875000 63.635311 0.196000 54.615002
438.125000 63.857159 0.196000 54.724998
438.125000 63.857159 0.196000 54.825001
438.125000 64.065735 0.196000 54.919998
438.250000 64.271904 0.196000 55.025002
438.375000 64.271904 0.248000 55.115002
438.750000 64.489967 0.248000 55.220001
438.750000 64.489967 0.248000 55.330002
438.750000 64.691391 0.248000 55.415001
438.875000 64.691391 0.248000 55.525002
438.875000 64.691391 0.248000 55.610001
438.875000 64.893509 0.248000 55.720001
438.875000 64.893509 0.248000 55.825001
438.875000 64.893509 0.248000 55.910000
439.000000 64.893509 0.248000 56.020000
439.000000 64.893509 0.258000 56.125000
439.000000 64.893509 0.258000 56.215000
439.000000 64.893509 0.258000 56.320000
439.000000 64.893509 0.258000 56.419998
439.000000 64.893509 0.258000 56.520000
439.000000 64.893509 0.258000 56.619999
439.000000 64.893509 0.258000 56.730000
439.000000 64.893509 0.258000 56.810001
439.000000 64.893509 0.258000 56.915001
439.125000 64.893509 0.258000 57.025002
439.125000 64.893509 0.237000 57.125000
439.250000 64.893509 0.237000 57.215000
439.250000 64.893509 0.237000 57.325001
439.250000 64.893509 0.237000 57.410000
439.250000 64.893509 0.237000 57.520000
439.250000 64.893509 0.237000 57.625000
439.250000 64.893509 0.237000 57.715000
439.250000 64.893509 0.237000 57.814999
439.250000 64.893509 0.237000 57.930000
439.250000 64.893509 0.237000 58.009998
439.250000 64.893509 0.247000 58.119999
439.250000 64.893509 0.247000 58.230000
439.250000 64.893509 0.247000 58.310001
439.250000 64.893509 0.247000 58.424999
439.250000 64.893509 0.247000 58.514999
439.375000 65.094772 0.247000 58.625000
439.625000 65.301041 0.247000 58.715000
440.000000 65.301041 0.247000 58.825001
440.125000 65.504082 0.247000 58.915001
440.250000 65.718605 0.247000 59.020000
440.500000 65.718605 0.241000 59.119999
440.625000 65.932770 0.241000 59.205002
440.875000 66.136696 0.241000 59.314999
441.500000 66.340668 0.241000 59.419998
441.625000 66.544945 0.241000 59.514999
441.750000 66.544945 0.241000 59.619999
442.375000 66.772766 0.241000 59.705002
442.750000 66.976929 0.241000 59.825001
442.750000 67.178726 0.241000 59.910000
442.750000 67.178726 0.241000 60.025002
442.875000 67.380630 0.271000 60.110001
443.500000 67.593674 0.271000 60.220001
443.500000 67.593674 0.271000 60.325001
443.500000 67.795509 0.271000 60.419998
443.500000 67.795509 0.271000 60.520000
443.750000 67.795509 0.271000 60.625000
443.750000 67.795509 0.271000 60.724998
444.500000 67.795509 0.271000 60.814999
444.750000 67.995514 0.271000 60.919998
444.750000 67.995514 0.271000 61.020000
444.750000 67.995514 0.234000 61.130001
444.750000 67.995514 0.234000 61.224998
444.875000 67.995514 0.234000 61.310001
444.875000 67.995514 0.234000 61.415001
444.875000 67.995514 0.234000 61.529999
444.875000 67.995514 0.234000 61.625000
444.875000 67.995514 0.234000 61.709999
444.875000 67.995514 0.234000 61.814999
444.875000 67.995514 0.234000 61.930000
445.000000 67.995514 0.234000 62.025002
445.375000 67.995514 0.220000 62.130001
445.625000 68.195580 0.220000 62.215000
446.750000 68.396034 0.220000 62.320000
449.000000 68.396034 0.220000 62.415001
452.500000 68.597557 0.220000 62.525002
454.750000 68.800911 0.220000 62.615002
456.625000 69.033104 0.220000 62.720001
458.500000 69.268951 0.220000 62.830002
461.500000 69.486771 0.220000 62.915001
462.750000 69.695030 0.220000 63.020000
463.625000 69.896027 0.249000 63.125000
465.500000 70.096100 0.249000 63.215000
466.750000 70.303719 0.249000 63.320000
469.500000 70.504967 0.249000 63.424999
472.250000 70.504967 0.249000 63.509998
475.500000 70.705460 0.249000 63.619999
477.500000 70.910789 0.249000 63.709999
480.250000 71.119354 0.249000 63.820000
482.000000 71.119354 0.249000 63.930000
484.000000 71.349174 0.249000 64.014999
485.000000 71.555489 0.246000 64.125000
485.125000 71.555489 0.246000 64.214996
487.625000 71.761444 0.246000 64.324997
490.750000 71.967552 0.246000 64.430000
491.000000 72.194962 0.246000 64.514999
491.500000 72.402176 0.246000 64.620003
491.750000 72.611671 0.246000 64.720001
492.000000 72.611671 0.246000 64.820000
492.125000 72.866631 0.246000 64.925003
492.375000 73.075493 0.246000 65.014999
493.000000 73.285591 0.246000 65.125000
493.000000 73.485817 0.302000 65.224998
493.125000 73.691414 0.302000 65.315002
493.250000 73.898422 0.302000 65.425003
493.250000 74.104370 0.302000 65.514999
493.375000 74.104370 0.302000 65.625000
493.375000 74.322510 0.302000 65.724998
493.875000 74.529037 0.302000 65.824997
494.000000 74.734970 0.302000 65.925003
494.000000 74.734970 0.302000 66.014999
494.000000 74.971451 0.292000 66.120003
494.125000 75.174675 0.292000 66.230003
494.125000 75.174675 0.292000 66.324997
494.250000 75.379082 0.292000 66.419998
494.250000 75.379082 0.292000 66.504997
494.875000 75.379082 0.292000 66.620003
495.125000 75.580009 0.292000 66.720001
495.250000 75.580009 0.292000 66.809998
495.250000 75.580009 0.292000 66.925003
495.250000 75.580009 0.292000 67.010002
495.250000 75.580009 0.292000 67.114998
495.250000 75.580009 0.289000 67.224998
495.250000 75.580009 0.289000 67.320000
495.375000 75.781532 0.289000 67.410004
495.375000 75.781532 0.289000 67.525002
495.375000 75.781532 0.289000 67.614998
495.375000 75.781532 0.289000 67.730003
495.375000 75.781532 0.289000 67.820000
495.375000 75.781532 0.289000 67.930000
495.375000 75.781532 0.289000 68.014999
495.500000 75.985939 0.242000 68.129997
496.500000 75.985939 0.242000 68.214996
496.625000 76.201416 0.242000 68.320000
496.625000 76.201416 0.242000 68.430000
496.750000 76.414200 0.242000 68.510002
496.875000 76.632446 0.242000 68.625000
496.875000 76.632446 0.242000 68.714996
497.000000 76.836609 0.242000 68.824997
497.375000 77.058014 0.242000 68.910004
497.375000 77.058014 0.242000 69.014999
497.375000 77.264290 0.265000 69.125000
497.875000 77.464546 0.265000 69.230003
498.000000 77.666275 0.265000 69.320000
498.125000 77.666275 0.265000 69.410004
498.250000 77.869514 0.265000 69.519997
498.375000 78.094467 0.265000 69.625000
498.500000 78.294739 0.265000 69.724998
498.625000 78.294739 0.265000 69.820000
499.000000 78.495361 0.265000 69.925003
499.125000 78.703781 0.265000 70.014999
499.125000 78.703781 0.265000 70.125000
499.250000 78.927177 0.308000 70.209999
499.250000 79.140488 0.308000 70.324997
499.250000 79.140488 0.308000 70.410004
499.250000 79.342926 0.308000 70.519997
499.250000 79.342926 0.308000 70.625000
499.250000 79.342926 0.308000 70.730003
499.250000 79.342926 0.308000 70.815002
499.375000 79.342926 0.308000 70.925003
499.375000 79.547615 0.308000 71.029999
499.375000 79.547615 0.257000 71.120003
499.375000 79.547615 0.257000 71.224998
499.375000 79.547615 0.257000 71.330002
499.375000 79.547615 0.257000 71.419998
499.375000 79.547615 0.257000 71.525002
499.375000 79.547615 0.257000 71.620003
499.375000 79.547615 0.257000 71.720001
499.375000 79.547615 0.257000 71.820000
499.375000 79.547615 0.257000 71.925003
499.375000 79.547615 0.257000 72.029999
499.500000 79.547615 0.269000 72.114998
499.500000 79.547615 0.269000 72.220001
499.500000 79.547615 0.269000 72.324997
499.500000 79.547615 0.269000 72.430000
499.500000 79.547615 0.269000 72.514999
499.500000 79.547615 0.269000 72.620003
499.500000 79.547615 0.269000 72.709999
499.500000 79.547615 0.269000 72.824997
499.500000 79.547615 0.269000 72.925003
499.500000 79.547615 0.269000 73.014999
499.500000 79.547615 0.238000 73.125000
499.500000 79.774200 0.238000 73.224998
499.500000 79.981689 0.238000 73.324997
499.625000 80.189438 0.238000 73.425003
499.750000 80.398422 0.238000 73.519997
499.750000 80.602119 0.238000 73.620003
499.875000 80.807442 0.238000 73.709999
500.250000 81.013191 0.238000 73.820000
500.375000 81.219337 0.238000 73.930000
500.375000 81.219337 0.238000 74.014999
500.375000 81.426994 0.238000 74.125000
500.500000 81.675575 0.316000 74.214996
500.500000 81.884567 0.316000 74.315002
500.500000 82.112846 0.316000 74.425003
500.625000 82.334213 0.316000 74.510002
500.625000 82.334213 0.316000 74.625000
500.625000 82.555405 0.316000 74.724998
500.625000 82.555405 0.316000 74.815002
500.625000 82.761993 0.316000 74.925003
500.625000 82.761993 0.316000 75.014999
500.625000 82.761993 0.289000 75.120003
500.625000 82.761993 0.289000 75.209999
500.625000 82.761993 0.289000 75.315002
500.625000 82.962952 0.289000 75.425003
500.625000 82.962952 0.289000 75.519997
500.625000 82.962952 0.289000 75.620003
500.625000 82.962952 0.289000 75.724998
500.625000 82.962952 0.289000 75.809998
500.625000 82.962952 0.289000 75.925003
500.625000 82.962952 0.289000 76.010002
500.625000 82.962952 0.259000 76.120003
500.625000 82.962952 0.259000 76.230003
500.750000 82.962952 0.259000 76.309998
500.750000 82.962952 0.259000 76.425003
500.750000 82.962952 0.259000 76.525002
500.750000 82.962952 0.259000 76.625000
500.750000 83.165123 0.259000 76.714996
500.750000 83.365692 0.259000 76.824997
500.750000 83.365692 0.259000 76.930000
500.875000 83.569977 0.259000 77.019997
501.000000 83.773254 0.266000 77.125000
501.000000 83.773254 0.266000 77.224998
501.000000 83.980492 0.266000 77.309998
501.000000 84.182655 0.266000 77.415001
501.125000 84.385605 0.266000 77.525002
501.125000 84.385605 0.266000 77.625000
501.125000 84.612160 0.266000 77.714996
501.250000 84.816925 0.266000 77.824997
501.250000 84.816925 0.266000 77.910004
501.250000 85.022041 0.266000 78.014999
501.750000 85.263893 0.265000 78.125000
501.750000 85.477707 0.265000 78.209999
501.750000 85.678551 0.265000 78.315002
501.875000 85.678551 0.265000 78.425003
501.875000 85.879349 0.265000 78.529999
501.875000 85.879349 0.265000 78.625000
501.875000 86.081947 0.265000 78.720001
501.875000 86.081947 0.265000 78.824997
501.875000 86.081947 0.265000 78.930000
501.875000 86.081947 0.265000 79.025002
501.875000 86.282135 0.251000 79.120003
501.875000 86.282135 0.251000 79.214996
502.000000 86.282135 0.251000 79.315002
502.000000 86.282135 0.251000 79.410004
502.000000 86.282135 0.251000 79.510002
502.000000 86.282135 0.251000 79.614998
502.000000 86.282135 0.251000 79.714996
502.125000 86.282135 0.251000 79.824997
502.125000 86.282135 0.251000 79.930000
502.125000 86.282135 0.251000 80.010002
502.125000 86.282135 0.214000 80.125000
502.125000 86.282135 0.214000 80.220001
502.125000 86.282135 0.214000 80.315002
502.125000 86.282135 0.214000 80.425003
502.125000 86.282135 0.214000 80.514999
502.125000 86.282135 0.214000 80.625000
502.125000 86.282135 0.214000 80.714996
502.125000 86.491829 0.214000 80.824997
502.125000 86.491829 0.214000 80.910004
502.125000 86.693504 0.214000 81.019997
502.125000 86.693504 0.201000 81.120003
502.125000 86.900955 0.201000 81.224998
502.375000 87.105202 0.201000 81.315002
502.375000 87.105202 0.201000 81.415001
502.375000 87.305450 0.201000 81.525002
502.500000 87.305450 0.201000 81.610001
502.750000 87.514229 0.201000 81.720001
502.750000 87.514229 0.201000 81.824997
502.750000 87.514229 0.201000 81.915001
502.750000 87.716492 0.201000 82.035004
502.750000 87.716492 0.246000 82.120003
502.750000 87.716492 0.246000 82.230003
502.750000 87.918991 0.246000 82.315002
503.125000 87.918991 0.246000 82.425003
503.375000 88.129967 0.246000 82.519997
503.625000 88.129967 0.246000 82.625000
504.125000 88.343292 0.246000 82.720001
504.375000 88.343292 0.246000 82.824997
504.375000 88.343292 0.246000 82.919998
505.125000 88.552940 0.246000 83.025002
505.250000 88.552940 0.236000 83.110001
505.500000 88.552940 0.236000 83.220001
506.000000 88.552940 0.236000 83.320000
506.250000 88.552940 0.236000 83.415001
506.250000 88.552940 0.236000 83.514999
506.500000 88.552940 0.236000 83.629997
506.750000 88.552940 0.236000 83.714996
507.000000 88.552940 0.236000 83.820000
507.750000 88.552940 0.236000 83.925003
508.125000 88.552940 0.236000 84.010002
508.500000 88.552940 0.215000 84.114998
508.750000 88.552940 0.215000 84.220001
509.125000 88.552940 0.215000 84.324997
509.250000 88.552940 0.215000 84.430000
509.375000 88.552940 0.215000 84.514999
509.625000 88.552940 0.215000 84.625000
510.000000 88.552940 0.215000 84.720001
510.250000 88.552940 0.215000 84.815002
510.375000 88.552940 0.215000 84.919998
510.625000 88.552940 0.215000 85.029999
511.000000 88.552940 0.211000 85.114998
511.000000 88.552940 0.211000 85.230003
511.000000 88.552940 0.211000 85.320000
511.125000 88.552940 0.211000 85.415001
511.250000 88.552940 0.211000 85.525002
511.625000 88.552940 0.211000 85.625000
511.750000 88.552940 0.211000 85.714996
512.125000 88.552940 0.211000 85.830002
512.375000 88.552940 0.211000 85.915001
512.500000 88.552940 0.211000 86.014999
513.125000 88.552940 0.213000 86.120003
513.125000 88.552940 0.213000 86.224998
513.125000 88.552940 0.213000 86.324997
513.875000 88.552940 0.213000 86.415001
513.875000 88.552940 0.213000 86.514999
513.875000 88.552940 0.213000 86.625000
514.375000 88.552940 0.213000 86.705002
514.625000 88.552940 0.213000 86.830002
514.875000 88.552940 0.213000 86.925003
515.000000 88.552940 0.213000 87.025002
515.375000 88.552940 0.202000 87.114998
515.500000 88.552940 0.202000 87.224998
515.500000 88.552940 0.202000 87.315002
516.000000 88.552940 0.202000 87.419998
516.250000 88.552940 0.202000 87.519997
516.375000 88.552940 0.202000 87.610001
516.875000 88.552940 0.202000 87.720001
517.125000 88.552940 0.202000 87.830002
517.125000 88.552940 0.202000 87.910004
517.250000 88.552940 0.202000 88.025002
517.250000 88.552940 0.206000 88.114998
517.375000 88.552940 0.206000 88.224998
517.375000 88.552940 0.206000 88.315002
517.500000 88.552940 0.206000 88.425003
517.500000 88.552940 0.206000 88.529999
517.500000 88.552940 0.206000 88.620003
517.500000 88.552940 0.206000 88.724998
517.500000 88.552940 0.206000 88.815002
517.500000 88.552940 0.206000 88.915001
517.500000 88.552940 0.206000 89.025002
517.500000 88.552940 0.212000 89.110001
517.500000 88.552940 0.212000 89.214996
517.500000 88.552940 0.212000 89.330002
517.500000 88.552940 0.212000 89.425003
517.625000 88.552940 0.212000 89.510002
517.625000 88.552940 0.212000 89.625000
517.625000 88.552940 0.212000 89.720001
517.625000 88.552940 0.212000 89.815002
517.750000 88.552940 0.212000 89.915001
517.750000 88.552940 0.212000 90.025002
517.750000 88.552940 0.206000 90.125000
517.750000 88.552940 0.206000 90.220001
517.750000 88.552940 0.206000 90.324997
517.750000 88.552940 0.206000 90.415001
517.750000 88.552940 0.206000 90.525002
517.750000 88.552940 0.206000 90.614998
517.875000 88.552940 0.206000 90.724998
517.875000 88.552940 0.206000 90.809998
518.000000 88.552940 0.206000 90.925003
518.000000 88.552940 0.206000 91.025002
518.000000 88.552940 0.198000 91.114998
518.000000 88.552940 0.198000 91.224998
518.000000 88.552940 0.198000 91.315002
518.125000 88.552940 0.198000 91.425003
518.125000 88.552940 0.198000 91.510002
518.125000 88.552940 0.198000 91.614998
518.125000 88.552940 0.198000 91.724998
518.250000 88.552940 0.198000 91.815002
518.250000 88.552940 0.198000 91.925003
518.250000 88.552940 0.198000 92.010002
518.375000 88.552940 0.188000 92.125000
518.375000 88.552940 0.188000 92.224998
518.500000 88.552940 0.188000 92.324997
518.500000 88.552940 0.188000 92.410004
518.500000 88.552940 0.188000 92.514999
518.625000 88.552940 0.188000 92.629997
518.625000 88.552940 0.188000 92.714996
518.625000 88.552940 0.188000 92.820000
518.750000 88.552940 0.188000 92.930000
518.750000 88.552940 0.188000 93.014999
518.750000 88.552940 0.200000 93.129997
518.875000 88.552940 0.200000 93.209999
518.875000 88.552940 0.200000 93.320000
518.875000 88.552940 0.200000 93.430000
518.875000 88.552940 0.200000 93.519997
518.875000 88.552940 0.200000 93.625000
518.875000 88.552940 0.200000 93.714996
518.875000 88.552940 0.200000 93.824997
518.875000 88.552940 0.200000 93.925003
519.000000 88.552940 0.200000 94.014999
519.000000 88.552940 0.200000 94.114998
519.000000 88.552940 0.200000 94.224998
519.375000 88.552940 0.200000 94.309998
519.500000 88.552940 0.200000 94.430000
519.500000 88.552940 0.200000 94.514999
519.875000 88.552940 0.200000 94.625000
520.000000 88.552940 0.200000 94.709999
520.000000 88.552940 0.200000 94.820000
520.125000 88.552940 0.200000 94.925003
520.500000 88.552940 0.200000 95.025002
520.500000 88.552940 0.191000 95.125000
520.500000 88.552940 0.191000 95.214996
520.625000 88.552940 0.191000 95.320000
520.750000 88.552940 0.191000 95.419998
521.000000 88.552940 0.191000 95.529999
521.000000 88.552940 0.191000 95.625000
521.500000 88.552940 0.191000 95.714996
521.500000 88.552940 0.191000 95.830002
521.500000 88.552940 0.191000 95.915001
521.625000 88.552940 0.191000 96.029999
521.625000 88.552940 0.200000 96.110001
522.125000 88.552940 0.200000 96.224998
522.125000 88.552940 0.200000 96.334999
522.125000 88.552940 0.200000 96.430000
522.125000 88.552940 0.200000 96.519997
522.125000 88.552940 0.200000 96.625000
522.125000 88.552940 0.200000 96.714996
522.375000 88.552940 0.200000 96.824997
522.375000 88.552940 0.200000 96.919998
522.375000 88.552940 0.200000 97.029999
522.375000 88.552940 0.197000 97.114998
522.375000 88.552940 0.197000 97.220001
522.375000 88.552940 0.197000 97.309998
522.375000 88.552940 0.197000 97.419998
522.375000 88.552940 0.197000 97.525002
522.375000 88.552940 0.197000 97.625000
522.375000 88.552940 0.197000 97.720001
522.375000 88.552940 0.197000 97.824997
522.375000 88.552940 0.197000 97.915001
522.375000 88.552940 0.197000 98.019997
522.375000 88.552940 0.211000 98.120003
522.375000 88.552940 0.211000 98.214996
522.375000 88.552940 0.211000 98.324997
522.375000 88.552940 0.211000 98.415001
522.375000 88.552940 0.211000 98.514999
522.375000 88.552940 0.211000 98.629997
522.375000 88.552940 0.211000 98.714996
522.375000 88.552940 0.211000 98.824997
522.375000 88.552940 0.211000 98.919998
522.375000 88.552940 0.211000 99.025002
522.375000 88.552940 0.212000 99.114998
522.375000 88.552940 0.212000 99.224998
522.375000 88.552940 0.212000 99.309998
522.375000 88.552940 0.212000 99.415001
522.375000 88.552940 0.212000 99.525002
522.375000 88.552940 0.212000 99.614998
522.375000 88.552940 0.212000 99.724998
522.375000 88.552940 0.212000 99.830002
522.375000 88.552940 0.212000 99.915001
522.375000 88.552940 0.212000 100.025002
522.375000 88.552940 0.204000 100.114998
522.375000 88.552940 0.204000 100.230003
522.375000 88.552940 0.204000 100.315002
522.375000 88.552940 0.204000 100.425003
522.375000 88.552940 0.204000 100.510002
522.375000 88.552940 0.204000 100.625000
522.375000 88.552940 0.204000 100.730003
522.375000 88.552940 0.204000 100.824997
522.375000 88.552940 0.204000 100.919998
522.375000 88.552940 0.204000 101.025002
522.375000 88.552940 0.207000 101.114998
522.375000 88.552940 0.207000 101.220001
522.375000 88.552940 0.207000 101.324997
522.375000 88.552940 0.207000 101.415001
522.375000 88.552940 0.207000 101.514999
522.375000 88.552940 0.207000 101.629997
522.375000 88.552940 0.207000 101.714996
522.375000 88.552940 0.207000 101.824997
522.375000 88.552940 0.207000 101.915001
522.375000 88.552940 0.207000 102.019997
522.375000 88.552940 0.207000 102.125000
522.375000 88.552940 0.207000 102.214996
522.375000 88.552940 0.207000 102.324997
522.375000 88.552940 0.207000 102.425003
522.375000 88.552940 0.207000 102.519997
522.375000 88.552940 0.207000 102.614998
522.375000 88.552940 0.207000 102.724998
522.375000 88.552940 0.207000 102.815002
522.375000 88.552940 0.207000 102.919998
522.375000 88.552940 0.207000 103.029999
522.375000 88.552940 0.207000 103.114998
522.375000 88.552940 0.207000 103.224998
522.375000 88.552940 0.207000 103.315002
522.375000 88.552940 0.207000 103.419998
522.375000 88.552940 0.207000 103.525002
522.375000 88.552940 0.207000 103.614998
522.375000 88.552940 0.207000 103.724998
522.375000 88.552940 0.207000 103.815002
522.375000 88.552940 0.207000 103.925003
522.375000 88.552940 0.207000 104.014999
522.375000 88.552940 0.205000 104.125000
522.375000 88.552940 0.205000 104.214996
522.375000 88.552940 0.205000 104.320000
522.375000 88.552940 0.205000 104.425003
522.375000 88.552940 0.205000 104.525002
522.375000 88.552940 0.205000 104.620003
522.375000 88.552940 0.205000 104.730003
522.375000 88.552940 0.205000 104.815002
522.375000 88.552940 0.205000 104.919998
522.375000 88.552940 0.205000 105.029999
522.375000 88.552940 0.200000 105.125000
522.375000 88.552940 0.200000 105.230003
522.375000 88.552940 0.200000 105.315002
522.375000 88.552940 0.200000 105.419998
522.375000 88.552940 0.200000 105.525002
522.375000 88.552940 0.200000 105.614998
522.375000 88.552940 0.200000 105.724998
522.375000 88.552940 0.200000 105.815002
522.375000 88.552940 0.200000 105.919998
522.375000 88.552940 0.200000 106.014999
522.375000 88.552940 0.196000 106.125000
522.375000 88.552940 0.196000 106.220001
523.875000 88.552940 0.196000 106.309998
523.875000 88.552940 0.196000 106.419998
523.875000 88.552940 0.196000 106.519997
523.875000 88.552940 0.196000 106.625000
523.875000 88.552940 0.196000 106.709999
523.875000 88.552940 0.196000 106.824997
523.875000 88.552940 0.196000 106.910004
523.875000 88.552940 0.196000 107.019997
523.875000 88.552940 0.196000 107.125000
523.875000 88.552940 0.196000 107.209999
523.875000 88.552940 0.196000 107.315002
