91.625000 0.000000 0.217000 0.025000
110.250000 0.000000 0.217000 0.130000
122.875000 0.203095 0.217000 0.225000
130.125000 0.442892 0.217000 0.330000
138.750000 0.658916 0.217000 0.430000
146.750000 0.863321 0.217000 0.525000
152.500000 1.071100 0.239000 0.625000
159.125000 1.273248 0.239000 0.730000
164.125000 1.482908 0.239000 0.830000
170.500000 1.691248 0.239000 0.925000
176.250000 1.899544 0.239000 1.030000
180.625000 1.899544 0.239000 1.130000
183.750000 2.138361 0.239000 1.225000
188.500000 2.347659 0.239000 1.330000
192.000000 2.556792 0.239000 1.425000
195.625000 2.765939 0.239000 1.530000
198.625000 2.974510 0.258000 1.630000
201.625000 3.217667 0.258000 1.725000
204.875000 3.432300 0.258000 1.830000
209.125000 3.637195 0.258000 1.931000
213.375000 3.843346 0.258000 2.025000
219.000000 4.051198 0.258000 2.125000
224.125000 4.260076 0.258000 2.225000
227.250000 4.469497 0.258000 2.330000
230.500000 4.469497 0.258000 2.430000
233.250000 4.709101 0.258000 2.525000
237.500000 4.918593 0.261000 2.625000
239.375000 5.127508 0.261000 2.725000
243.250000 5.336147 0.261000 2.830000
248.125000 5.544991 0.261000 2.925000
250.000000 5.793036 0.261000 3.025000
253.750000 6.000823 0.261000 3.130000
258.625000 6.208299 0.261000 3.225000
262.625000 6.416535 0.261000 3.330000
265.250000 6.625827 0.261000 3.425000
268.375000 6.834367 0.261000 3.525000
271.500000 7.037108 0.276000 3.635000
274.375000 7.037108 0.276000 3.730000
276.125000 7.282176 0.276000 3.825000
278.125000 7.513257 0.276000 3.925000
279.625000 7.719623 0.276000 4.020000
281.125000 7.719623 0.276000 4.120000
283.000000 7.926450 0.276000 4.235000
284.375000 8.129199 0.276000 4.330000
285.750000 8.330361 0.276000 4.425000
286.750000 8.330361 0.276000 4.530000
287.875000 8.531532 0.276000 4.630000
288.625000 8.733057 0.311000 4.725000
289.750000 8.733057 0.311000 4.830000
290.875000 8.733057 0.311000 4.930000
291.125000 8.938473 0.311000 5.035000
291.500000 8.938473 0.311000 5.130000
292.000000 8.938473 0.311000 5.225000
292.250000 8.938473 0.311000 5.330000
292.750000 8.938473 0.311000 5.435000
293.000000 8.938473 0.311000 5.525000
293.250000 8.938473 0.258000 5.625000
293.875000 8.938473 0.258000 5.735000
294.250000 8.938473 0.258000 5.830000
294.625000 8.938473 0.258000 5.915000
294.750000 8.938473 0.258000 6.030000
294.875000 8.938473 0.258000 6.130000
294.875000 9.138489 0.258000 6.230000
295.125000 9.138489 0.258000 6.320000
295.125000 9.138489 0.258000 6.425000
295.375000 9.138489 0.258000 6.525000
295.500000 9.138489 0.229000 6.630000
295.500000 9.343864 0.229000 6.730000
295.500000 9.343864 0.229000 6.815000
295.500000 9.571644 0.229000 6.925000
295.750000 9.571644 0.229000 7.030000
296.000000 9.782420 0.229000 7.135000
296.250000 10.001333 0.229000 7.235000
296.625000 10.001333 0.229000 7.320000
296.875000 10.203514 0.229000 7.435000
297.125000 10.407097 0.229000 7.530000
298.000000 10.614013 0.239000 7.630000
298.500000 10.842673 0.239000 7.725000
299.500000 11.048497 0.239000 7.830000
301.500000 11.257100 0.239000 7.920000
303.000000 11.457361 0.239000 8.020000
304.250000 11.657721 0.239000 8.130000
305.375000 11.867571 0.239000 8.220000
306.750000 12.076674 0.239000 8.320000
310.375000 12.280999 0.239000 8.430000
311.375000 12.485005 0.239000 8.535000
312.500000 12.485005 0.239000 8.625000
313.625000 12.685676 0.290000 8.725000
314.875000 12.890282 0.290000 8.830000
319.875000 13.093027 0.290000 8.935000
321.625000 13.093027 0.290000 9.030000
322.750000 13.296704 0.290000 9.135000
323.500000 13.501184 0.290000 9.225000
325.500000 13.501184 0.290000 9.315000
326.375000 13.706175 0.290000 9.420000
327.250000 13.911413 0.290000 9.525000
327.250000 14.116758 0.276000 9.625000
327.375000 14.116758 0.276000 9.715000
328.125000 14.319932 0.276000 9.820000
328.125000 14.547999 0.276000 9.930000
328.250000 14.794372 0.276000 10.020000
328.875000 14.999162 0.276000 10.130000
329.125000 15.205997 0.276000 10.215000
329.375000 15.414457 0.276000 10.335000
329.375000 15.623689 0.276000 10.430000
329.875000 15.833306 0.276000 10.520000
330.250000 15.833306 0.279000 10.620000
330.375000 16.249668 0.279000 10.730000
331.875000 16.249668 0.279000 10.825000
332.875000 16.461329 0.279000 10.930000
333.125000 16.691280 0.279000 11.030000
333.500000 16.691280 0.279000 11.130000
333.500000 16.894730 0.279000 11.230000
333.500000 16.894730 0.279000 11.315000
333.625000 16.894730 0.279000 11.420000
333.625000 16.894730 0.279000 11.525000
334.000000 16.894730 0.267000 11.630000
334.500000 17.097269 0.267000 11.720000
334.750000 17.097269 0.267000 11.820000
334.875000 17.097269 0.267000 11.925000
334.875000 17.097269 0.267000 12.020000
335.625000 17.097269 0.267000 12.130000
335.625000 17.097269 0.267000 12.230000
335.625000 17.097269 0.267000 12.320000
335.750000 17.097269 0.267000 12.425000
335.750000 17.097269 0.267000 12.530000
335.750000 17.097269 0.233000 12.630000
335.750000 17.097269 0.233000 12.720000
335.750000 17.097269 0.233000 12.820000
335.750000 17.097269 0.233000 12.935000
335.750000 17.097269 0.233000 13.015000
335.750000 17.097269 0.233000 13.120000
335.750000 17.097269 0.233000 13.230000
335.750000 17.097269 0.233000 13.315000
335.750000 17.097269 0.233000 13.435000
335.750000 17.097269 0.233000 13.530000
335.750000 17.097269 0.225000 13.620000
335.750000 17.097269 0.225000 13.720000
335.750000 17.097269 0.225000 13.830000
335.750000 17.097269 0.225000 13.920000
335.750000 17.097269 0.225000 14.020000
335.750000 17.097269 0.225000 14.125000
335.750000 17.097269 0.225000 14.230000
335.875000 17.324499 0.225000 14.325000
335.875000 17.324499 0.225000 14.425000
336.000000 17.555853 0.225000 14.530000
336.000000 17.756166 0.251000 14.620000
336.000000 17.957245 0.251000 14.725000
336.125000 18.192810 0.251000 14.830000
336.250000 18.411097 0.251000 14.915000
336.375000 18.630499 0.251000 15.030000
336.375000 18.840319 0.251000 15.125000
336.500000 19.050014 0.251000 15.230000
336.500000 19.259569 0.251000 15.330000
336.500000 19.468599 0.251000 15.430000
336.500000 19.676729 0.251000 15.530000
336.500000 19.676729 0.288000 15.630000
336.625000 19.911148 0.288000 15.725000
336.625000 20.118670 0.288000 15.830000
336.625000 20.323935 0.288000 15.930000
336.625000 20.323935 0.288000 16.025000
336.625000 20.323935 0.288000 16.120001
336.750000 20.524115 0.288000 16.225000
336.875000 20.524115 0.288000 16.330000
336.875000 20.524115 0.288000 16.430000
336.875000 20.524115 0.288000 16.525000
336.875000 20.727808 0.281000 16.629999
337.000000 20.727808 0.281000 16.730000
337.000000 20.727808 0.281000 16.834999
337.000000 20.727808 0.281000 16.920000
337.000000 20.727808 0.281000 17.030001
337.125000 20.727808 0.281000 17.120001
337.125000 20.727808 0.281000 17.219999
337.125000 20.727808 0.281000 17.320000
337.125000 20.727808 0.281000 17.430000
337.125000 20.727808 0.281000 17.530001
337.125000 20.727808 0.248000 17.615000
337.125000 20.727808 0.248000 17.719999
337.125000 20.727808 0.248000 17.834999
337.125000 20.727808 0.248000 17.915001
337.125000 20.727808 0.248000 18.025000
337.250000 20.727808 0.248000 18.129999
337.250000 20.727808 0.248000 18.230000
337.250000 20.933146 0.248000 18.334999
337.250000 20.933146 0.248000 18.434999
337.500000 21.133213 0.248000 18.520000
337.750000 21.337177 0.239000 18.625000
337.750000 21.537645 0.239000 18.730000
337.875000 21.744570 0.239000 18.830000
338.125000 21.964489 0.239000 18.934999
338.250000 22.165459 0.239000 19.020000
338.375000 22.373995 0.239000 19.129999
338.375000 22.582027 0.239000 19.230000
338.625000 22.789913 0.239000 19.325001
338.875000 22.998804 0.239000 19.420000
338.875000 23.208460 0.239000 19.530001
339.125000 23.415876 0.279000 19.629999
339.500000 23.415876 0.279000 19.719999
339.875000 23.618074 0.279000 19.830000
340.000000 23.826111 0.279000 19.920000
340.625000 24.032606 0.279000 20.030001
340.875000 24.235096 0.279000 20.135000
340.875000 24.235096 0.279000 20.219999
341.125000 24.440248 0.279000 20.334999
341.750000 24.643688 0.279000 20.434999
341.875000 24.847073 0.279000 20.520000
342.375000 24.847073 0.275000 20.635000
342.750000 25.074415 0.275000 20.730000
343.125000 25.281740 0.275000 20.830000
343.375000 25.486576 0.275000 20.930000
343.375000 25.486576 0.275000 21.035000
343.750000 25.689699 0.275000 21.120001
344.250000 25.900576 0.275000 21.225000
344.375000 25.900576 0.275000 21.320000
344.750000 26.103899 0.275000 21.424999
344.875000 26.329531 0.275000 21.510000
345.000000 26.329531 0.247000 21.620001
345.500000 26.532301 0.247000 21.725000
346.500000 26.735546 0.247000 21.809999
346.500000 26.947264 0.247000 21.920000
346.625000 27.154894 0.247000 22.030001
346.875000 27.154894 0.247000 22.115000
347.375000 27.386055 0.247000 22.219999
347.625000 27.613249 0.247000 22.325001
347.750000 27.847181 0.247000 22.420000
348.125000 28.054581 0.247000 22.530001
348.625000 28.262815 0.251000 22.615000
348.625000 28.471422 0.251000 22.725000
349.375000 28.471422 0.251000 22.815001
349.500000 28.889647 0.251000 22.930000
350.125000 29.099154 0.251000 23.030001
350.625000 29.099154 0.251000 23.129999
351.000000 29.338781 0.251000 23.215000
351.125000 29.558542 0.251000 23.320000
352.125000 29.778362 0.251000 23.430000
352.625000 29.987999 0.251000 23.520000
353.625000 30.194290 0.225000 23.629999
354.250000 30.420073 0.225000 23.719999
354.875000 30.620119 0.225000 23.830000
355.625000 30.620119 0.225000 23.920000
355.750000 30.827814 0.225000 24.025000
356.375000 31.063950 0.225000 24.115000
356.875000 31.063950 0.225000 24.219999
357.750000 31.271608 0.225000 24.330000
358.750000 31.478210 0.225000 24.424999
359.125000 31.684341 0.225000 24.514999
360.000000 31.684341 0.267000 24.629999
360.625000 31.889729 0.267000 24.735001
361.125000 32.095428 0.267000 24.820000
361.875000 32.095428 0.267000 24.930000
362.750000 32.095428 0.267000 25.020000
363.250000 32.298290 0.267000 25.129999
364.250000 32.298290 0.267000 25.219999
364.625000 32.298290 0.267000 25.330000
365.125000 32.298290 0.267000 25.430000
366.000000 32.298290 0.267000 25.520000
366.500000 32.499256 0.259000 25.635000
366.750000 32.499256 0.259000 25.730000
366.875000 32.499256 0.259000 25.809999
367.125000 32.499256 0.259000 25.930000
367.625000 32.499256 0.259000 26.014999
367.625000 32.499256 0.259000 26.129999
367.750000 32.499256 0.259000 26.219999
367.750000 32.499256 0.259000 26.330000
367.750000 32.499256 0.259000 26.424999
367.750000 32.499256 0.259000 26.514999
367.750000 32.499256 0.191000 26.629999
367.750000 32.499256 0.191000 26.715000
367.750000 32.499256 0.191000 26.825001
367.875000 32.499256 0.191000 26.920000
367.875000 32.499256 0.191000 27.035000
367.875000 32.499256 0.191000 27.120001
367.875000 32.499256 0.191000 27.235001
367.875000 32.499256 0.191000 27.320000
368.125000 32.700607 0.191000 27.430000
368.375000 32.700607 0.191000 27.514999
368.625000 32.905933 0.232000 27.629999
368.750000 33.147385 0.232000 27.719999
368.875000 33.357273 0.232000 27.830000
369.000000 33.562737 0.232000 27.915001
369.125000 33.770390 0.232000 28.030001
369.375000 34.013332 0.232000 28.120001
369.625000 34.215187 0.232000 28.230000
369.625000 34.215187 0.232000 28.320000
369.625000 34.418503 0.232000 28.430000
369.875000 34.418503 0.232000 28.530001
370.000000 34.418503 0.257000 28.620001
370.125000 34.619411 0.257000 28.730000
370.250000 34.619411 0.257000 28.820000
370.250000 34.619411 0.257000 28.924999
370.250000 34.842468 0.257000 29.035000
370.250000 34.842468 0.257000 29.120001
370.375000 35.048145 0.257000 29.235001
370.750000 35.252998 0.257000 29.320000
370.750000 35.458073 0.257000 29.424999
371.000000 35.700207 0.257000 29.514999
371.000000 35.917423 0.230000 29.625000
371.250000 36.126522 0.230000 29.719999
371.625000 36.336506 0.230000 29.820000
371.625000 36.536919 0.230000 29.930000
372.250000 36.737549 0.230000 30.030001
372.500000 36.938290 0.230000 30.125000
372.875000 37.139141 0.230000 30.230000
373.250000 37.340092 0.230000 30.320000
373.500000 37.541126 0.230000 30.424999
373.750000 37.742142 0.230000 30.520000
374.125000 37.950935 0.252000 30.629999
374.375000 37.950935 0.252000 30.719999
374.500000 38.157234 0.252000 30.830000
374.625000 38.357327 0.252000 30.930000
375.000000 38.357327 0.252000 31.030001
375.625000 38.560539 0.252000 31.115000
375.750000 38.560539 0.252000 31.219999
376.125000 38.560539 0.252000 31.325001
376.375000 38.761261 0.252000 31.430000
376.375000 38.761261 0.252000 31.514999
376.750000 38.761261 0.232000 31.629999
377.125000 38.761261 0.232000 31.735001
377.125000 38.761261 0.232000 31.820000
377.125000 38.761261 0.232000 31.930000
377.125000 38.761261 0.232000 32.025002
377.125000 38.761261 0.232000 32.130001
377.125000 38.761261 0.232000 32.215000
377.250000 38.761261 0.232000 32.320000
377.625000 38.761261 0.232000 32.435001
377.875000 38.761261 0.232000 32.520000
378.000000 38.761261 0.222000 32.630001
378.250000 38.761261 0.222000 32.724998
378.375000 38.761261 0.222000 32.814999
378.375000 38.761261 0.222000 32.924999
378.500000 38.961491 0.222000 33.035000
378.625000 38.961491 0.222000 33.119999
378.625000 38.961491 0.222000 33.224998
378.750000 38.961491 0.222000 33.320000
378.875000 38.961491 0.222000 33.430000
378.875000 38.961491 0.222000 33.514999
378.875000 38.961491 0.221000 33.630001
379.125000 38.961491 0.221000 33.715000
379.125000 38.961491 0.221000 33.830002
379.125000 38.961491 0.221000 33.915001
379.500000 38.961491 0.221000 34.025002
379.625000 38.961491 0.221000 34.115002
379.750000 38.961491 0.221000 34.220001
380.125000 38.961491 0.221000 34.325001
380.125000 39.170544 0.221000 34.424999
380.125000 39.375725 0.221000 34.525002
380.125000 39.580002 0.258000 34.619999
380.500000 39.781082 0.258000 34.730000
380.500000 39.781082 0.258000 34.834999
380.625000 40.009842 0.258000 34.930000
380.625000 40.009842 0.258000 35.014999
380.625000 40.214417 0.258000 35.130001
380.625000 40.214417 0.258000 35.220001
380.750000 40.416878 0.258000 35.330002
380.875000 40.416878 0.258000 35.430000
380.875000 40.416878 0.258000 35.520000
380.875000 40.416878 0.250000 35.634998
380.875000 40.416878 0.250000 35.720001
380.875000 40.416878 0.250000 35.834999
380.875000 40.618038 0.250000 35.919998
380.875000 40.618038 0.250000 36.029999
381.125000 40.842537 0.250000 36.119999
381.250000 40.842537 0.250000 36.230000
381.375000 41.071529 0.250000 36.314999
381.500000 41.277027 0.250000 36.430000
381.500000 41.514805 0.250000 36.535000
381.500000 41.729912 0.252000 36.619999
381.500000 41.937634 0.252000 36.730000
381.625000 42.147545 0.252000 36.814999
382.125000 42.357082 0.252000 36.924999
382.375000 42.566868 0.252000 37.029999
382.625000 42.566868 0.252000 37.110001
382.875000 42.974209 0.252000 37.230000
383.250000 42.974209 0.252000 37.334999
383.500000 43.179070 0.252000 37.419998
383.750000 43.409657 0.252000 37.529999
384.000000 43.614307 0.259000 37.619999
384.125000 43.614307 0.259000 37.730000
384.125000 43.821297 0.259000 37.830002
384.250000 43.821297 0.259000 37.919998
384.375000 44.026684 0.259000 38.035000
384.625000 44.026684 0.259000 38.130001
384.625000 44.026684 0.259000 38.215000
384.750000 44.231796 0.259000 38.330002
384.750000 44.231796 0.259000 38.415001
384.875000 44.231796 0.259000 38.520000
385.000000 44.231796 0.236000 38.625000
385.000000 44.231796 0.236000 38.724998
385.000000 44.231796 0.236000 38.820000
385.000000 44.231796 0.236000 38.930000
385.000000 44.231796 0.236000 39.020000
385.000000 44.231796 0.236000 39.130001
385.000000 44.231796 0.236000 39.220001
385.000000 44.231796 0.236000 39.330002
385.000000 44.231796 0.236000 39.419998
385.125000 44.231796 0.236000 39.529999
385.125000 44.231796 0.220000 39.619999
385.125000 44.231796 0.220000 39.724998
385.375000 44.231796 0.220000 39.830002
385.375000 44.231796 0.220000 39.919998
385.375000 44.231796 0.220000 40.029999
385.375000 44.231796 0.220000 40.119999
385.375000 44.231796 0.220000 40.224998
385.375000 44.231796 0.220000 40.320000
385.375000 44.231796 0.220000 40.430000
385.500000 44.231796 0.220000 40.529999
385.500000 44.231796 0.209000 40.619999
385.500000 44.231796 0.209000 40.726002
385.500000 44.231796 0.209000 40.834999
385.500000 44.231796 0.209000 40.915001
385.500000 44.231796 0.209000 41.029999
385.500000 44.231796 0.209000 41.134998
385.500000 44.231796 0.209000 41.220001
385.500000 44.231796 0.209000 41.325001
385.625000 44.231796 0.209000 41.415001
385.625000 44.432446 0.209000 41.529999
385.625000 44.432446 0.221000 41.615002
385.625000 44.637039 0.221000 41.720001
385.750000 44.637039 0.221000 41.825001
386.000000 44.843384 0.221000 41.915001
386.000000 45.047268 0.221000 42.029999
386.000000 45.274143 0.221000 42.110001
386.125000 45.488880 0.221000 42.220001
386.250000 45.696880 0.221000 42.330002
386.500000 45.906349 0.221000 42.415001
387.125000 46.116245 0.221000 42.520000
387.375000 46.325802 0.215000 42.634998
387.375000 46.325802 0.215000 42.720001
387.500000 46.534702 0.215000 42.825001
387.625000 46.742794 0.215000 42.924999
387.750000 46.979595 0.215000 43.014999
388.000000 47.206158 0.215000 43.125000
388.250000 47.422829 0.215000 43.224998
388.500000 47.628437 0.215000 43.330002
388.625000 47.834557 0.215000 43.419998
388.625000 47.834557 0.215000 43.529999
388.875000 48.034893 0.254000 43.619999
389.125000 48.034893 0.254000 43.724998
389.125000 48.034893 0.254000 43.830002
389.250000 48.034893 0.254000 43.919998
389.500000 48.240318 0.254000 44.029999
389.875000 48.240318 0.254000 44.115002
390.000000 48.240318 0.254000 44.220001
390.000000 48.240318 0.254000 44.325001
390.125000 48.240318 0.254000 44.415001
390.125000 48.460682 0.254000 44.525002
390.375000 48.460682 0.214000 44.630001
390.500000 48.662949 0.214000 44.715000
390.625000 48.863029 0.214000 44.820000
391.000000 49.064732 0.214000 44.930000
391.250000 49.265087 0.214000 45.014999
391.250000 49.479378 0.214000 45.130001
391.250000 49.686470 0.214000 45.230000
391.500000 49.894882 0.214000 45.320000
391.625000 50.103928 0.214000 45.424999
391.750000 50.313313 0.214000 45.535000
392.000000 50.313313 0.269000 45.619999
392.250000 50.532879 0.269000 45.730000
392.625000 50.761208 0.269000 45.814999
392.875000 50.989376 0.269000 45.924999
393.125000 51.217747 0.269000 46.029999
393.375000 51.455894 0.269000 46.119999
393.500000 51.663868 0.269000 46.230000
393.750000 51.871307 0.269000 46.314999
393.875000 52.078693 0.269000 46.419998
394.000000 52.286339 0.269000 46.529999
394.375000 52.491753 0.233000 46.625000
394.375000 52.694019 0.233000 46.730000
395.000000 52.694019 0.233000 46.820000
395.375000 52.898506 0.233000 46.930000
395.625000 53.117344 0.233000 47.014999
395.750000 53.317936 0.233000 47.130001
395.750000 53.537189 0.233000 47.220001
395.875000 53.739277 0.233000 47.330002
396.000000 53.739277 0.233000 47.430000
396.250000 53.945950 0.233000 47.520000
396.375000 54.159355 0.261000 47.630001
396.500000 54.159355 0.261000 47.730000
396.625000 54.385521 0.261000 47.830002
397.000000 54.385521 0.261000 47.919998
397.250000 54.586781 0.261000 48.035000
397.500000 54.586781 0.261000 48.115002
398.000000 54.586781 0.261000 48.224998
398.250000 54.795135 0.261000 48.314999
398.375000 54.795135 0.261000 48.430000
398.375000 54.795135 0.261000 48.535000
398.375000 54.795135 0.249000 48.634998
398.375000 54.795135 0.249000 48.730000
398.500000 54.795135 0.249000 48.814999
398.500000 54.795135 0.249000 48.924999
398.875000 54.795135 0.249000 49.014999
398.875000 54.795135 0.249000 49.130001
398.875000 54.795135 0.249000 49.224998
398.875000 54.795135 0.249000 49.310001
398.875000 54.795135 0.249000 49.419998
399.000000 54.795135 0.249000 49.525002
399.000000 54.795135 0.253000 49.615002
399.125000 54.795135 0.253000 49.720001
399.250000 54.996784 0.253000 49.830002
399.375000 54.996784 0.253000 49.924999
399.500000 55.211555 0.253000 50.035000
399.625000 55.435444 0.253000 50.119999
399.625000 55.435444 0.253000 50.224998
399.750000 55.659309 0.253000 50.320000
399.875000 55.862862 0.253000 50.435001
399.875000 56.063866 0.253000 50.520000
400.000000 56.268478 0.239000 50.625000
400.500000 56.268478 0.239000 50.730000
400.625000 56.505314 0.239000 50.814999
400.750000 56.720936 0.239000 50.924999
400.750000 56.938908 0.239000 51.029999
400.750000 57.187263 0.239000 51.115002
400.875000 57.395565 0.239000 51.220001
400.875000 57.603275 0.239000 51.330002
401.000000 57.810337 0.239000 51.415001
401.250000 58.017441 0.239000 51.529999
401.750000 58.223152 0.258000 51.619999
402.000000 58.426865 0.258000 51.730000
402.250000 58.426865 0.258000 51.814999
402.250000 58.632553 0.258000 51.924999
402.375000 58.839790 0.258000 52.029999
402.625000 59.046021 0.258000 52.125000
402.625000 59.248295 0.258000 52.224998
402.750000 59.248295 0.258000 52.314999
402.875000 59.448586 0.258000 52.430000
402.875000 59.653847 0.258000 52.520000
402.875000 59.866035 0.226000 52.634998
402.875000 59.866035 0.226000 52.720001
403.000000 60.069450 0.226000 52.830002
403.000000 60.069450 0.226000 52.935001
403.000000 60.278336 0.226000 53.020000
403.000000 60.278336 0.226000 53.130001
403.000000 60.278336 0.226000 53.235001
403.000000 60.278336 0.226000 53.320000
403.000000 60.482376 0.226000 53.435001
403.000000 60.482376 0.226000 53.520000
403.000000 60.482376 0.164000 53.630001
403.000000 60.482376 0.164000 53.715000
403.125000 60.482376 0.164000 53.820000
403.125000 60.482376 0.164000 53.930000
403.125000 60.482376 0.164000 54.020000
403.125000 60.482376 0.164000 54.125000
403.125000 60.482376 0.164000 54.230000
403.125000 60.482376 0.164000 54.334999
403.125000 60.482376 0.164000 54.415001
403.125000 60.482376 0.164000 54.529999
403.125000 60.482376 0.156000 54.619999
403.125000 60.482376 0.156000 54.730000
403.125000 60.482376 0.156000 54.830002
403.125000 60.482376 0.156000 54.924999
403.250000 60.482376 0.156000 55.009998
403.250000 60.482376 0.156000 55.119999
403.250000 60.482376 0.156000 55.230000
403.250000 60.482376 0.156000 55.314999
403.250000 60.482376 0.156000 55.430000
403.250000 60.482376 0.156000 55.525002
403.250000 60.482376 0.187000 55.630001
403.500000 60.684555 0.187000 55.709999
403.500000 60.891964 0.187000 55.825001
403.500000 60.891964 0.187000 55.935001
403.750000 61.118279 0.187000 56.020000
404.000000 61.318470 0.187000 56.130001
404.125000 61.519726 0.187000 56.235001
404.250000 61.519726 0.187000 56.330002
404.375000 61.721203 0.187000 56.419998
404.375000 61.930225 0.187000 56.529999
404.625000 61.930225 0.191000 56.634998
404.625000 62.132462 0.191000 56.720001
404.875000 62.345917 0.191000 56.830002
405.000000 62.566826 0.191000 56.919998
405.000000 62.773979 0.191000 57.029999
405.000000 62.980614 0.191000 57.115002
405.125000 63.190514 0.191000 57.220001
405.125000 63.398960 0.191000 57.330002
405.250000 63.608013 0.191000 57.430000
405.375000 63.608013 0.191000 57.520000
405.625000 63.817432 0.185000 57.630001
405.750000 64.057030 0.185000 57.715000
405.875000 64.290329 0.185000 57.830002
406.000000 64.492653 0.185000 57.919998
406.125000 64.695137 0.185000 58.029999
406.125000 64.897629 0.185000 58.115002
406.375000 65.099976 0.185000 58.230000
406.375000 65.302399 0.185000 58.320000
406.500000 65.504807 0.185000 58.424999
406.625000 65.707039 0.185000 58.520000
406.625000 65.917862 0.204000 58.630001
406.875000 66.150673 0.204000 58.720001
406.875000 66.150673 0.204000 58.830002
406.875000 66.370880 0.204000 58.915001
406.875000 66.370880 0.204000 59.025002
407.000000 66.574409 0.204000 59.110001
407.000000 66.574409 0.204000 59.230000
407.125000 66.574409 0.204000 59.320000
407.125000 66.574409 0.204000 59.435001
407.125000 66.779198 0.204000 59.514999
407.125000 66.779198 0.131000 59.625000
407.250000 66.779198 0.131000 59.715000
407.250000 66.779198 0.131000 59.830002
407.250000 66.779198 0.131000 59.915001
407.250000 66.779198 0.131000 60.029999
407.250000 66.779198 0.131000 60.130001
407.250000 66.779198 0.131000 60.215000
407.250000 66.779198 0.131000 60.325001
407.250000 66.779198 0.131000 60.430000
407.250000 66.779198 0.120000 60.525002
407.250000 66.779198 0.120000 60.630001
407.250000 66.779198 0.120000 60.720001
407.250000 66.779198 0.120000 60.825001
407.250000 66.779198 0.120000 60.915001
407.250000 66.779198 0.120000 61.020000
407.250000 66.779198 0.120000 61.130001
407.250000 66.779198 0.120000 61.220001
407.250000 66.779198 0.120000 61.330002
407.250000 66.779198 0.120000 61.424999
407.250000 66.779198 0.119000 61.520000
407.250000 66.779198 0.119000 61.625000
407.250000 66.779198 0.119000 61.715000
407.250000 66.779198 0.119000 61.825001
407.250000 66.779198 0.119000 61.919998
407.250000 66.982132 0.119000 62.025002
407.250000 67.187027 0.119000 62.130001
407.250000 67.187027 0.119000 62.215000
407.250000 67.390686 0.119000 62.325001
407.250000 67.605797 0.119000 62.430000
407.250000 67.807686 0.141000 62.540001
407.250000 67.807686 0.141000 62.625000
407.375000 68.010757 0.141000 62.730000
407.375000 68.237358 0.141000 62.820000
407.375000 68.237358 0.141000 62.924999
407.375000 68.471573 0.141000 63.014999
407.375000 68.672188 0.141000 63.119999
407.375000 68.877548 0.141000 63.230000
407.375000 69.109673 0.141000 63.314999
407.375000 69.327568 0.141000 63.424999
407.500000 69.528435 0.141000 63.514999
407.500000 69.729469 0.158000 63.630001
407.500000 69.931488 0.158000 63.720001
407.625000 70.134346 0.158000 63.820000
407.625000 70.337143 0.158000 63.915001
407.750000 70.537506 0.158000 64.025002
407.750000 70.739899 0.158000 64.120003
407.750000 70.949837 0.158000 64.220001
407.750000 71.159775 0.158000 64.324997
407.750000 71.159775 0.158000 64.415001
407.750000 71.369705 0.158000 64.519997
407.750000 71.786514 0.210000 64.629997
407.750000 71.786514 0.210000 64.714996
407.750000 71.991478 0.210000 64.830002
407.750000 72.216621 0.210000 64.919998
407.875000 72.443108 0.210000 65.029999
407.875000 72.648376 0.210000 65.110001
407.875000 72.648376 0.210000 65.224998
407.875000 72.851784 0.210000 65.334999
408.000000 73.058525 0.210000 65.430000
408.000000 73.259216 0.210000 65.525002
408.000000 73.259216 0.156000 65.635002
408.000000 73.462784 0.156000 65.720001
408.000000 73.462784 0.156000 65.824997
408.000000 73.462784 0.156000 65.919998
408.125000 73.462784 0.156000 66.029999
408.125000 73.663879 0.156000 66.114998
408.125000 73.663879 0.156000 66.224998
408.125000 73.663879 0.156000 66.320000
408.125000 73.663879 0.156000 66.425003
408.125000 73.663879 0.156000 66.514999
408.125000 73.663879 0.138000 66.625000
408.125000 73.663879 0.138000 66.735001
408.125000 73.663879 0.138000 66.820000
408.125000 73.663879 0.138000 66.930000
408.125000 73.663879 0.138000 67.019997
408.125000 73.663879 0.138000 67.129997
408.125000 73.663879 0.138000 67.214996
408.125000 73.663879 0.138000 67.330002
408.125000 73.663879 0.138000 67.415001
408.125000 73.663879 0.138000 67.525002
408.125000 73.663879 0.137000 67.625000
408.125000 73.663879 0.137000 67.720001
408.125000 73.663879 0.137000 67.830002
408.125000 73.663879 0.137000 67.915001
408.125000 73.663879 0.137000 68.029999
408.125000 73.663879 0.137000 68.114998
408.125000 73.663879 0.137000 68.230003
408.125000 73.663879 0.137000 68.334999
408.125000 73.663879 0.137000 68.425003
408.125000 73.663879 0.135000 68.525002
408.125000 73.663879 0.135000 68.620003
408.125000 73.663879 0.135000 68.730003
408.125000 73.889641 0.135000 68.820000
408.125000 74.106934 0.135000 68.930000
408.125000 74.106934 0.135000 69.014999
408.125000 74.313339 0.135000 69.135002
408.125000 74.545784 0.135000 69.220001
408.125000 74.746872 0.135000 69.330002
408.125000 74.746872 0.135000 69.415001
408.125000 74.980400 0.135000 69.529999
408.125000 75.185875 0.146000 69.620003
408.125000 75.388893 0.146000 69.724998
408.125000 75.614876 0.146000 69.815002
408.250000 75.832596 0.146000 69.925003
408.250000 76.041397 0.146000 70.019997
408.250000 76.250648 0.146000 70.129997
408.375000 76.452423 0.146000 70.220001
408.375000 76.452423 0.146000 70.330002
408.375000 76.662224 0.146000 70.415001
408.500000 76.862228 0.146000 70.529999
408.500000 76.862228 0.182000 70.620003
408.500000 76.862228 0.182000 70.730003
408.500000 76.862228 0.182000 70.815002
408.500000 77.062447 0.182000 70.919998
408.500000 77.062447 0.182000 71.035004
408.500000 77.062447 0.182000 71.120003
408.500000 77.062447 0.182000 71.230003
408.500000 77.062447 0.182000 71.320000
408.500000 77.062447 0.182000 71.430000
408.500000 77.062447 0.182000 71.514999
408.500000 77.062447 0.181000 71.629997
408.500000 77.062447 0.181000 71.714996
408.500000 77.062447 0.181000 71.830002
408.500000 77.062447 0.181000 71.915001
408.500000 77.062447 0.181000 72.029999
408.500000 77.062447 0.181000 72.110001
408.500000 77.062447 0.181000 72.224998
408.500000 77.062447 0.181000 72.320000
408.500000 77.062447 0.181000 72.430000
408.500000 77.062447 0.181000 72.514999
408.500000 77.062447 0.176000 72.625000
408.500000 77.062447 0.176000 72.720001
408.500000 77.062447 0.176000 72.830002
408.500000 77.062447 0.176000 72.919998
408.500000 77.062447 0.176000 73.029999
408.500000 77.062447 0.176000 73.114998
408.500000 77.062447 0.176000 73.230003
408.500000 77.062447 0.176000 73.315002
408.500000 77.062447 0.176000 73.430000
408.500000 77.062447 0.176000 73.514999
408.500000 77.062447 0.179000 73.625000
408.500000 77.277306 0.179000 73.714996
408.500000 77.277306 0.179000 73.830002
408.500000 77.503433 0.179000 73.919998
408.500000 77.708694 0.179000 74.029999
408.500000 77.708694 0.179000 74.114998
408.500000 77.910301 0.179000 74.224998
408.500000 78.113419 0.179000 74.309998
408.500000 78.326439 0.179000 74.430000
408.500000 78.326439 0.179000 74.519997
408.500000 78.535179 0.164000 74.635002
408.500000 78.760231 0.164000 74.720001
408.500000 78.961342 0.164000 74.824997
408.500000 78.961342 0.164000 74.919998
408.500000 79.166367 0.164000 75.025002
408.500000 79.166367 0.164000 75.120003
408.500000 79.368813 0.164000 75.230003
408.500000 79.368813 0.164000 75.320000
408.500000 79.368813 0.164000 75.430000
408.500000 79.368813 0.164000 75.514999
408.500000 79.368813 0.145000 75.629997
408.500000 79.368813 0.145000 75.724998
408.500000 79.368813 0.145000 75.815002
408.500000 79.569336 0.145000 75.930000
408.500000 79.569336 0.145000 76.019997
408.500000 79.569336 0.145000 76.129997
408.500000 79.569336 0.145000 76.220001
408.500000 79.569336 0.145000 76.324997
408.500000 79.569336 0.145000 76.415001
408.500000 79.569336 0.147000 76.535004
408.500000 79.569336 0.147000 76.614998
408.500000 79.569336 0.147000 76.730003
408.500000 79.569336 0.147000 76.815002
408.500000 79.569336 0.147000 76.919998
408.500000 79.569336 0.147000 77.025002
408.500000 79.569336 0.147000 77.129997
408.500000 79.569336 0.147000 77.214996
408.500000 79.569336 0.147000 77.330002
408.500000 79.569336 0.147000 77.425003
408.500000 79.569336 0.147000 77.519997
408.500000 79.569336 0.149000 77.629997
408.500000 79.569336 0.149000 77.709999
408.500000 79.569336 0.149000 77.824997
408.500000 79.774765 0.149000 77.900002
408.500000 79.774765 0.149000 78.014999
408.500000 79.977745 0.149000 78.125000
408.500000 80.186455 0.149000 78.209999
408.500000 80.392570 0.149000 78.320000
408.500000 80.595993 0.149000 78.430000
408.500000 80.842239 0.149000 78.519997
408.500000 81.050705 0.157000 78.629997
408.500000 81.250999 0.157000 78.714996
408.500000 81.452660 0.157000 78.824997
408.500000 81.654610 0.157000 78.919998
408.500000 81.856712 0.157000 79.029999
408.500000 82.058968 0.157000 79.114998
408.500000 82.261307 0.157000 79.235001
408.500000 82.463768 0.157000 79.320000
408.500000 82.666252 0.157000 79.430000
408.500000 82.868759 0.157000 79.514999
408.500000 83.069862 0.166000 79.625000
408.625000 83.275467 0.166000 79.724998
408.625000 83.476250 0.166000 79.815002
409.125000 83.696518 0.166000 79.930000
409.500000 83.904900 0.166000 80.010002
409.625000 84.106117 0.166000 80.120003
410.000000 84.309418 0.166000 80.235001
410.500000 84.309418 0.166000 80.320000
410.625000 84.535896 0.166000 80.425003
411.000000 84.751060 0.166000 80.529999
411.250000 84.751060 0.183000 80.629997
412.500000 84.976486 0.183000 80.724998
413.250000 85.190285 0.183000 80.820000
413.250000 85.190285 0.183000 80.930000
413.875000 85.409340 0.183000 81.029999
414.500000 85.617340 0.183000 81.135002
414.625000 85.617340 0.183000 81.220001
414.875000 85.819809 0.183000 81.330002
415.250000 86.051949 0.183000 81.415001
415.375000 86.051949 0.183000 81.529999
415.750000 86.276459 0.188000 81.625000
415.875000 86.479324 0.188000 81.720001
415.875000 86.479324 0.188000 81.834999
416.000000 86.695358 0.188000 81.915001
416.000000 86.695358 0.188000 82.029999
416.125000 86.695358 0.188000 82.129997
416.500000 86.695358 0.188000 82.220001
416.500000 86.896400 0.188000 82.330002
416.500000 86.896400 0.188000 82.415001
416.625000 86.896400 0.188000 82.519997
416.625000 86.896400 0.186000 82.629997
416.750000 86.896400 0.186000 82.735001
416.750000 86.896400 0.186000 82.820000
416.750000 86.896400 0.186000 82.930000
416.750000 86.896400 0.186000 83.025002
416.750000 86.896400 0.186000 83.120003
416.750000 86.896400 0.186000 83.230003
416.750000 86.896400 0.186000 83.315002
416.750000 86.896400 0.186000 83.425003
416.750000 86.896400 0.186000 83.529999
416.750000 86.896400 0.212000 83.620003
416.750000 86.896400 0.212000 83.730003
416.875000 86.896400 0.212000 83.815002
416.875000 86.896400 0.212000 83.919998
417.000000 86.896400 0.212000 84.025002
417.000000 86.896400 0.212000 84.129997
417.000000 86.896400 0.212000 84.220001
417.125000 86.896400 0.212000 84.324997
417.125000 86.896400 0.212000 84.419998
417.125000 86.896400 0.212000 84.529999
417.250000 87.097260 0.210000 84.625000
417.375000 87.097260 0.210000 84.724998
418.000000 87.308060 0.210000 84.824997
419.125000 87.510208 0.210000 84.931000
420.000000 87.711571 0.210000 85.025002
421.750000 87.711571 0.210000 85.125000
422.375000 87.912033 0.210000 85.214996
422.750000 88.142487 0.210000 85.320000
423.250000 88.348190 0.210000 85.425003
423.625000 88.554955 0.210000 85.529999
424.625000 88.554955 0.213000 85.620003
424.875000 88.758446 0.213000 85.724998
425.500000 88.758446 0.213000 85.824997
426.500000 88.962524 0.213000 85.915001
426.875000 89.165039 0.213000 86.025002
427.625000 89.365791 0.213000 86.114998
427.875000 89.365791 0.213000 86.224998
428.625000 89.576477 0.213000 86.324997
429.125000 89.803375 0.213000 86.415001
429.250000 89.803375 0.213000 86.519997
430.125000 90.003906 0.237000 86.629997
430.750000 90.216988 0.237000 86.714996
432.125000 90.420006 0.237000 86.820000
433.375000 90.631454 0.237000 86.925003
433.750000 90.876999 0.237000 87.014999
434.625000 91.085251 0.237000 87.120003
435.750000 91.294395 0.237000 87.224998
436.625000 91.504036 0.237000 87.320000
437.625000 91.704048 0.237000 87.430000
439.250000 91.904266 0.237000 87.519997
440.875000 92.104591 0.240000 87.625000
443.625000 92.305283 0.240000 87.714996
446.000000 92.515106 0.240000 87.830002
448.125000 92.515106 0.240000 87.915001
449.875000 92.933403 0.240000 88.029999
451.625000 92.933403 0.240000 88.114998
453.500000 93.134018 0.240000 88.224998
455.125000 93.340317 0.240000 88.324997
457.250000 93.544960 0.240000 88.415001
459.500000 93.544960 0.240000 88.529999
460.375000 93.745895 0.248000 88.629997
462.125000 93.745895 0.248000 88.724998
463.625000 93.745895 0.248000 88.834999
464.375000 93.745895 0.248000 88.919998
465.625000 93.745895 0.248000 89.029999
466.625000 93.745895 0.248000 89.125000
467.750000 93.745895 0.248000 89.230003
469.250000 93.745895 0.248000 89.315002
469.875000 93.745895 0.248000 89.430000
470.250000 93.745895 0.248000 89.535004
471.000000 93.946030 0.249000 89.620003
471.875000 93.946030 0.249000 89.730003
472.875000 93.946030 0.249000 89.820000
473.125000 93.946030 0.249000 89.930000
473.875000 93.946030 0.249000 90.014999
474.375000 93.946030 0.249000 90.125000
474.750000 93.946030 0.249000 90.214996
475.250000 93.946030 0.249000 90.320000
476.125000 93.946030 0.249000 90.430000
476.750000 93.946030 0.249000 90.535004
476.875000 93.946030 0.240000 90.620003
476.875000 93.946030 0.240000 90.724998
477.125000 93.946030 0.240000 90.820000
477.625000 93.946030 0.240000 90.934998
478.625000 93.946030 0.240000 91.019997
479.500000 93.946030 0.240000 91.129997
479.875000 93.946030 0.240000 91.220001
480.500000 93.946030 0.240000 91.334999
480.875000 93.946030 0.240000 91.419998
481.250000 93.946030 0.240000 91.535004
481.625000 93.946030 0.231000 91.620003
482.125000 93.946030 0.231000 91.724998
482.375000 93.946030 0.231000 91.815002
482.625000 93.946030 0.231000 91.925003
483.250000 93.946030 0.231000 92.035004
483.750000 93.946030 0.231000 92.120003
483.750000 93.946030 0.231000 92.214996
484.000000 93.946030 0.231000 92.330002
484.750000 93.946030 0.231000 92.415001
484.875000 93.946030 0.231000 92.525002
485.125000 93.946030 0.248000 92.625000
486.250000 93.946030 0.248000 92.730003
486.625000 93.946030 0.248000 92.820000
486.875000 93.946030 0.248000 92.930000
487.750000 93.946030 0.248000 93.014999
487.875000 93.946030 0.248000 93.120003
487.875000 93.946030 0.248000 93.224998
488.375000 93.946030 0.248000 93.324997
488.500000 93.946030 0.248000 93.419998
489.000000 93.946030 0.248000 93.529999
489.000000 93.946030 0.227000 93.620003
489.375000 93.946030 0.227000 93.730003
489.625000 93.946030 0.227000 93.815002
489.750000 93.946030 0.227000 93.930000
490.375000 93.946030 0.227000 94.029999
490.375000 93.946030 0.227000 94.120003
490.500000 93.946030 0.227000 94.224998
490.875000 93.946030 0.227000 94.315002
491.500000 93.946030 0.227000 94.419998
491.500000 93.946030 0.227000 94.529999
493.125000 93.946030 0.219000 94.620003
493.125000 93.946030 0.219000 94.730003
493.375000 93.946030 0.219000 94.815002
493.375000 93.946030 0.219000 94.930000
493.375000 93.946030 0.219000 95.025002
493.375000 93.946030 0.219000 95.125000
493.375000 93.946030 0.219000 95.220001
493.375000 93.946030 0.219000 95.330002
493.625000 93.946030 0.219000 95.419998
493.625000 93.946030 0.219000 95.529999
493.625000 93.946030 0.228000 95.629997
493.750000 93.946030 0.228000 95.730003
493.750000 93.946030 0.228000 95.824997
493.750000 93.946030 0.228000 95.915001
493.875000 93.946030 0.228000 96.029999
493.875000 93.946030 0.228000 96.114998
494.000000 93.946030 0.228000 96.224998
494.125000 93.946030 0.228000 96.324997
494.500000 93.946030 0.228000 96.430000
494.500000 93.946030 0.228000 96.519997
494.625000 93.946030 0.229000 96.629997
494.625000 93.946030 0.229000 96.720001
494.875000 93.946030 0.229000 96.830002
495.000000 93.946030 0.229000 96.934998
495.000000 93.946030 0.229000 97.019997
495.125000 93.946030 0.229000 97.129997
495.375000 93.946030 0.229000 97.220001
495.625000 93.946030 0.229000 97.330002
495.625000 93.946030 0.229000 97.419998
495.625000 93.946030 0.229000 97.529999
496.000000 93.946030 0.221000 97.620003
496.125000 93.946030 0.221000 97.724998
496.125000 93.946030 0.221000 97.815002
496.125000 93.946030 0.221000 97.930000
496.375000 93.946030 0.221000 98.010002
496.375000 93.946030 0.221000 98.129997
496.500000 93.946030 0.221000 98.214996
496.500000 93.946030 0.221000 98.324997
496.625000 93.946030 0.221000 98.434998
496.875000 93.946030 0.221000 98.519997
496.875000 93.946030 0.219000 98.629997
496.875000 93.946030 0.219000 98.720001
497.125000 93.946030 0.219000 98.824997
497.250000 93.946030 0.219000 98.919998
497.250000 93.946030 0.219000 99.014999
497.500000 93.946030 0.219000 99.129997
497.500000 93.946030 0.219000 99.220001
497.625000 93.946030 0.219000 99.330002
497.625000 93.946030 0.219000 99.419998
497.625000 93.946030 0.219000 99.529999
497.625000 93.946030 0.231000 99.614998
497.625000 93.946030 0.231000 99.720001
497.625000 93.946030 0.231000 99.830002
497.625000 93.946030 0.231000 99.919998
497.625000 93.946030 0.231000 100.029999
497.625000 93.946030 0.231000 100.129997
497.625000 93.946030 0.231000 100.224998
497.625000 93.946030 0.231000 100.320000
497.625000 93.946030 0.231000 100.434998
497.625000 93.946030 0.231000 100.519997
497.625000 93.946030 0.232000 100.629997
497.625000 93.946030 0.232000 100.714996
497.625000 93.946030 0.232000 100.820000
497.750000 93.946030 0.232000 100.930000
497.750000 93.946030 0.232000 101.014999
497.750000 93.946030 0.232000 101.120003
497.750000 93.946030 0.232000 101.224998
497.750000 93.946030 0.232000 101.320000
497.750000 93.946030 0.232000 101.419998
497.750000 93.946030 0.232000 101.529999
497.750000 93.946030 0.226000 101.620003
497.750000 93.946030 0.226000 101.724998
497.750000 93.946030 0.226000 101.830002
497.750000 93.946030 0.226000 101.915001
497.750000 93.946030 0.226000 102.019997
497.750000 93.946030 0.226000 102.129997
497.750000 93.946030 0.226000 102.214996
497.750000 93.946030 0.226000 102.330002
497.875000 93.946030 0.226000 102.415001
497.875000 93.946030 0.226000 102.529999
497.875000 93.946030 0.226000 102.614998
497.875000 93.946030 0.226000 102.730003
498.250000 93.946030 0.226000 102.815002
498.250000 93.946030 0.226000 102.919998
498.250000 93.946030 0.226000 103.029999
498.250000 93.946030 0.226000 103.120003
498.250000 93.946030 0.226000 103.230003
498.250000 93.946030 0.226000 103.324997
498.250000 93.946030 0.226000 103.434998
498.375000 93.946030 0.226000 103.519997
498.375000 93.946030 0.219000 103.625000
498.375000 93.946030 0.219000 103.730003
498.375000 93.946030 0.219000 103.824997
498.375000 93.946030 0.219000 103.915001
498.375000 93.946030 0.219000 104.019997
498.375000 93.946030 0.219000 104.135002
498.375000 93.946030 0.219000 104.220001
498.375000 93.946030 0.219000 104.334999
498.375000 93.946030 0.219000 104.419998
498.625000 93.946030 0.219000 104.529999
498.625000 93.946030 0.223000 104.614998
498.750000 93.946030 0.223000 104.720001
498.750000 93.946030 0.223000 104.830002
498.750000 93.946030 0.223000 104.919998
498.750000 93.946030 0.223000 105.035004
498.750000 93.946030 0.223000 105.129997
498.750000 93.946030 0.223000 105.220001
498.750000 93.946030 0.223000 105.330002
498.750000 93.946030 0.223000 105.419998
498.750000 93.946030 0.223000 105.535004
498.750000 93.946030 0.224000 105.629997
498.750000 93.946030 0.224000 105.724998
498.750000 93.946030 0.224000 105.834999
499.000000 93.946030 0.224000 105.919998
499.000000 93.946030 0.224000 106.029999
499.000000 93.946030 0.224000 106.114998
499.000000 93.946030 0.224000 106.220001
499.000000 93.946030 0.224000 106.324997
499.000000 93.946030 0.224000 106.430000
499.000000 93.946030 0.224000 106.519997
499.000000 93.946030 0.221000 106.629997
499.000000 93.946030 0.221000 106.730003
499.000000 93.946030 0.221000 106.820000
499.000000 93.946030 0.221000 106.930000
499.000000 93.946030 0.221000 107.019997
499.000000 93.946030 0.221000 107.129997
499.000000 93.946030 0.221000 107.214996
499.000000 93.946030 0.221000 107.324997
499.250000 93.946030 0.221000 107.434998
499.250000 93.946030 0.221000 107.519997
499.250000 93.946030 0.228000 107.629997
499.250000 93.946030 0.228000 107.724998
499.250000 93.946030 0.228000 107.830002
499.250000 93.946030 0.228000 107.919998
499.250000 93.946030 0.228000 108.029999
499.250000 93.946030 0.228000 108.114998
499.250000 93.946030 0.228000 108.230003
499.250000 93.946030 0.228000 108.315002
499.250000 93.946030 0.228000 108.415001
499.250000 93.946030 0.254000 108.514999
499.250000 93.946030 0.254000 108.614998
499.250000 93.946030 0.254000 108.735001
499.250000 93.946030 0.254000 108.820000
499.250000 93.946030 0.254000 108.930000
499.250000 93.946030 0.254000 109.019997
499.250000 93.946030 0.254000 109.129997
499.250000 93.946030 0.254000 109.214996
499.250000 93.946030 0.254000 109.324997
499.250000 93.946030 0.254000 109.430000
499.250000 93.946030 0.254000 109.514999
499.250000 93.946030 0.229000 109.620003
499.250000 93.946030 0.229000 109.735001
499.250000 93.946030 0.229000 109.830002
499.250000 93.946030 0.229000 109.934998
499.250000 93.946030 0.229000 110.019997
499.250000 93.946030 0.229000 110.129997
499.250000 93.946030 0.229000 110.214996
499.250000 93.946030 0.229000 110.330002
499.375000 93.946030 0.229000 110.419998
499.500000 93.946030 0.229000 110.535004
500.000000 93.946030 0.234000 110.625000
500.000000 93.946030 0.234000 110.720001
500.000000 93.946030 0.234000 110.830002
500.000000 93.946030 0.234000 110.919998
500.125000 93.946030 0.234000 111.029999
500.125000 93.946030 0.234000 111.120003
500.125000 93.946030 0.234000 111.230003
500.125000 93.946030 0.234000 111.309998
500.250000 93.946030 0.234000 111.430000
500.250000 93.946030 0.234000 111.514999
500.250000 93.946030 0.224000 111.625000
500.250000 93.946030 0.224000 111.730003
500.250000 93.946030 0.224000 111.820000
500.375000 93.946030 0.224000 111.930000
500.375000 93.946030 0.224000 112.014999
500.375000 93.946030 0.224000 112.129997
500.625000 93.946030 0.224000 112.220001
500.625000 93.946030 0.224000 112.330002
500.625000 93.946030 0.224000 112.415001
500.750000 93.946030 0.224000 112.525002
500.750000 93.946030 0.226000 112.630997
501.250000 93.946030 0.226000 112.720001
501.375000 93.946030 0.226000 112.830002
501.500000 93.946030 0.226000 112.925003
501.875000 93.946030 0.226000 113.014999
502.000000 93.946030 0.226000 113.129997
502.250000 93.946030 0.226000 113.214996
502.375000 93.946030 0.226000 113.320000
502.500000 93.946030 0.226000 113.430000
502.625000 93.946030 0.226000 113.529999
503.000000 93.946030 0.230000 113.620003
503.375000 93.946030 0.230000 113.730003
503.625000 93.946030 0.230000 113.815002
503.750000 93.946030 0.230000 113.919998
503.875000 93.946030 0.230000 114.029999
504.000000 93.946030 0.230000 114.129997
504.125000 93.946030 0.230000 114.220001
504.125000 93.946030 0.230000 114.334999
504.375000 93.946030 0.230000 114.419998
504.375000 93.946030 0.230000 114.525002
504.375000 93.946030 0.229000 114.610001
504.375000 93.946030 0.229000 114.720001
504.375000 93.946030 0.229000 114.834999
504.375000 93.946030 0.229000 114.915001
504.375000 93.946030 0.229000 115.025002
504.375000 93.946030 0.229000 115.129997
504.375000 93.946030 0.229000 115.214996
504.375000 93.946030 0.229000 115.330002
504.500000 93.946030 0.229000 115.419998
504.500000 93.946030 0.229000 115.525002
504.500000 93.946030 0.236000 115.614998
504.625000 93.946030 0.236000 115.720001
504.625000 93.946030 0.236000 115.830002
504.625000 93.946030 0.236000 115.935997
504.750000 93.946030 0.236000 116.019997
504.875000 93.946030 0.236000 116.125000
505.125000 93.946030 0.236000 116.224998
505.250000 93.946030 0.236000 116.330002
505.375000 93.946030 0.236000 116.419998
505.625000 93.946030 0.236000 116.525002
505.750000 93.946030 0.224000 116.614998
505.875000 93.946030 0.224000 116.724998
506.125000 93.946030 0.224000 116.824997
506.375000 93.946030 0.224000 116.925003
506.625000 93.946030 0.224000 117.014999
506.625000 93.946030 0.224000 117.125999
506.750000 93.946030 0.224000 117.214996
506.750000 93.946030 0.224000 117.320000
506.750000 93.946030 0.224000 117.430000
506.750000 93.946030 0.224000 117.529999
506.750000 93.946030 0.225000 117.629997
506.875000 93.946030 0.225000 117.720001
506.875000 93.946030 0.225000 117.830002
507.000000 93.946030 0.225000 117.930000
507.125000 93.946030 0.225000 118.019997
507.125000 93.946030 0.225000 118.129997
507.125000 93.946030 0.225000 118.214996
507.250000 93.946030 0.225000 118.324997
507.500000 93.946030 0.225000 118.419998
507.625000 93.946030 0.225000 118.529999
507.750000 93.946030 0.236000 118.635002
508.000000 93.946030 0.236000 118.720001
508.375000 93.946030 0.236000 118.834999
508.500000 93.946030 0.236000 118.919998
508.625000 93.946030 0.236000 119.029999
508.875000 93.946030 0.236000 119.129997
509.000000 93.946030 0.236000 119.224998
509.000000 93.946030 0.236000 119.320000
509.375000 93.946030 0.236000 119.425003
509.625000 93.946030 0.236000 119.514999
509.875000 93.946030 0.228000 119.629997
510.000000 93.946030 0.228000 119.714996
510.250000 93.946030 0.228000 119.830002
510.500000 93.946030 0.228000 119.915001
510.500000 93.946030 0.228000 120.019997
510.875000 93.946030 0.228000 120.125000
511.125000 93.946030 0.228000 120.214996
511.250000 93.946030 0.228000 120.330002
511.375000 93.946030 0.228000 120.415001
511.375000 93.946030 0.228000 120.519997
511.375000 93.946030 0.239000 120.625999
511.500000 93.946030 0.239000 120.714996
511.625000 93.946030 0.239000 120.820000
511.750000 93.946030 0.239000 120.930000
511.750000 93.946030 0.239000 121.019997
511.750000 93.946030 0.239000 121.125000
511.750000 93.946030 0.239000 121.209999
511.875000 93.946030 0.239000 121.320000
511.875000 93.946030 0.239000 121.430000
512.000000 93.946030 0.239000 121.514999
512.125000 93.946030 0.233000 121.629997
512.250000 93.946030 0.233000 121.735001
512.375000 93.946030 0.233000 121.820000
512.375000 93.946030 0.233000 121.930000
512.375000 93.946030 0.233000 122.025002
512.375000 93.946030 0.233000 122.129997
512.375000 93.946030 0.233000 122.214996
512.375000 93.946030 0.233000 122.330002
512.500000 93.946030 0.233000 122.415001
512.500000 93.946030 0.233000 122.519997
512.500000 93.946030 0.229000 122.629997
512.500000 93.946030 0.229000 122.714996
512.500000 93.946030 0.229000 122.830002
512.625000 93.946030 0.229000 122.915001
512.625000 93.946030 0.229000 123.019997
512.625000 93.946030 0.229000 123.120003
512.625000 93.946030 0.229000 123.214996
512.625000 93.946030 0.229000 123.324997
512.625000 93.946030 0.229000 123.430000
512.625000 93.946030 0.229000 123.514999
512.625000 93.946030 0.230000 123.625000
512.625000 93.946030 0.230000 123.720001
512.625000 93.946030 0.230000 123.830002
512.625000 93.946030 0.230000 123.930000
512.625000 93.946030 0.230000 124.014999
512.625000 93.946030 0.230000 124.125000
512.625000 93.946030 0.230000 124.230003
512.625000 93.946030 0.230000 124.330002
512.625000 93.946030 0.230000 124.434998
512.625000 93.946030 0.230000 124.525002
512.625000 93.946030 0.241000 124.625000
512.625000 93.946030 0.241000 124.714996
512.625000 93.946030 0.241000 124.824997
512.750000 93.946030 0.241000 124.934998
516.000000 93.946030 0.241000 125.014999
516.000000 93.946030 0.241000 125.129997
516.000000 93.946030 0.241000 125.220001
516.000000 93.946030 0.241000 125.324997
516.000000 93.946030 0.241000 125.415001
516.000000 93.946030 0.241000 125.519997
516.000000 93.946030 0.229000 125.629997
516.000000 93.946030 0.229000 125.714996
516.000000 93.946030 0.229000 125.824997
516.000000 93.946030 0.229000 125.915001
516.000000 93.946030 0.229000 126.029999
516.000000 93.946030 0.229000 126.114998
516.000000 93.946030 0.229000 126.230003
516.000000 93.946030 0.229000 126.315002
516.000000 93.946030 0.229000 126.430000
516.000000 93.946030 0.229000 126.525002
516.000000 93.946030 0.237000 126.635002
516.000000 93.946030 0.237000 126.735001
516.000000 93.946030 0.237000 126.824997
516.000000 93.946030 0.237000 126.930000
516.000000 93.946030 0.237000 127.019997
516.000000 93.946030 0.237000 127.129997
516.000000 93.946030 0.237000 127.214996
516.000000 93.946030 0.237000 127.320000
516.000000 93.946030 0.237000 127.434998
516.000000 93.946030 0.237000 127.525002
516.000000 93.946030 0.228000 127.629997
516.000000 93.946030 0.228000 127.714996
516.000000 93.946030 0.228000 127.820000
516.000000 93.946030 0.228000 127.930000
516.000000 93.946030 0.228000 128.014999
516.000000 93.946030 0.228000 128.130005
516.000000 93.946030 0.228000 128.214996
516.000000 93.946030 0.228000 128.320007
516.000000 93.946030 0.228000 128.429993
516.000000 93.946030 0.228000 128.520004
516.000000 93.946030 0.226000 128.630005
516.000000 93.946030 0.226000 128.735001
516.000000 93.946030 0.226000 128.824997
516.000000 93.946030 0.226000 128.914993
516.000000 93.946030 0.226000 129.020004
516.000000 93.946030 0.226000 129.130005
516.125000 93.946030 0.226000 129.214996
516.125000 93.946030 0.226000 129.330002
516.125000 93.946030 0.226000 129.434998
516.125000 93.946030 0.226000 129.520004
516.125000 93.946030 0.237000 129.630005
516.125000 93.946030 0.237000 129.729996
516.125000 93.946030 0.237000 129.820007
516.125000 93.946030 0.237000 129.925003
516.125000 93.946030 0.237000 130.020004
516.125000 93.946030 0.237000 130.130005
516.125000 93.946030 0.237000 130.235001
516.125000 93.946030 0.237000 130.330002
516.125000 93.946030 0.237000 130.414993
516.125000 93.946030 0.237000 130.529999
516.125000 93.946030 0.233000 130.615005
516.125000 93.946030 0.233000 130.725006
516.125000 93.946030 0.233000 130.830002
516.125000 93.946030 0.233000 130.925003
516.125000 93.946030 0.233000 131.029999
516.125000 93.946030 0.233000 131.119995
516.125000 93.946030 0.233000 131.225006
516.125000 93.946030 0.233000 131.330002
516.125000 93.946030 0.233000 131.410004
516.125000 93.946030 0.233000 131.520004
516.125000 93.946030 0.230000 131.634995
516.125000 93.946030 0.230000 131.729996
516.125000 93.946030 0.230000 131.835007
516.125000 93.946030 0.230000 131.919998
516.125000 93.946030 0.230000 132.035004
516.125000 93.946030 0.230000 132.119995
516.125000 93.946030 0.230000 132.229996
516.125000 93.946030 0.230000 132.335007
516.125000 93.946030 0.230000 132.429993
516.125000 93.946030 0.230000 132.524994
516.125000 93.946030 0.239000 132.630005
516.125000 93.946030 0.239000 132.725006
516.125000 93.946030 0.239000 132.830002
516.125000 93.946030 0.239000 132.929993
516.125000 93.946030 0.239000 133.009995
516.125000 93.946030 0.239000 133.125000
516.125000 93.946030 0.239000 133.235001
516.125000 93.946030 0.239000 133.320007
516.125000 93.946030 0.239000 133.429993
516.125000 93.946030 0.239000 133.524994
516.125000 93.946030 0.240000 133.630005
516.125000 93.946030 0.240000 133.729996
516.125000 93.946030 0.240000 133.820007
516.125000 93.946030 0.240000 133.925003
516.125000 93.946030 0.240000 134.029999
516.125000 93.946030 0.240000 134.125000
516.125000 93.946030 0.240000 134.214996
516.125000 93.946030 0.240000 134.320007
516.125000 93.946030 0.240000 134.425003
516.125000 93.946030 0.240000 134.520004
516.125000 93.946030 0.247000 134.630005
516.125000 93.946030 0.247000 134.714996
516.125000 93.946030 0.247000 134.830002
516.125000 93.946030 0.247000 134.919998
516.125000 93.946030 0.247000 135.020004
516.125000 93.946030 0.247000 135.134995
516.125000 93.946030 0.247000 135.229996
516.125000 93.946030 0.247000 135.330002
516.125000 93.946030 0.247000 135.434998
516.125000 93.946030 0.247000 135.520004
516.125000 93.946030 0.225000 135.625000
516.125000 93.946030 0.225000 135.725006
516.125000 93.946030 0.225000 135.820007
516.125000 93.946030 0.225000 135.925003
516.125000 93.946030 0.225000 136.014999
516.125000 93.946030 0.225000 136.125000
516.125000 93.946030 0.225000 136.214996
516.125000 93.946030 0.225000 136.339996
516.125000 93.946030 0.225000 136.429993
516.125000 93.946030 0.225000 136.529999
516.125000 93.946030 0.220000 136.619995
516.125000 93.946030 0.220000 136.729996
516.125000 93.946030 0.220000 136.815002
516.125000 93.946030 0.220000 136.929993
516.125000 93.946030 0.220000 137.014999
516.125000 93.946030 0.220000 137.119995
516.125000 93.946030 0.220000 137.225006
516.125000 93.946030 0.220000 137.315002
516.125000 93.946030 0.220000 137.425003
516.125000 93.946030 0.220000 137.509995
516.125000 93.946030 0.241000 137.619995
516.125000 93.946030 0.241000 137.725006
516.125000 93.946030 0.241000 137.820007
516.125000 93.946030 0.241000 137.929993
516.125000 93.946030 0.241000 138.009995
516.125000 93.946030 0.241000 138.119995
516.125000 93.946030 0.241000 138.229996
516.125000 93.946030 0.241000 138.320007
516.125000 93.946030 0.241000 138.425003
516.125000 93.946030 0.241000 138.514999
516.125000 93.946030 0.227000 138.619995
516.125000 93.946030 0.227000 138.729996
516.125000 93.946030 0.227000 138.815002
516.125000 93.946030 0.227000 138.929993
516.125000 93.946030 0.227000 139.035004
516.125000 93.946030 0.227000 139.115005
516.125000 93.946030 0.227000 139.220001
516.125000 93.946030 0.227000 139.324997
516.125000 93.946030 0.227000 139.410004
516.125000 93.946030 0.227000 139.520004
516.125000 93.946030 0.223000 139.630005
516.125000 93.946030 0.223000 139.720001
516.125000 93.946030 0.223000 139.830002
516.125000 93.946030 0.223000 139.934998
516.125000 93.946030 0.223000 140.024994
516.125000 93.946030 0.223000 140.130005
516.125000 93.946030 0.223000 140.214996
516.125000 93.946030 0.223000 140.330002
516.125000 93.946030 0.223000 140.419998
516.125000 93.946030 0.223000 140.529999
516.125000 93.946030 0.247000 140.615005
516.125000 93.946030 0.247000 140.729996
516.125000 93.946030 0.247000 140.820007
516.125000 93.946030 0.247000 140.925003
516.125000 93.946030 0.247000 141.020004
516.125000 93.946030 0.247000 141.119995
516.125000 93.946030 0.247000 141.235001
516.125000 93.946030 0.247000 141.320007
516.125000 93.946030 0.247000 141.425003
516.125000 93.946030 0.247000 141.535004
516.125000 93.946030 0.232000 141.619995
516.125000 93.946030 0.232000 141.735001
516.125000 93.946030 0.232000 141.820007
516.125000 93.946030 0.232000 141.929993
516.125000 93.946030 0.232000 142.014999
516.125000 93.946030 0.232000 142.134995
516.125000 93.946030 0.232000 142.225006
516.125000 93.946030 0.232000 142.330002
516.125000 93.946030 0.232000 142.414993
516.125000 93.946030 0.232000 142.529999
516.125000 93.946030 0.234000 142.615005
516.125000 93.946030 0.234000 142.729996
516.125000 93.946030 0.234000 142.835007
516.250000 93.946030 0.234000 142.929993
516.250000 93.946030 0.234000 143.020004
516.250000 93.946030 0.234000 143.130005
516.250000 93.946030 0.234000 143.210007
516.250000 93.946030 0.234000 143.324997
516.250000 93.946030 0.234000 143.429993
516.250000 93.946030 0.234000 143.535004
516.250000 93.946030 0.235000 143.619995
516.250000 93.946030 0.235000 143.725006
516.375000 93.946030 0.235000 143.830002
516.375000 93.946030 0.235000 143.914993
516.375000 93.946030 0.235000 144.029999
516.375000 93.946030 0.235000 144.115005
516.375000 93.946030 0.235000 144.220001
516.375000 93.946030 0.235000 144.330002
516.375000 93.946030 0.235000 144.429993
516.375000 93.946030 0.235000 144.535004
516.375000 93.946030 0.239000 144.619995
516.375000 93.946030 0.239000 144.725006
516.375000 93.946030 0.239000 144.815002
516.375000 93.946030 0.239000 144.925003
516.375000 93.946030 0.239000 145.009995
516.375000 93.946030 0.239000 145.119995
516.375000 93.946030 0.239000 145.229996
516.375000 93.946030 0.239000 145.320007
516.375000 93.946030 0.239000 145.429993
516.375000 93.946030 0.239000 145.520004
516.375000 93.946030 0.230000 145.630005
516.375000 93.946030 0.230000 145.714996
516.375000 93.946030 0.230000 145.830002
516.375000 93.946030 0.230000 145.929993
516.375000 93.946030 0.230000 146.014999
516.375000 93.946030 0.230000 146.125000
516.375000 93.946030 0.230000 146.229996
516.375000 93.946030 0.230000 146.320007
516.375000 93.946030 0.230000 146.429993
516.375000 93.946030 0.230000 146.514999
516.375000 93.946030 0.232000 146.630005
516.375000 93.946030 0.232000 146.714996
516.375000 93.946030 0.232000 146.830002
516.375000 93.946030 0.232000 146.934998
516.375000 93.946030 0.232000 147.020004
516.375000 93.946030 0.232000 147.134995
516.375000 93.946030 0.232000 147.225006
516.375000 93.946030 0.232000 147.324997
516.375000 93.946030 0.232000 147.425003
516.375000 93.946030 0.232000 147.509995
516.375000 93.946030 0.233000 147.619995
516.375000 93.946030 0.233000 147.729996
516.375000 93.946030 0.233000 147.815002
516.375000 93.946030 0.233000 147.919998
516.375000 93.946030 0.233000 148.024994
516.375000 93.946030 0.233000 148.115005
516.375000 93.946030 0.233000 148.229996
516.375000 93.946030 0.233000 148.315002
516.375000 93.946030 0.233000 148.429993
516.500000 93.946030 0.233000 148.535004
516.500000 93.946030 0.233000 148.630005
516.500000 93.946030 0.233000 148.720001
516.500000 93.946030 0.233000 148.830002
516.500000 93.946030 0.233000 148.914993
516.500000 93.946030 0.233000 149.029999
516.500000 93.946030 0.233000 149.130005
516.500000 93.946030 0.233000 149.220001
516.500000 93.946030 0.233000 149.324997
516.500000 93.946030 0.233000 149.410004
516.500000 93.946030 0.233000 149.520004
516.500000 93.946030 0.241000 149.625000
516.500000 93.946030 0.241000 149.735001
516.500000 93.946030 0.241000 149.820007
516.500000 93.946030 0.241000 149.929993
516.500000 93.946030 0.241000 150.014999
516.500000 93.946030 0.241000 150.119995
516.500000 93.946030 0.241000 150.229996
516.625000 93.946030 0.241000 150.315002
516.625000 93.946030 0.241000 150.425003
516.625000 93.946030 0.241000 150.529999
516.625000 93.946030 0.233000 150.625000
516.625000 93.946030 0.233000 150.720001
516.625000 93.946030 0.233000 150.815002
516.625000 93.946030 0.233000 150.919998
516.625000 93.946030 0.233000 151.024994
516.750000 93.946030 0.233000 151.125000
516.750000 93.946030 0.233000 151.229996
516.750000 93.946030 0.233000 151.315002
516.750000 93.946030 0.233000 151.425003
516.750000 93.946030 0.233000 151.529999
516.750000 93.946030 0.243000 151.619995
516.750000 93.946030 0.243000 151.725006
516.750000 93.946030 0.243000 151.820007
516.875000 93.946030 0.243000 151.934998
516.875000 93.946030 0.243000 152.024994
516.875000 93.946030 0.243000 152.130005
517.000000 93.946030 0.243000 152.225006
517.000000 93.946030 0.243000 152.324997
517.125000 93.946030 0.243000 152.425003
517.125000 93.946030 0.243000 152.529999
517.125000 93.946030 0.238000 152.615005
517.250000 93.946030 0.238000 152.735001
517.375000 93.946030 0.238000 152.824997
517.375000 93.946030 0.238000 152.925003
517.500000 93.946030 0.238000 153.029999
517.500000 93.946030 0.238000 153.119995
517.500000 93.946030 0.238000 153.225006
517.500000 93.946030 0.238000 153.315002
517.500000 93.946030 0.238000 153.419998
517.500000 93.946030 0.238000 153.529999
517.500000 93.946030 0.232000 153.625000
517.500000 93.946030 0.232000 153.729996
517.500000 93.946030 0.232000 153.820007
517.625000 93.946030 0.232000 153.925003
517.625000 93.946030 0.232000 154.024994
517.625000 93.946030 0.232000 154.115005
517.625000 93.946030 0.232000 154.225006
517.625000 93.946030 0.232000 154.315002
517.625000 93.946030 0.232000 154.429993
517.625000 93.946030 0.232000 154.520004
517.750000 93.946030 0.248000 154.630005
517.750000 93.946030 0.248000 154.710007
517.750000 93.946030 0.248000 154.824997
517.750000 93.946030 0.248000 154.925003
517.750000 93.946030 0.248000 155.009995
517.750000 93.946030 0.248000 155.119995
517.750000 93.946030 0.248000 155.229996
517.750000 93.946030 0.248000 155.315002
517.750000 93.946030 0.248000 155.425003
517.750000 93.946030 0.248000 155.520004
517.750000 93.946030 0.232000 155.630005
517.750000 93.946030 0.232000 155.725006
517.750000 93.946030 0.232000 155.824997
517.750000 93.946030 0.232000 155.914993
517.750000 93.946030 0.232000 156.029999
517.750000 93.946030 0.232000 156.115005
517.750000 93.946030 0.232000 156.229996
517.750000 93.946030 0.232000 156.315002
517.750000 93.946030 0.232000 156.429993
517.875000 93.946030 0.232000 156.514999
517.875000 93.946030 0.231000 156.625000
518.250000 93.946030 0.231000 156.729996
527.750000 93.946030 0.231000 156.824997
527.750000 93.946030 0.231000 156.919998
527.875000 93.946030 0.231000 157.024994
527.875000 93.946030 0.231000 157.115005
527.875000 93.946030 0.231000 157.220001
527.875000 93.946030 0.231000 157.330002
527.875000 93.946030 0.231000 157.429993
527.875000 93.946030 0.231000 157.529999
527.875000 93.946030 0.264000 157.615005
527.875000 93.946030 0.264000 157.725006
527.875000 93.946030 0.264000 157.824997
527.875000 93.946030 0.264000 157.910004
527.875000 93.946030 0.264000 158.029999
527.875000 93.946030 0.264000 158.115005
527.875000 93.946030 0.264000 158.229996
527.875000 93.946030 0.264000 158.324997
527.875000 93.946030 0.264000 158.434998
527.875000 93.946030 0.264000 158.524994
527.875000 93.946030 0.234000 158.630005
527.875000 93.946030 0.234000 158.729996
527.875000 93.946030 0.234000 158.824997
527.875000 93.946030 0.234000 158.914993
527.875000 93.946030 0.234000 159.020004
527.875000 93.946030 0.234000 159.134995
527.875000 93.946030 0.234000 159.220001
527.875000 93.946030 0.234000 159.330002
527.875000 93.946030 0.234000 159.419998
527.875000 93.946030 0.234000 159.529999
527.875000 93.946030 0.238000 159.619995
527.875000 93.946030 0.238000 159.729996
527.875000 93.946030 0.238000 159.824997
527.875000 93.946030 0.238000 159.929993
527.875000 93.946030 0.238000 160.020004
527.875000 93.946030 0.238000 160.130005
527.875000 93.946030 0.238000 160.235001
527.875000 93.946030 0.238000 160.320007
527.875000 93.946030 0.238000 160.429993
527.875000 93.946030 0.238000 160.529999
527.875000 93.946030 0.223000 160.630005
527.875000 93.946030 0.223000 160.735001
527.875000 93.946030 0.223000 160.824997
527.875000 93.946030 0.223000 160.929993
527.875000 93.946030 0.223000 161.020004
527.875000 93.946030 0.223000 161.130005
527.875000 93.946030 0.223000 161.214996
527.875000 93.946030 0.223000 161.324997
527.875000 93.946030 0.223000 161.434998
527.875000 93.946030 0.223000 161.520004
527.875000 93.946030 0.241000 161.630005
527.875000 93.946030 0.241000 161.735001
527.875000 93.946030 0.241000 161.824997
527.875000 93.946030 0.241000 161.929993
527.875000 93.946030 0.241000 162.020004
527.875000 93.946030 0.241000 162.134995
527.875000 93.946030 0.241000 162.220001
527.875000 93.946030 0.241000 162.330002
527.875000 93.946030 0.241000 162.414993
527.875000 93.946030 0.241000 162.520004
527.875000 93.946030 0.233000 162.630005
527.875000 93.946030 0.233000 162.714996
527.875000 93.946030 0.233000 162.820007
527.875000 93.946030 0.233000 162.925003
527.875000 93.946030 0.233000 163.009995
527.875000 93.946030 0.233000 163.130005
527.875000 93.946030 0.233000 163.220001
527.875000 93.946030 0.233000 163.330002
527.875000 93.946030 0.233000 163.419998
527.875000 93.946030 0.233000 163.529999
527.875000 93.946030 0.233000 163.619995
527.875000 93.946030 0.233000 163.729996
527.875000 93.946030 0.233000 163.815002
527.875000 93.946030 0.233000 163.925003
527.875000 93.946030 0.233000 164.029999
527.875000 93.946030 0.233000 164.115005
527.875000 93.946030 0.233000 164.220001
527.875000 93.946030 0.233000 164.330002
527.875000 93.946030 0.233000 164.414993
527.875000 93.946030 0.233000 164.529999
527.875000 93.946030 0.231000 164.619995
527.875000 93.946030 0.231000 164.729996
527.875000 93.946030 0.231000 164.815002
527.875000 93.946030 0.231000 164.929993
527.875000 93.946030 0.231000 165.029999
527.875000 93.946030 0.231000 165.119995
527.875000 93.946030 0.231000 165.229996
527.875000 93.946030 0.231000 165.315002
527.875000 93.946030 0.231000 165.429993
527.875000 93.946030 0.231000 165.529999
527.875000 93.946030 0.237000 165.630005
527.875000 93.946030 0.237000 165.725006
527.875000 93.946030 0.237000 165.835007
527.875000 93.946030 0.237000 165.919998
527.875000 93.946030 0.237000 166.029999
527.875000 93.946030 0.237000 166.115005
527.875000 93.946030 0.237000 166.229996
527.875000 93.946030 0.237000 166.320007
527.875000 93.946030 0.237000 166.429993
527.875000 93.946030 0.237000 166.520004
527.875000 93.946030 0.229000 166.630005
527.875000 93.946030 0.229000 166.714996
527.875000 93.946030 0.229000 166.820007
527.875000 93.946030 0.229000 166.929993
527.875000 93.946030 0.229000 167.029999
527.875000 93.946030 0.229000 167.130005
527.875000 93.946030 0.229000 167.220001
527.875000 93.946030 0.229000 167.330002
527.875000 93.946030 0.229000 167.419998
527.875000 93.946030 0.229000 167.529999
527.875000 93.946030 0.232000 167.619995
527.875000 93.946030 0.232000 167.720001
527.875000 93.946030 0.232000 167.824997
527.875000 93.946030 0.232000 167.934998
527.875000 93.946030 0.232000 168.014999
527.875000 93.946030 0.232000 168.134995
527.875000 93.946030 0.232000 168.220001
527.875000 93.946030 0.232000 168.330002
527.875000 93.946030 0.232000 168.414993
527.875000 93.946030 0.232000 168.529999
527.875000 93.946030 0.231000 168.630005
527.875000 93.946030 0.231000 168.729996
527.875000 93.946030 0.231000 168.820007
527.875000 93.946030 0.231000 168.925003
527.875000 93.946030 0.231000 169.024994
527.875000 93.946030 0.231000 169.119995
527.875000 93.946030 0.231000 169.229996
527.875000 93.946030 0.231000 169.315002
527.875000 93.946030 0.231000 169.425003
527.875000 93.946030 0.231000 169.535004
527.875000 93.946030 0.239000 169.639999
527.875000 93.946030 0.239000 169.729996
527.875000 93.946030 0.239000 169.820007
527.875000 93.946030 0.239000 169.929993
527.875000 93.946030 0.239000 170.020004
527.875000 93.946030 0.239000 170.130005
527.875000 93.946030 0.239000 170.214996
527.875000 93.946030 0.239000 170.320007
527.875000 93.946030 0.239000 170.434998
527.875000 93.946030 0.239000 170.514999
527.875000 93.946030 0.227000 170.625000
527.875000 93.946030 0.227000 170.735001
527.875000 93.946030 0.227000 170.820007
527.875000 93.946030 0.227000 170.929993
527.875000 93.946030 0.227000 171.020004
527.875000 93.946030 0.227000 171.134995
527.875000 93.946030 0.227000 171.220001
527.875000 93.946030 0.227000 171.324997
527.875000 93.946030 0.227000 171.434998
527.875000 93.946030 0.227000 171.529999
527.875000 93.946030 0.267000 171.625000
527.875000 93.946030 0.267000 171.720001
527.875000 93.946030 0.267000 171.809998
527.875000 93.946030 0.267000 171.919998
527.875000 93.946030 0.267000 172.029999
527.875000 93.946030 0.267000 172.125000
527.875000 93.946030 0.267000 172.229996
527.875000 93.946030 0.267000 172.330002
527.875000 93.946030 0.267000 172.419998
527.875000 93.946030 0.267000 172.524994
527.875000 93.946030 0.232000 172.615005
527.875000 93.946030 0.232000 172.725006
527.875000 93.946030 0.232000 172.820007
527.875000 93.946030 0.232000 172.929993
527.875000 93.946030 0.232000 173.020004
527.875000 93.946030 0.232000 173.130005
527.875000 93.946030 0.232000 173.214996
527.875000 93.946030 0.232000 173.320007
527.875000 93.946030 0.232000 173.429993
527.875000 93.946030 0.232000 173.514999
527.875000 93.946030 0.235000 173.625000
527.875000 93.946030 0.235000 173.725006
527.875000 93.946030 0.235000 173.824997
527.875000 93.946030 0.235000 173.914993
527.875000 93.946030 0.235000 174.020004
527.875000 93.946030 0.235000 174.115005
527.875000 93.946030 0.235000 174.214996
527.875000 93.946030 0.235000 174.320007
527.875000 93.946030 0.235000 174.429993
527.875000 93.946030 0.235000 174.535004
527.875000 93.946030 0.247000 174.619995
527.875000 93.946030 0.247000 174.725006
527.875000 93.946030 0.247000 174.824997
527.875000 93.946030 0.247000 174.919998
527.875000 93.946030 0.247000 175.029999
527.875000 93.946030 0.247000 175.115005
527.875000 93.946030 0.247000 175.229996
527.875000 93.946030 0.247000 175.335007
527.875000 93.946030 0.247000 175.429993
527.875000 93.946030 0.247000 175.520004
527.875000 93.946030 0.247000 175.630005
527.875000 93.946030 0.247000 175.720001
527.875000 93.946030 0.247000 175.832001
527.875000 93.946030 0.247000 175.914993
527.875000 93.946030 0.247000 176.020004
527.875000 93.946030 0.247000 176.130005
527.875000 93.946030 0.247000 176.220001
527.875000 93.946030 0.247000 176.324997
527.875000 93.946030 0.247000 176.429993
527.875000 93.946030 0.247000 176.520004
528.000000 93.946030 0.247000 176.634995
528.125000 93.946030 0.247000 176.729996
528.125000 93.946030 0.247000 176.820007
528.125000 93.946030 0.247000 176.934998
528.125000 93.946030 0.247000 177.029999
528.125000 93.946030 0.247000 177.134995
528.125000 93.946030 0.247000 177.220001
528.125000 93.946030 0.247000 177.320007
528.125000 93.946030 0.247000 177.419998
528.125000 93.946030 0.247000 177.524994
528.125000 93.946030 0.247000 177.615005
528.125000 93.946030 0.247000 177.725006
528.125000 93.946030 0.247000 177.830002
528.125000 93.946030 0.247000 177.914993
528.125000 93.946030 0.247000 178.029999
528.125000 93.946030 0.247000 178.115005
528.125000 93.946030 0.247000 178.229996
528.125000 93.946030 0.247000 178.320007
528.125000 93.946030 0.247000 178.429993
528.125000 93.946030 0.247000 178.520004
528.125000 93.946030 0.247000 178.630005
528.125000 93.946030 0.247000 178.720001
528.125000 93.946030 0.247000 178.824997
528.125000 93.946030 0.247000 178.919998
528.125000 93.946030 0.247000 179.029999
528.125000 93.946030 0.247000 179.115005
528.125000 93.946030 0.247000 179.229996
528.125000 93.946030 0.247000 179.315002
528.125000 93.946030 0.247000 179.429993
528.125000 93.946030 0.247000 179.520004
528.125000 93.946030 0.247000 179.630005
528.125000 93.946030 0.247000 179.720001
528.125000 93.946030 0.247000 179.824997
528.125000 93.946030 0.247000 179.929993
528.125000 93.946030 0.247000 180.014999
528.125000 93.946030 0.247000 180.119995
528.125000 93.946030 0.247000 180.214996
528.125000 93.946030 0.247000 180.335007
528.125000 93.946030 0.247000 180.419998
528.125000 93.946030 0.247000 180.529999
528.125000 93.946030 0.247000 180.619995
528.125000 93.946030 0.247000 180.729996
528.125000 93.946030 0.247000 180.820007
528.125000 93.946030 0.247000 180.929993
528.125000 93.946030 0.247000 181.024994
528.125000 93.946030 0.247000 181.119995
528.125000 93.946030 0.247000 181.229996
528.125000 93.946030 0.247000 181.315002
528.125000 93.946030 0.247000 181.419998
528.125000 93.946030 0.247000 181.529999
528.125000 93.946030 0.247000 181.625000
528.125000 93.946030 0.247000 181.714996
528.125000 93.946030 0.247000 181.830002
528.250000 93.946030 0.247000 181.925003
528.250000 93.946030 0.247000 182.029999
