93.500000 0.000000 0.221000 0.075000
111.125000 0.000000 0.221000 0.175000
120.000000 0.000000 0.235000 0.275000
125.750000 0.217419 0.235000 0.380000
132.875000 0.217419 0.235000 0.475000
137.750000 0.438254 0.235000 0.575000
143.250000 0.438254 0.235000 0.670000
148.375000 0.644351 0.235000 0.780000
151.750000 0.869988 0.235000 0.870000
155.625000 0.869988 0.235000 0.975000
159.875000 1.084476 0.235000 1.075000
164.250000 1.300246 0.235000 1.170000
167.500000 1.300246 0.255000 1.270000
172.500000 1.524395 0.255000 1.380000
178.125000 1.762175 0.255000 1.475000
183.000000 1.762175 0.255000 1.570000
186.250000 1.985353 0.255000 1.675000
190.875000 2.215859 0.255000 1.770000
196.750000 2.419954 0.255000 1.875000
201.875000 2.419954 0.255000 1.975000
207.000000 2.638170 0.255000 2.070000
212.375000 2.839800 0.255000 2.175000
217.500000 3.082965 0.278000 2.280000
221.375000 3.287802 0.278000 2.375000
225.125000 3.287802 0.278000 2.480000
229.500000 3.488367 0.278000 2.575000
233.000000 3.711359 0.278000 2.670000
235.750000 3.711359 0.278000 2.775000
238.375000 3.941998 0.278000 2.865000
239.625000 4.172711 0.278000 2.970000
242.500000 4.172711 0.278000 3.065000
243.875000 4.380314 0.243000 3.165000
245.125000 4.586433 0.243000 3.270000
246.625000 4.788710 0.243000 3.365000
248.125000 4.788710 0.243000 3.465000
249.375000 4.993856 0.243000 3.565000
252.125000 5.204071 0.243000 3.675000
253.375000 5.204071 0.243000 3.760000
255.125000 5.406464 0.243000 3.870000
256.750000 5.632159 0.243000 3.970000
257.875000 5.632159 0.243000 4.065000
259.375000 5.838655 0.196000 4.175000
260.250000 6.038971 0.196000 4.265000
261.750000 6.248353 0.196000 4.365000
263.250000 6.248353 0.196000 4.460000
263.875000 6.477509 0.196000 4.565000
264.625000 6.705705 0.196000 4.675000
266.375000 6.705705 0.196000 4.770000
267.875000 6.910741 0.196000 4.865000
269.000000 7.115056 0.196000 4.955000
269.750000 7.115056 0.196000 5.070000
270.625000 7.340965 0.191000 5.175000
271.125000 7.559620 0.191000 5.260000
271.375000 7.559620 0.191000 5.370000
272.000000 7.779228 0.191000 5.475000
273.250000 8.001071 0.191000 5.560000
274.125000 8.201697 0.191000 5.675000
274.875000 8.201697 0.191000 5.770000
276.250000 8.406282 0.191000 5.865000
276.750000 8.611689 0.191000 5.960000
278.000000 8.611689 0.191000 6.075000
278.875000 8.839982 0.191000 6.170000
279.875000 9.050461 0.248000 6.265000
280.625000 9.050461 0.248000 6.365000
281.000000 9.253779 0.248000 6.470000
282.000000 9.456510 0.248000 6.560000
283.250000 9.666433 0.248000 6.665000
283.500000 9.666433 0.248000 6.770000
284.625000 9.882489 0.248000 6.860000
285.375000 10.104138 0.248000 6.960000
286.250000 10.104138 0.248000 7.060000
286.625000 10.310035 0.248000 7.175000
286.875000 10.547134 0.252000 7.270000
287.250000 10.747929 0.252000 7.375000
287.875000 10.747929 0.252000 7.465000
288.375000 10.954786 0.252000 7.570000
289.125000 11.154923 0.252000 7.660000
290.500000 11.154923 0.252000 7.760000
291.125000 11.378752 0.252000 7.865000
291.500000 11.594395 0.252000 7.965000
292.125000 11.594395 0.252000 8.075000
293.625000 11.816647 0.252000 8.160000
294.625000 12.038296 0.246000 8.265000
295.125000 12.038296 0.246000 8.375000
295.875000 12.257006 0.246000 8.460000
296.375000 12.475595 0.246000 8.570000
297.125000 12.475595 0.246000 8.655000
297.875000 12.681010 0.246000 8.770000
298.625000 12.903706 0.246000 8.855000
298.875000 12.903706 0.246000 8.965000
299.500000 13.105947 0.246000 9.070000
299.750000 13.308102 0.246000 9.160000
300.750000 13.534029 0.247000 9.275000
301.375000 13.534029 0.247000 9.370000
302.250000 13.745054 0.247000 9.460000
303.250000 13.970220 0.247000 9.570000
303.875000 13.970220 0.247000 9.660000
304.250000 14.171709 0.247000 9.775000
305.375000 14.372914 0.247000 9.870000
306.375000 14.574595 0.247000 9.950000
307.250000 14.574595 0.247000 10.060000
308.250000 14.776691 0.247000 10.170000
308.500000 15.002385 0.279000 10.255000
308.625000 15.002385 0.279000 10.360000
309.625000 15.208523 0.279000 10.470000
309.750000 15.416152 0.279000 10.565000
310.000000 15.630145 0.279000 10.670000
310.125000 15.630145 0.279000 10.760000
310.625000 15.835155 0.279000 10.865000
310.625000 16.040005 0.279000 10.965000
310.750000 16.244881 0.279000 11.070000
311.000000 16.244881 0.279000 11.165000
311.625000 16.450626 0.261000 11.265000
311.750000 16.654432 0.261000 11.360000
312.250000 16.860851 0.261000 11.460000
313.000000 16.860851 0.261000 11.565000
313.500000 17.064587 0.261000 11.665000
314.250000 17.270327 0.261000 11.770000
315.500000 17.270327 0.261000 11.860000
316.875000 17.470575 0.261000 11.975000
318.125000 17.672647 0.261000 12.055000
319.250000 17.876322 0.261000 12.165000
322.250000 17.876322 0.261000 12.275000
325.625000 18.107790 0.261000 12.360000
328.875000 18.107790 0.261000 12.470000
332.625000 18.321043 0.261000 12.565000
336.000000 18.521358 0.261000 12.670000
338.375000 18.521358 0.261000 12.760000
340.875000 18.727909 0.261000 12.875000
342.750000 18.933062 0.261000 12.965000
344.000000 19.136463 0.261000 13.060000
345.750000 19.136463 0.261000 13.165000
346.500000 19.339602 0.230000 13.275000
347.625000 19.556870 0.230000 13.360000
348.625000 19.556870 0.230000 13.470000
349.375000 19.778608 0.230000 13.555000
350.875000 19.985470 0.230000 13.665000
352.250000 19.985470 0.230000 13.760000
352.875000 20.186886 0.230000 13.875000
353.500000 20.389875 0.230000 13.960000
354.250000 20.609041 0.230000 14.070000
355.125000 20.609041 0.230000 14.175000
355.500000 20.814245 0.205000 14.265000
357.625000 21.023804 0.205000 14.370000
359.250000 21.229420 0.205000 14.475000
360.375000 21.431702 0.205000 14.565000
362.125000 21.632839 0.205000 14.670000
363.625000 21.838205 0.205000 14.755000
365.500000 22.045761 0.205000 14.870000
365.875000 22.045761 0.205000 14.960000
366.875000 22.455740 0.205000 15.070000
367.750000 22.455740 0.205000 15.155000
368.750000 22.874880 0.227000 15.275000
369.000000 22.874880 0.227000 15.360000
369.500000 23.074987 0.227000 15.470000
369.500000 23.304691 0.227000 15.555000
369.750000 23.524431 0.227000 15.660000
370.000000 23.764202 0.227000 15.765000
370.250000 24.004034 0.227000 15.860000
370.875000 24.213902 0.227000 15.970000
371.000000 24.423717 0.227000 16.055000
371.500000 24.631636 0.173000 16.165001
371.500000 24.834841 0.173000 16.270000
372.000000 24.834841 0.173000 16.360001
372.375000 25.245367 0.173000 16.475000
372.500000 25.245367 0.173000 16.555000
372.750000 25.454002 0.173000 16.670000
373.000000 25.693127 0.173000 16.760000
373.375000 25.932585 0.173000 16.875000
374.250000 26.172209 0.173000 16.955000
374.750000 26.382078 0.173000 17.059999
376.250000 26.590090 0.184000 17.170000
378.875000 26.792763 0.184000 17.254999
382.875000 26.996052 0.184000 17.375000
386.375000 27.201914 0.184000 17.459999
390.125000 27.409672 0.184000 17.570000
393.125000 27.409672 0.184000 17.655001
395.500000 27.618521 0.184000 17.764999
397.875000 27.828396 0.184000 17.879999
398.750000 28.067472 0.184000 17.965000
399.625000 28.306068 0.184000 18.080000
400.375000 28.507267 0.184000 18.174999
400.625000 28.735359 0.212000 18.280001
401.750000 28.949291 0.212000 18.365000
402.125000 29.155748 0.212000 18.469999
402.250000 29.373125 0.212000 18.580000
403.000000 29.582706 0.212000 18.674999
403.625000 29.582706 0.212000 18.760000
404.125000 29.792105 0.212000 18.865000
405.000000 30.202007 0.212000 18.980000
405.500000 30.407665 0.212000 19.075001
406.125000 30.407665 0.212000 19.165001
407.000000 30.615589 0.221000 19.275000
408.500000 30.845840 0.221000 19.365000
409.750000 31.076164 0.221000 19.475000
411.500000 31.294136 0.221000 19.559999
414.000000 31.507929 0.221000 19.670000
415.375000 31.714855 0.221000 19.775000
418.750000 31.923248 0.221000 19.860001
421.125000 32.132431 0.221000 19.980000
422.250000 32.341995 0.221000 20.070000
424.875000 32.550327 0.176000 20.180000
425.875000 32.550327 0.176000 20.270000
426.125000 32.756359 0.176000 20.375000
427.500000 32.985649 0.176000 20.459999
427.750000 33.186378 0.176000 20.575001
428.625000 33.387859 0.176000 20.660000
429.875000 33.622482 0.176000 20.775000
430.250000 33.825527 0.176000 20.870001
430.750000 34.027523 0.176000 20.969999
432.000000 34.249866 0.176000 21.070000
432.375000 34.500668 0.169000 21.165001
433.000000 34.709229 0.169000 21.275000
433.625000 34.709229 0.169000 21.370001
433.750000 34.922665 0.169000 21.475000
434.375000 34.922665 0.169000 21.565001
434.375000 35.126026 0.169000 21.674999
434.500000 35.126026 0.169000 21.760000
434.625000 35.126026 0.169000 21.865000
434.750000 35.326801 0.169000 21.975000
434.875000 35.326801 0.169000 22.080000
434.875000 35.326801 0.167000 22.165001
435.250000 35.326801 0.167000 22.280001
435.500000 35.326801 0.167000 22.365000
435.750000 35.326801 0.167000 22.480000
436.125000 35.326801 0.167000 22.565001
436.375000 35.326801 0.167000 22.680000
436.375000 35.326801 0.167000 22.764999
436.500000 35.326801 0.167000 22.875000
436.500000 35.326801 0.167000 22.965000
436.750000 35.326801 0.167000 23.075001
437.000000 35.326801 0.179000 23.180000
437.000000 35.326801 0.179000 23.275000
437.000000 35.326801 0.179000 23.370001
437.000000 35.326801 0.179000 23.465000
437.125000 35.326801 0.179000 23.580000
437.250000 35.326801 0.179000 23.670000
437.250000 35.326801 0.179000 23.764999
437.250000 35.326801 0.179000 23.875000
437.250000 35.326801 0.179000 23.980000
437.625000 35.326801 0.179000 24.070000
437.750000 35.326801 0.153000 24.174999
437.750000 35.326801 0.153000 24.280001
437.750000 35.326801 0.153000 24.365000
438.000000 35.326801 0.153000 24.480000
438.000000 35.326801 0.153000 24.565001
438.250000 35.326801 0.153000 24.680000
438.250000 35.326801 0.153000 24.775000
438.375000 35.326801 0.153000 24.870001
438.375000 35.326801 0.153000 24.975000
438.375000 35.326801 0.153000 25.080000
438.375000 35.326801 0.154000 25.170000
438.500000 35.326801 0.154000 25.275000
438.500000 35.326801 0.154000 25.360001
438.750000 35.326801 0.154000 25.475000
438.750000 35.326801 0.154000 25.559999
438.750000 35.326801 0.154000 25.670000
438.750000 35.326801 0.154000 25.764999
438.875000 35.326801 0.154000 25.879999
438.875000 35.326801 0.154000 25.959999
438.875000 35.326801 0.154000 26.080000
438.875000 35.326801 0.155000 26.170000
438.875000 35.326801 0.155000 26.280001
439.000000 35.326801 0.155000 26.365000
439.000000 35.326801 0.155000 26.469999
439.125000 35.326801 0.155000 26.580000
439.125000 35.326801 0.155000 26.665001
439.125000 35.326801 0.155000 26.775000
439.125000 35.326801 0.155000 26.860001
439.125000 35.326801 0.155000 26.969999
439.125000 35.326801 0.155000 27.080000
439.125000 35.326801 0.147000 27.170000
439.125000 35.326801 0.147000 27.280001
439.250000 35.326801 0.147000 27.365000
439.500000 35.326801 0.147000 27.480000
439.500000 35.326801 0.147000 27.570000
439.625000 35.326801 0.147000 27.674999
439.625000 35.326801 0.147000 27.764999
439.750000 35.326801 0.147000 27.875000
440.125000 35.326801 0.147000 27.959999
440.250000 35.326801 0.147000 28.070000
440.500000 35.326801 0.145000 28.174999
440.750000 35.326801 0.145000 28.260000
441.000000 35.326801 0.145000 28.370001
441.000000 35.326801 0.145000 28.480000
441.250000 35.326801 0.145000 28.565001
441.500000 35.326801 0.145000 28.680000
441.625000 35.326801 0.145000 28.764999
441.625000 35.326801 0.145000 28.875000
441.625000 35.326801 0.145000 28.965000
441.625000 35.326801 0.145000 29.075001
441.875000 35.326801 0.149000 29.160000
442.000000 35.326801 0.149000 29.275000
442.125000 35.326801 0.149000 29.360001
442.250000 35.326801 0.149000 29.480000
442.250000 35.326801 0.149000 29.565001
442.250000 35.326801 0.149000 29.670000
442.250000 35.326801 0.149000 29.775000
442.250000 35.326801 0.149000 29.860001
442.250000 35.326801 0.149000 29.969999
442.250000 35.326801 0.149000 30.080000
442.250000 35.326801 0.150000 30.165001
442.500000 35.326801 0.150000 30.275000
442.500000 35.326801 0.150000 30.379999
442.500000 35.326801 0.150000 30.465000
442.875000 35.326801 0.150000 30.565001
442.875000 35.326801 0.150000 30.680000
442.875000 35.326801 0.150000 30.760000
443.125000 35.326801 0.150000 30.875000
443.125000 35.326801 0.150000 30.975000
443.125000 35.326801 0.150000 31.065001
443.125000 35.326801 0.146000 31.174999
443.125000 35.326801 0.146000 31.280001
443.125000 35.326801 0.146000 31.365000
443.125000 35.326801 0.146000 31.475000
443.125000 35.326801 0.146000 31.580000
443.125000 35.326801 0.146000 31.670000
443.250000 35.326801 0.146000 31.760000
443.250000 35.326801 0.146000 31.870001
443.250000 35.326801 0.146000 31.955000
443.250000 35.326801 0.146000 32.060001
443.250000 35.326801 0.154000 32.165001
443.250000 35.326801 0.154000 32.270000
443.250000 35.326801 0.154000 32.355000
443.250000 35.326801 0.154000 32.470001
443.250000 35.326801 0.154000 32.560001
443.250000 35.326801 0.154000 32.665001
443.250000 35.326801 0.154000 32.770000
443.250000 35.326801 0.154000 32.865002
443.250000 35.326801 0.154000 32.970001
443.250000 35.326801 0.154000 33.060001
443.250000 35.326801 0.148000 33.169998
443.250000 35.326801 0.148000 33.275002
443.250000 35.326801 0.148000 33.365002
443.250000 35.326801 0.148000 33.470001
443.250000 35.326801 0.148000 33.555000
443.250000 35.326801 0.148000 33.665001
443.375000 35.326801 0.148000 33.770000
443.375000 35.326801 0.148000 33.855000
443.375000 35.326801 0.148000 33.959999
443.375000 35.326801 0.148000 34.064999
443.375000 35.326801 0.153000 34.169998
443.375000 35.326801 0.153000 34.264999
443.375000 35.326801 0.153000 34.375000
443.375000 35.326801 0.153000 34.470001
443.500000 35.326801 0.153000 34.560001
443.500000 35.326801 0.153000 34.669998
443.500000 35.326801 0.153000 34.775002
443.500000 35.326801 0.153000 34.865002
443.500000 35.326801 0.153000 34.974998
443.500000 35.326801 0.153000 35.064999
443.500000 35.326801 0.149000 35.169998
443.750000 35.326801 0.149000 35.264999
443.750000 35.326801 0.149000 35.375000
443.750000 35.326801 0.149000 35.459999
443.750000 35.326801 0.149000 35.575001
443.750000 35.326801 0.149000 35.669998
443.750000 35.326801 0.149000 35.770000
443.875000 35.326801 0.149000 35.875000
443.875000 35.326801 0.149000 35.959999
444.000000 35.326801 0.149000 36.070000
444.000000 35.326801 0.145000 36.154999
444.000000 35.326801 0.145000 36.259998
444.000000 35.326801 0.145000 36.375000
444.125000 35.326801 0.145000 36.470001
444.125000 35.326801 0.145000 36.580002
444.500000 35.326801 0.145000 36.674999
444.750000 35.326801 0.145000 36.755001
444.750000 35.326801 0.145000 36.869999
444.750000 35.326801 0.145000 36.974998
444.875000 35.326801 0.145000 37.060001
444.875000 35.326801 0.156000 37.160000
444.875000 35.326801 0.156000 37.270000
444.875000 35.326801 0.156000 37.365002
445.000000 35.326801 0.156000 37.459999
445.000000 35.326801 0.156000 37.560001
445.000000 35.326801 0.156000 37.674999
445.000000 35.326801 0.156000 37.759998
445.000000 35.326801 0.156000 37.869999
445.000000 35.326801 0.156000 37.959999
445.000000 35.326801 0.156000 38.064999
445.000000 35.326801 0.149000 38.169998
445.000000 35.326801 0.149000 38.275002
445.000000 35.326801 0.149000 38.365002
445.000000 35.326801 0.149000 38.470001
445.000000 35.326801 0.149000 38.580002
445.000000 35.326801 0.149000 38.665001
445.000000 35.326801 0.149000 38.770000
445.000000 35.326801 0.149000 38.860001
445.125000 35.326801 0.149000 38.974998
445.125000 35.326801 0.149000 39.060001
445.250000 35.326801 0.168000 39.169998
445.250000 35.326801 0.168000 39.259998
445.250000 35.326801 0.168000 39.369999
445.250000 35.326801 0.168000 39.459999
445.250000 35.326801 0.168000 39.575001
445.250000 35.326801 0.168000 39.665001
445.250000 35.326801 0.168000 39.775002
445.250000 35.326801 0.168000 39.869999
445.250000 35.326801 0.168000 39.965000
445.250000 35.326801 0.168000 40.070000
445.250000 35.326801 0.152000 40.165001
445.250000 35.326801 0.152000 40.255001
445.250000 35.326801 0.152000 40.360001
445.250000 35.326801 0.152000 40.465000
445.375000 35.326801 0.152000 40.555000
445.375000 35.326801 0.152000 40.665001
445.375000 35.326801 0.152000 40.770000
445.375000 35.326801 0.152000 40.875000
445.375000 35.326801 0.152000 40.970001
445.375000 35.326801 0.152000 41.060001
445.375000 35.326801 0.149000 41.165001
445.375000 35.326801 0.149000 41.259998
445.375000 35.326801 0.149000 41.375000
445.375000 35.326801 0.149000 41.470001
445.375000 35.326801 0.149000 41.575001
445.375000 35.326801 0.149000 41.660000
445.500000 35.326801 0.149000 41.770000
445.500000 35.326801 0.149000 41.880001
445.500000 35.326801 0.149000 41.974998
445.500000 35.326801 0.149000 42.070000
445.500000 35.326801 0.159000 42.174999
445.500000 35.326801 0.159000 42.264999
445.500000 35.326801 0.159000 42.375000
445.500000 35.326801 0.159000 42.470001
445.500000 35.326801 0.159000 42.575001
445.500000 35.326801 0.159000 42.660000
445.500000 35.326801 0.159000 42.770000
445.500000 35.326801 0.159000 42.860001
445.500000 35.326801 0.159000 42.970001
445.500000 35.326801 0.159000 43.070000
445.500000 35.326801 0.151000 43.169998
445.500000 35.326801 0.151000 43.259998
445.500000 35.326801 0.151000 43.375000
445.500000 35.326801 0.151000 43.465000
445.500000 35.326801 0.151000 43.570000
445.500000 35.326801 0.151000 43.660000
445.500000 35.326801 0.151000 43.770000
445.500000 35.326801 0.151000 43.860001
445.500000 35.326801 0.151000 43.974998
445.625000 35.326801 0.151000 44.060001
445.625000 35.326801 0.146000 44.165001
445.625000 35.326801 0.146000 44.255001
445.625000 35.326801 0.146000 44.360001
445.625000 35.326801 0.146000 44.474998
445.625000 35.326801 0.146000 44.564999
445.625000 35.326801 0.146000 44.674999
445.625000 35.326801 0.146000 44.770000
445.625000 35.326801 0.146000 44.860001
445.625000 35.326801 0.146000 44.959999
445.625000 35.326801 0.146000 45.060001
445.750000 35.326801 0.153000 45.154999
445.750000 35.326801 0.153000 45.259998
445.750000 35.326801 0.153000 45.369999
445.750000 35.326801 0.153000 45.465000
445.875000 35.326801 0.153000 45.575001
445.875000 35.326801 0.153000 45.654999
445.875000 35.326801 0.153000 45.759998
445.875000 35.326801 0.153000 45.865002
446.000000 35.326801 0.153000 45.974998
446.000000 35.326801 0.153000 46.060001
446.000000 35.326801 0.156000 46.169998
446.125000 35.326801 0.156000 46.259998
446.125000 35.326801 0.156000 46.365002
446.125000 35.326801 0.156000 46.470001
446.125000 35.326801 0.156000 46.575001
446.125000 35.326801 0.156000 46.660000
446.125000 35.326801 0.156000 46.764999
446.125000 35.326801 0.156000 46.855000
446.125000 35.326801 0.156000 46.970001
446.125000 35.326801 0.156000 47.060001
446.125000 35.326801 0.148000 47.169998
446.125000 35.326801 0.148000 47.275002
446.125000 35.326801 0.148000 47.375000
446.125000 35.326801 0.148000 47.465000
446.125000 35.326801 0.148000 47.560001
446.125000 35.326801 0.148000 47.674999
446.125000 35.326801 0.148000 47.759998
446.125000 35.326801 0.148000 47.865002
446.125000 35.326801 0.148000 47.970001
446.125000 35.326801 0.148000 48.060001
446.125000 35.326801 0.151000 48.165001
446.125000 35.326801 0.151000 48.259998
446.125000 35.326801 0.151000 48.375000
446.125000 35.326801 0.151000 48.465000
446.125000 35.326801 0.151000 48.570000
446.125000 35.326801 0.151000 48.660000
446.125000 35.326801 0.151000 48.764999
446.125000 35.326801 0.151000 48.875000
446.125000 35.326801 0.151000 48.970001
446.125000 35.326801 0.151000 49.064999
446.125000 35.326801 0.149000 49.174999
446.125000 35.326801 0.149000 49.264999
446.125000 35.326801 0.149000 49.369999
446.125000 35.326801 0.149000 49.459999
446.125000 35.326801 0.149000 49.564999
446.125000 35.326801 0.149000 49.669998
446.125000 35.326801 0.149000 49.755001
446.125000 35.326801 0.149000 49.875000
446.125000 35.326801 0.149000 49.965000
446.125000 35.326801 0.149000 50.070000
446.125000 35.326801 0.147000 50.169998
446.125000 35.326801 0.147000 50.259998
446.125000 35.326801 0.147000 50.365002
446.125000 35.326801 0.147000 50.474998
446.125000 35.326801 0.147000 50.570000
446.125000 35.326801 0.147000 50.654999
446.125000 35.326801 0.147000 50.770000
446.125000 35.326801 0.147000 50.855000
446.125000 35.326801 0.147000 50.970001
446.125000 35.326801 0.147000 51.060001
446.125000 35.326801 0.148000 51.169998
446.125000 35.326801 0.148000 51.270000
446.125000 35.326801 0.148000 51.360001
446.125000 35.326801 0.148000 51.474998
446.125000 35.326801 0.148000 51.560001
446.125000 35.326801 0.148000 51.665001
446.125000 35.326801 0.148000 51.764999
446.125000 35.326801 0.148000 51.865002
446.125000 35.326801 0.148000 51.959999
446.125000 35.326801 0.148000 52.070000
446.125000 35.326801 0.151000 52.160000
446.125000 35.326801 0.151000 52.270000
446.125000 35.326801 0.151000 52.375000
446.125000 35.326801 0.151000 52.465000
446.125000 35.326801 0.151000 52.570000
446.125000 35.326801 0.151000 52.665001
446.125000 35.326801 0.151000 52.775002
446.125000 35.326801 0.151000 52.860001
446.125000 35.326801 0.151000 52.965000
446.125000 35.326801 0.151000 53.075001
446.125000 35.326801 0.154000 53.160000
446.125000 35.326801 0.154000 53.270000
446.125000 35.326801 0.154000 53.375000
446.125000 35.326801 0.154000 53.465000
446.125000 35.326801 0.154000 53.575001
446.125000 35.326801 0.154000 53.669998
446.125000 35.326801 0.154000 53.775002
446.125000 35.326801 0.154000 53.869999
446.125000 35.326801 0.154000 53.959999
446.125000 35.326801 0.154000 54.070000
446.125000 35.326801 0.156000 54.154999
446.125000 35.326801 0.156000 54.259998
446.125000 35.326801 0.156000 54.375000
446.125000 35.326801 0.156000 54.480000
446.250000 35.326801 0.156000 54.570000
446.250000 35.326801 0.156000 54.669998
446.250000 35.326801 0.156000 54.759998
446.250000 35.326801 0.156000 54.869999
446.250000 35.326801 0.156000 54.974998
446.250000 35.326801 0.156000 55.060001
446.250000 35.326801 0.146000 55.174999
446.250000 35.326801 0.146000 55.275002
446.250000 35.326801 0.146000 55.360001
446.250000 35.326801 0.146000 55.470001
446.250000 35.326801 0.146000 55.555000
446.250000 35.326801 0.146000 55.669998
446.250000 35.326801 0.146000 55.764999
446.250000 35.326801 0.146000 55.869999
446.250000 35.326801 0.146000 55.970001
446.250000 35.326801 0.146000 56.075001
446.250000 35.326801 0.170000 56.160000
446.250000 35.326801 0.170000 56.264999
446.250000 35.326801 0.170000 56.360001
446.250000 35.326801 0.170000 56.465000
446.250000 35.326801 0.170000 56.575001
446.250000 35.326801 0.170000 56.674999
446.250000 35.326801 0.170000 56.759998
446.250000 35.326801 0.170000 56.875000
446.250000 35.326801 0.170000 56.959999
446.250000 35.326801 0.170000 57.064999
446.250000 35.326801 0.153000 57.169998
446.250000 35.326801 0.153000 57.259998
446.250000 35.326801 0.153000 57.365002
446.250000 35.326801 0.153000 57.474998
446.250000 35.326801 0.153000 57.570000
446.375000 35.326801 0.153000 57.674999
446.500000 35.326801 0.153000 57.764999
446.500000 35.326801 0.153000 57.869999
446.500000 35.326801 0.153000 57.959999
446.500000 35.326801 0.153000 58.070000
446.500000 35.326801 0.149000 58.160000
446.625000 35.326801 0.149000 58.264999
446.625000 35.326801 0.149000 58.360001
446.625000 35.326801 0.149000 58.470001
446.750000 35.326801 0.149000 58.575001
446.750000 35.326801 0.149000 58.669998
446.750000 35.326801 0.149000 58.775002
446.750000 35.326801 0.149000 58.869999
446.750000 35.326801 0.149000 58.970001
446.750000 35.326801 0.149000 59.075001
446.750000 35.326801 0.176000 59.160000
446.750000 35.326801 0.176000 59.270000
446.750000 35.326801 0.176000 59.360001
446.750000 35.326801 0.176000 59.474998
446.750000 35.326801 0.176000 59.570000
446.750000 35.326801 0.176000 59.654999
446.875000 35.326801 0.176000 59.770000
446.875000 35.326801 0.176000 59.865002
446.875000 35.326801 0.176000 59.970001
447.000000 35.326801 0.176000 60.060001
447.000000 35.326801 0.146000 60.169998
447.000000 35.326801 0.146000 60.259998
447.000000 35.326801 0.146000 60.369999
447.000000 35.326801 0.146000 60.465000
447.000000 35.326801 0.146000 60.575001
447.000000 35.326801 0.146000 60.665001
447.125000 35.326801 0.146000 60.764999
447.125000 35.326801 0.146000 60.875000
447.125000 35.326801 0.146000 60.965000
447.125000 35.326801 0.146000 61.075001
447.125000 35.326801 0.148000 61.169998
447.125000 35.326801 0.148000 61.264999
447.125000 35.326801 0.148000 61.369999
447.125000 35.326801 0.148000 61.455002
447.125000 35.326801 0.148000 61.564999
447.125000 35.326801 0.148000 61.674999
447.125000 35.326801 0.148000 61.770000
447.125000 35.326801 0.148000 61.860001
447.125000 35.326801 0.148000 61.970001
447.125000 35.326801 0.148000 62.055000
447.125000 35.326801 0.147000 62.169998
447.125000 35.326801 0.147000 62.275002
447.125000 35.326801 0.147000 62.360001
447.125000 35.326801 0.147000 62.474998
447.125000 35.326801 0.147000 62.564999
447.125000 35.326801 0.147000 62.654999
447.125000 35.326801 0.147000 62.764999
447.125000 35.326801 0.147000 62.869999
447.125000 35.326801 0.147000 62.959999
447.125000 35.326801 0.147000 63.075001
447.125000 35.326801 0.151000 63.154999
447.125000 35.326801 0.151000 63.275002
447.125000 35.326801 0.151000 63.375000
447.125000 35.326801 0.151000 63.459999
447.125000 35.326801 0.151000 63.575001
447.125000 35.326801 0.151000 63.660000
447.125000 35.326801 0.151000 63.770000
447.125000 35.326801 0.151000 63.860001
447.125000 35.326801 0.151000 63.965000
447.125000 35.326801 0.151000 64.074997
447.125000 35.326801 0.154000 64.169998
447.125000 35.326801 0.154000 64.269997
447.125000 35.326801 0.154000 64.360001
447.125000 35.326801 0.154000 64.474998
447.125000 35.326801 0.154000 64.570000
447.375000 35.326801 0.154000 64.650002
447.375000 35.326801 0.154000 64.760002
447.375000 35.326801 0.154000 64.864998
447.375000 35.326801 0.154000 64.970001
447.375000 35.326801 0.154000 65.070000
447.375000 35.326801 0.151000 65.160004
447.375000 35.326801 0.151000 65.275002
447.375000 35.326801 0.151000 65.364998
447.375000 35.326801 0.151000 65.474998
447.375000 35.326801 0.151000 65.559998
447.375000 35.326801 0.151000 65.675003
447.375000 35.326801 0.151000 65.760002
447.375000 35.326801 0.151000 65.870003
447.375000 35.326801 0.151000 65.970001
447.375000 35.326801 0.151000 66.059998
447.375000 35.326801 0.146000 66.160004
447.375000 35.326801 0.146000 66.275002
447.375000 35.326801 0.146000 66.360001
447.375000 35.326801 0.146000 66.464996
447.375000 35.326801 0.146000 66.559998
447.375000 35.326801 0.146000 66.665001
447.375000 35.326801 0.146000 66.764999
447.375000 35.326801 0.146000 66.860001
447.375000 35.326801 0.146000 66.974998
447.500000 35.326801 0.146000 67.059998
447.625000 35.326801 0.149000 67.165001
447.625000 35.326801 0.149000 67.275002
447.625000 35.326801 0.149000 67.364998
447.750000 35.326801 0.149000 67.474998
448.000000 35.326801 0.149000 67.565002
448.000000 35.326801 0.149000 67.669998
448.000000 35.326801 0.149000 67.754997
448.125000 35.326801 0.149000 67.875000
448.125000 35.326801 0.149000 67.959999
448.250000 35.326801 0.149000 68.070000
448.250000 35.326801 0.151000 68.169998
448.250000 35.326801 0.151000 68.260002
448.250000 35.326801 0.151000 68.370003
448.250000 35.326801 0.151000 68.455002
448.250000 35.326801 0.151000 68.565002
448.250000 35.326801 0.151000 68.675003
448.250000 35.326801 0.151000 68.760002
448.250000 35.326801 0.151000 68.875000
448.250000 35.326801 0.151000 68.959999
448.250000 35.326801 0.151000 69.070000
448.250000 35.326801 0.145000 69.160004
448.250000 35.326801 0.145000 69.269997
448.250000 35.326801 0.145000 69.375000
448.250000 35.326801 0.145000 69.474998
448.250000 35.326801 0.145000 69.565002
448.250000 35.326801 0.145000 69.669998
448.250000 35.326801 0.145000 69.775002
448.250000 35.326801 0.145000 69.855003
448.250000 35.326801 0.145000 69.970001
448.250000 35.326801 0.145000 70.074997
448.250000 35.326801 0.160000 70.169998
448.250000 35.326801 0.160000 70.269997
448.250000 35.326801 0.160000 70.360001
448.250000 35.326801 0.160000 70.470001
448.250000 35.326801 0.160000 70.574997
448.250000 35.326801 0.160000 70.665001
448.250000 35.326801 0.160000 70.775002
448.250000 35.326801 0.160000 70.860001
448.250000 35.326801 0.160000 70.974998
448.250000 35.326801 0.160000 71.059998
448.250000 35.326801 0.149000 71.175003
448.250000 35.326801 0.149000 71.264999
448.250000 35.326801 0.149000 71.375000
448.250000 35.326801 0.149000 71.459999
448.250000 35.326801 0.149000 71.565002
448.250000 35.326801 0.149000 71.654999
448.250000 35.326801 0.149000 71.764999
448.250000 35.326801 0.149000 71.875000
448.250000 35.326801 0.149000 71.959999
448.250000 35.326801 0.149000 72.070000
448.250000 35.326801 0.152000 72.154999
448.250000 35.326801 0.152000 72.269997
448.250000 35.326801 0.152000 72.355003
448.250000 35.326801 0.152000 72.459999
448.250000 35.326801 0.152000 72.570000
448.250000 35.326801 0.152000 72.660004
448.250000 35.326801 0.152000 72.764999
448.250000 35.326801 0.152000 72.875000
448.250000 35.326801 0.152000 72.959999
448.250000 35.326801 0.152000 73.070000
448.250000 35.326801 0.145000 73.160004
448.250000 35.326801 0.145000 73.275002
448.250000 35.326801 0.145000 73.364998
448.250000 35.326801 0.145000 73.474998
448.250000 35.326801 0.145000 73.565002
448.250000 35.326801 0.145000 73.675003
448.250000 35.326801 0.145000 73.760002
448.250000 35.326801 0.145000 73.864998
448.250000 35.326801 0.145000 73.970001
448.250000 35.326801 0.145000 74.065002
448.250000 35.326801 0.151000 74.169998
448.250000 35.326801 0.151000 74.275002
448.250000 35.326801 0.151000 74.375000
448.250000 35.326801 0.151000 74.464996
448.250000 35.326801 0.151000 74.565002
448.250000 35.326801 0.151000 74.669998
448.250000 35.326801 0.151000 74.760002
448.250000 35.326801 0.151000 74.864998
448.250000 35.326801 0.151000 74.974998
448.250000 35.326801 0.151000 75.059998
448.250000 35.326801 0.149000 75.175003
448.250000 35.326801 0.149000 75.260002
448.250000 35.326801 0.149000 75.364998
448.250000 35.326801 0.149000 75.455002
448.250000 35.326801 0.149000 75.559998
448.250000 35.326801 0.149000 75.669998
448.250000 35.326801 0.149000 75.775002
448.250000 35.326801 0.149000 75.864998
448.250000 35.326801 0.149000 75.974998
448.250000 35.326801 0.149000 76.059998
448.250000 35.326801 0.148000 76.175003
448.250000 35.326801 0.148000 76.275002
448.250000 35.326801 0.148000 76.375000
448.250000 35.326801 0.148000 76.459999
448.250000 35.326801 0.148000 76.565002
448.250000 35.326801 0.148000 76.669998
448.250000 35.326801 0.148000 76.764999
448.250000 35.326801 0.148000 76.849998
448.250000 35.326801 0.148000 76.959999
448.250000 35.326801 0.148000 77.074997
448.250000 35.326801 0.147000 77.160004
448.250000 35.326801 0.147000 77.269997
448.250000 35.326801 0.147000 77.355003
448.250000 35.326801 0.147000 77.470001
448.250000 35.326801 0.147000 77.559998
448.250000 35.326801 0.147000 77.675003
448.250000 35.326801 0.147000 77.764999
448.250000 35.326801 0.147000 77.875000
448.250000 35.326801 0.147000 77.959999
448.250000 35.326801 0.147000 78.070000
448.250000 35.326801 0.151000 78.160004
448.250000 35.326801 0.151000 78.269997
448.250000 35.326801 0.151000 78.370003
448.250000 35.326801 0.151000 78.459999
448.250000 35.326801 0.151000 78.574997
448.250000 35.326801 0.151000 78.669998
448.250000 35.326801 0.151000 78.760002
448.250000 35.326801 0.151000 78.870003
448.250000 35.326801 0.151000 78.964996
448.250000 35.326801 0.154000 79.059998
448.250000 35.326801 0.154000 79.154999
448.250000 35.326801 0.154000 79.264999
448.250000 35.326801 0.154000 79.375000
448.250000 35.326801 0.154000 79.459999
448.250000 35.326801 0.154000 79.570000
448.250000 35.326801 0.154000 79.660004
448.250000 35.326801 0.154000 79.769997
448.250000 35.326801 0.154000 79.864998
448.250000 35.326801 0.154000 79.955002
448.250000 35.326801 0.154000 80.065002
448.375000 35.326801 0.156000 80.169998
448.375000 35.326801 0.156000 80.260002
448.375000 35.326801 0.156000 80.375000
448.375000 35.326801 0.156000 80.459999
448.375000 35.326801 0.156000 80.570000
448.375000 35.326801 0.156000 80.665001
448.375000 35.326801 0.156000 80.760002
448.375000 35.326801 0.156000 80.875000
448.500000 35.326801 0.156000 80.955002
448.500000 35.326801 0.156000 81.065002
448.500000 35.326801 0.154000 81.175003
448.500000 35.326801 0.154000 81.260002
448.500000 35.326801 0.154000 81.375000
448.500000 35.326801 0.154000 81.459999
448.500000 35.326801 0.154000 81.574997
448.500000 35.326801 0.154000 81.660004
448.500000 35.326801 0.154000 81.769997
448.500000 35.326801 0.154000 81.864998
448.500000 35.326801 0.154000 81.964996
448.500000 35.326801 0.154000 82.070000
448.500000 35.326801 0.150000 82.175003
448.500000 35.326801 0.150000 82.275002
448.500000 35.326801 0.150000 82.364998
448.500000 35.326801 0.150000 82.470001
448.500000 35.326801 0.150000 82.559998
448.500000 35.326801 0.150000 82.669998
448.500000 35.326801 0.150000 82.775002
448.500000 35.326801 0.150000 82.860001
448.500000 35.326801 0.150000 82.970001
448.500000 35.326801 0.150000 83.074997
448.500000 35.326801 0.159000 83.165001
448.500000 35.326801 0.159000 83.269997
448.500000 35.326801 0.159000 83.364998
448.500000 35.326801 0.159000 83.474998
448.500000 35.326801 0.159000 83.565002
448.500000 35.326801 0.159000 83.669998
448.500000 35.326801 0.159000 83.769997
448.500000 35.326801 0.159000 83.860001
448.500000 35.326801 0.159000 83.974998
448.500000 35.326801 0.159000 84.065002
448.500000 35.326801 0.148000 84.169998
448.500000 35.326801 0.148000 84.264999
448.500000 35.326801 0.148000 84.370003
448.500000 35.326801 0.148000 84.474998
448.500000 35.326801 0.148000 84.565002
448.500000 35.326801 0.148000 84.669998
448.500000 35.326801 0.148000 84.754997
448.500000 35.326801 0.148000 84.860001
448.500000 35.326801 0.148000 84.974998
448.500000 35.326801 0.148000 85.055000
448.500000 35.326801 0.145000 85.160004
448.500000 35.326801 0.145000 85.275002
448.500000 35.326801 0.145000 85.360001
448.500000 35.326801 0.145000 85.470001
448.500000 35.326801 0.145000 85.559998
448.500000 35.326801 0.145000 85.669998
448.500000 35.326801 0.145000 85.760002
448.500000 35.326801 0.145000 85.864998
448.500000 35.326801 0.145000 85.970001
448.500000 35.326801 0.145000 86.059998
448.500000 35.326801 0.147000 86.169998
448.500000 35.326801 0.147000 86.275002
448.500000 35.326801 0.147000 86.360001
448.500000 35.326801 0.147000 86.474998
448.500000 35.326801 0.147000 86.559998
448.500000 35.326801 0.147000 86.665001
448.500000 35.326801 0.147000 86.760002
448.500000 35.326801 0.147000 86.864998
448.500000 35.326801 0.147000 86.959999
448.500000 35.326801 0.147000 87.065002
448.500000 35.326801 0.150000 87.175003
448.500000 35.326801 0.150000 87.260002
448.500000 35.326801 0.150000 87.370003
448.500000 35.326801 0.150000 87.455002
448.500000 35.326801 0.150000 87.570000
448.500000 35.326801 0.150000 87.665001
448.500000 35.326801 0.150000 87.769997
448.500000 35.326801 0.150000 87.875000
448.500000 35.326801 0.150000 87.959999
448.500000 35.326801 0.150000 88.074997
448.500000 35.326801 0.155000 88.160004
448.500000 35.326801 0.155000 88.254997
448.500000 35.326801 0.155000 88.375000
448.500000 35.326801 0.155000 88.459999
448.500000 35.326801 0.155000 88.574997
448.500000 35.326801 0.155000 88.669998
448.500000 35.326801 0.155000 88.764999
448.500000 35.326801 0.155000 88.860001
448.500000 35.326801 0.155000 88.970001
448.500000 35.326801 0.155000 89.065002
448.500000 35.326801 0.151000 89.169998
448.500000 35.326801 0.151000 89.254997
448.500000 35.326801 0.151000 89.360001
448.625000 35.326801 0.151000 89.474998
448.625000 35.326801 0.151000 89.559998
448.625000 35.326801 0.151000 89.665001
448.750000 35.326801 0.151000 89.769997
448.750000 35.326801 0.151000 89.870003
448.750000 35.326801 0.151000 89.974998
448.750000 35.326801 0.151000 90.059998
448.750000 35.326801 0.149000 90.169998
448.750000 35.326801 0.149000 90.275002
448.750000 35.326801 0.149000 90.370003
448.750000 35.326801 0.149000 90.474998
448.875000 35.326801 0.149000 90.559998
448.875000 35.326801 0.149000 90.665001
448.875000 35.326801 0.149000 90.754997
448.875000 35.326801 0.149000 90.870003
448.875000 35.326801 0.149000 90.955002
448.875000 35.326801 0.149000 91.059998
448.875000 35.326801 0.147000 91.169998
449.000000 35.326801 0.147000 91.260002
449.000000 35.326801 0.147000 91.370003
449.000000 35.326801 0.147000 91.474998
449.000000 35.326801 0.147000 91.559998
449.000000 35.326801 0.147000 91.669998
449.000000 35.326801 0.147000 91.764999
449.000000 35.326801 0.147000 91.875000
449.000000 35.326801 0.147000 91.959999
449.000000 35.326801 0.147000 92.065002
449.000000 35.326801 0.152000 92.169998
449.000000 35.326801 0.152000 92.254997
449.000000 35.326801 0.152000 92.360001
449.000000 35.326801 0.152000 92.470001
449.000000 35.326801 0.152000 92.555000
449.000000 35.326801 0.152000 92.665001
449.000000 35.326801 0.152000 92.769997
449.000000 35.326801 0.152000 92.860001
449.000000 35.326801 0.152000 92.964996
449.000000 35.326801 0.152000 93.070000
449.000000 35.326801 0.148000 93.150002
449.000000 35.326801 0.148000 93.260002
449.000000 35.326801 0.148000 93.370003
449.000000 35.326801 0.148000 93.464996
449.000000 35.326801 0.148000 93.559998
449.000000 35.326801 0.148000 93.669998
449.000000 35.326801 0.148000 93.764999
449.000000 35.326801 0.148000 93.864998
449.000000 35.326801 0.148000 93.974998
449.000000 35.326801 0.148000 94.070000
449.000000 35.326801 0.148000 94.160004
449.000000 35.326801 0.148000 94.269997
449.000000 35.326801 0.148000 94.360001
449.000000 35.326801 0.148000 94.474998
449.125000 35.326801 0.148000 94.570000
449.125000 35.326801 0.148000 94.654999
449.125000 35.326801 0.148000 94.769997
449.125000 35.326801 0.148000 94.860001
449.125000 35.326801 0.148000 94.974998
449.125000 35.326801 0.148000 95.065002
449.125000 35.326801 0.146000 95.169998
449.125000 35.326801 0.146000 95.264999
449.125000 35.326801 0.146000 95.370003
449.125000 35.326801 0.146000 95.459999
449.125000 35.326801 0.146000 95.574997
449.125000 35.326801 0.146000 95.669998
449.125000 35.326801 0.146000 95.754997
449.125000 35.326801 0.146000 95.875000
449.125000 35.326801 0.146000 95.959999
449.125000 35.326801 0.146000 96.065002
449.125000 35.326801 0.148000 96.175003
449.125000 35.326801 0.148000 96.269997
449.125000 35.326801 0.148000 96.375000
449.125000 35.326801 0.148000 96.459999
449.125000 35.326801 0.148000 96.575996
449.125000 35.326801 0.148000 96.660004
449.125000 35.326801 0.148000 96.769997
449.125000 35.326801 0.148000 96.875000
449.125000 35.326801 0.148000 96.959999
449.125000 35.326801 0.148000 97.070000
449.125000 35.326801 0.154000 97.169998
449.125000 35.326801 0.154000 97.260002
449.125000 35.326801 0.154000 97.364998
449.125000 35.326801 0.154000 97.470001
449.125000 35.326801 0.154000 97.555000
449.125000 35.326801 0.154000 97.660004
449.125000 35.326801 0.154000 97.769997
449.125000 35.326801 0.154000 97.860001
449.125000 35.326801 0.154000 97.970001
449.125000 35.326801 0.154000 98.059998
449.125000 35.326801 0.154000 98.169998
449.125000 35.326801 0.154000 98.260002
449.125000 35.326801 0.154000 98.364998
449.125000 35.326801 0.154000 98.464996
449.125000 35.326801 0.154000 98.559998
449.125000 35.326801 0.154000 98.675003
449.125000 35.326801 0.154000 98.769997
449.125000 35.326801 0.154000 98.875000
449.125000 35.326801 0.154000 98.964996
449.125000 35.326801 0.154000 99.070000
449.125000 35.326801 0.154000 99.154999
449.125000 35.326801 0.154000 99.269997
449.125000 35.326801 0.154000 99.364998
449.125000 35.326801 0.154000 99.470001
449.125000 35.326801 0.154000 99.559998
449.125000 35.326801 0.154000 99.665001
449.125000 35.326801 0.154000 99.775002
449.125000 35.326801 0.154000 99.855003
449.125000 35.326801 0.154000 99.970001
449.250000 35.326801 0.154000 100.070000
449.250000 35.326801 0.154000 100.175003
449.250000 35.326801 0.154000 100.260002
449.250000 35.326801 0.154000 100.370003
449.250000 35.326801 0.154000 100.455002
449.250000 35.326801 0.154000 100.570000
449.250000 35.326801 0.154000 100.669998
449.250000 35.326801 0.154000 100.760002
449.250000 35.326801 0.154000 100.864998
449.250000 35.326801 0.154000 100.974998
449.250000 35.326801 0.154000 101.059998
449.250000 35.326801 0.154000 101.175003
449.250000 35.326801 0.154000 101.275002
449.250000 35.326801 0.154000 101.370003
449.250000 35.326801 0.154000 101.464996
449.250000 35.326801 0.154000 101.574997
449.250000 35.326801 0.154000 101.665001
449.250000 35.326801 0.154000 101.775002
449.250000 35.326801 0.154000 101.860001
449.250000 35.326801 0.154000 101.964996
