91.375000 0.000000 0.229000 0.065000
109.125000 0.000000 0.229000 0.160000
118.000000 0.201521 0.229000 0.260000
124.000000 0.201521 0.229000 0.355000
132.625000 0.426217 0.239000 0.465000
135.250000 0.426217 0.239000 0.555000
140.625000 0.633778 0.239000 0.660000
144.125000 0.633778 0.239000 0.755000
148.375000 0.835951 0.239000 0.855000
154.000000 1.037495 0.239000 0.965000
155.750000 1.037495 0.239000 1.055000
160.500000 1.243709 0.239000 1.160000
164.750000 1.444905 0.239000 1.260000
168.875000 1.646753 0.239000 1.365000
173.500000 1.646753 0.266000 1.460000
176.750000 1.864646 0.266000 1.555000
179.625000 2.067512 0.266000 1.660000
182.125000 2.067512 0.266000 1.760000
184.000000 2.275600 0.266000 1.855000
186.000000 2.275600 0.266000 1.960000
187.125000 2.275600 0.266000 2.060000
188.875000 2.275600 0.266000 2.160000
189.625000 2.476741 0.266000 2.255000
190.375000 2.476741 0.266000 2.360000
192.000000 2.476741 0.266000 2.455000
192.500000 2.476741 0.264000 2.555000
193.125000 2.476741 0.264000 2.655000
193.625000 2.476741 0.264000 2.760000
194.125000 2.476741 0.264000 2.860000
194.375000 2.476741 0.264000 2.960000
194.625000 2.476741 0.264000 3.055000
194.625000 2.476741 0.264000 3.155000
195.000000 2.476741 0.264000 3.255000
195.500000 2.476741 0.264000 3.360000
195.750000 2.476741 0.246000 3.465000
196.125000 2.476741 0.246000 3.555000
196.375000 2.476741 0.246000 3.660000
196.875000 2.476741 0.246000 3.755000
197.000000 2.476741 0.246000 3.865000
197.875000 2.476741 0.246000 3.960000
198.375000 2.476741 0.246000 4.055000
199.000000 2.681440 0.246000 4.165000
199.625000 2.886760 0.246000 4.265000
201.000000 2.886760 0.246000 4.365000
202.750000 3.088641 0.259000 4.460000
204.875000 3.304480 0.259000 4.565000
206.500000 3.304480 0.259000 4.660000
208.250000 3.530876 0.259000 4.765000
209.500000 3.758457 0.259000 4.855000
210.875000 3.758457 0.259000 4.965000
211.875000 3.986928 0.259000 5.060000
213.000000 4.217293 0.259000 5.155000
214.875000 4.426458 0.259000 5.265000
216.500000 4.627064 0.259000 5.365000
218.000000 4.832561 0.297000 5.465000
219.000000 5.040579 0.297000 5.560000
221.750000 5.249374 0.297000 5.660000
224.750000 5.249374 0.297000 5.760000
228.625000 5.488443 0.297000 5.860000
232.125000 5.698067 0.297000 5.960000
233.875000 5.907779 0.297000 6.060000
235.875000 6.117474 0.297000 6.160000
237.500000 6.327321 0.297000 6.260000
239.625000 6.537239 0.297000 6.360000
242.000000 6.785297 0.267000 6.460000
243.875000 6.987809 0.267000 6.565000
247.125000 7.190670 0.267000 6.665000
250.875000 7.396234 0.267000 6.760000
254.000000 7.603424 0.267000 6.855000
256.625000 7.811755 0.267000 6.965000
260.125000 8.020963 0.267000 7.060000
263.750000 8.020963 0.267000 7.155000
265.375000 8.250152 0.267000 7.260000
266.875000 8.459647 0.267000 7.365000
268.875000 8.678847 0.267000 7.460000
270.125000 8.888257 0.292000 7.560000
273.625000 9.097603 0.292000 7.655000
277.875000 9.347534 0.292000 7.755000
281.125000 9.548836 0.292000 7.860000
284.375000 9.769835 0.292000 7.960000
286.125000 9.976958 0.292000 8.055000
288.625000 10.186311 0.292000 8.160000
290.750000 10.389817 0.292000 8.265000
292.375000 10.389817 0.292000 8.355000
293.500000 10.592601 0.292000 8.460000
295.875000 10.818856 0.352000 8.565000
297.125000 11.026465 0.352000 8.660000
298.375000 11.026465 0.352000 8.760000
299.625000 11.232991 0.352000 8.855000
300.625000 11.445923 0.352000 8.960000
301.625000 11.445923 0.352000 9.065000
303.000000 11.649388 0.352000 9.150000
304.000000 11.850901 0.352000 9.255000
304.875000 12.051281 0.352000 9.360000
306.375000 12.051281 0.352000 9.455000
307.625000 12.278212 0.313000 9.555000
308.875000 12.484495 0.313000 9.655000
309.125000 12.484495 0.313000 9.765000
310.125000 12.684518 0.313000 9.850000
311.375000 12.886316 0.313000 9.955000
312.000000 13.088165 0.313000 10.060000
312.500000 13.088165 0.313000 10.160000
313.375000 13.313485 0.313000 10.255000
314.375000 13.530334 0.313000 10.355000
314.625000 13.530334 0.269000 10.460000
315.125000 13.751835 0.269000 10.560000
315.250000 13.957087 0.269000 10.655000
315.750000 13.957087 0.269000 10.760000
316.250000 14.163432 0.269000 10.850000
316.625000 14.364288 0.269000 10.950000
317.250000 14.567455 0.269000 11.060000
317.500000 14.567455 0.269000 11.160000
317.875000 14.793955 0.269000 11.260000
318.125000 15.014042 0.269000 11.350000
318.500000 15.014042 0.269000 11.460000
319.000000 15.217268 0.295000 11.550000
319.250000 15.421835 0.295000 11.665000
319.375000 15.627137 0.295000 11.750000
319.500000 15.627137 0.295000 11.855000
319.875000 15.832664 0.295000 11.965000
320.500000 16.036726 0.295000 12.050000
321.125000 16.241810 0.295000 12.160000
321.500000 16.241810 0.295000 12.245000
322.000000 16.445557 0.295000 12.355000
322.875000 16.672342 0.295000 12.460000
323.000000 16.877251 0.245000 12.565000
323.500000 16.877251 0.245000 12.650000
324.375000 17.092234 0.245000 12.765000
324.875000 17.295578 0.245000 12.850000
325.500000 17.502251 0.245000 12.960000
326.875000 17.502251 0.245000 13.050000
327.250000 17.908100 0.245000 13.165000
327.750000 17.908100 0.245000 13.250000
328.500000 18.114059 0.245000 13.360000
328.875000 18.331896 0.245000 13.445000
329.250000 18.550777 0.245000 13.560000
329.375000 18.759878 0.245000 13.655000
329.625000 18.978832 0.245000 13.760000
330.625000 19.227365 0.245000 13.850000
331.000000 19.436438 0.245000 13.965000
331.375000 19.645832 0.245000 14.050000
331.625000 19.855438 0.245000 14.165000
332.500000 20.065193 0.245000 14.255000
332.875000 20.274445 0.245000 14.360000
333.125000 20.478823 0.245000 14.460000
333.500000 20.478823 0.282000 14.550000
334.000000 20.686428 0.282000 14.655000
335.125000 20.906427 0.282000 14.750000
335.625000 21.140066 0.282000 14.855000
336.500000 21.396368 0.282000 14.955000
338.125000 21.605003 0.282000 15.050000
339.500000 21.814352 0.282000 15.160000
340.750000 22.023664 0.282000 15.255000
342.000000 22.232338 0.282000 15.365000
343.000000 22.439333 0.253000 15.460000
343.875000 22.643412 0.253000 15.565000
344.375000 22.643412 0.253000 15.650000
348.250000 22.848536 0.253000 15.765000
350.875000 23.075237 0.253000 15.850000
352.250000 23.303165 0.253000 15.965000
354.500000 23.511425 0.253000 16.049999
356.000000 23.720272 0.253000 16.160000
356.375000 23.959606 0.253000 16.250000
357.000000 24.169308 0.253000 16.365000
357.250000 24.379148 0.253000 16.450001
357.375000 24.588228 0.277000 16.559999
358.125000 24.795790 0.277000 16.650000
359.625000 25.002422 0.277000 16.754999
361.125000 25.002422 0.277000 16.860001
362.375000 25.207926 0.277000 16.950001
362.750000 25.434895 0.277000 17.065001
364.125000 25.636120 0.277000 17.165001
364.750000 25.836601 0.277000 17.270000
365.250000 25.836601 0.277000 17.365000
365.625000 26.041628 0.281000 17.455000
366.375000 26.248257 0.281000 17.565001
367.000000 26.248257 0.281000 17.650000
367.500000 26.448477 0.281000 17.760000
367.625000 26.669806 0.281000 17.850000
368.125000 26.669806 0.281000 17.959999
368.500000 26.890102 0.281000 18.049999
369.250000 27.095095 0.281000 18.155001
369.250000 27.095095 0.281000 18.245001
370.000000 27.300056 0.281000 18.355000
370.500000 27.506554 0.281000 18.455000
370.750000 27.707403 0.269000 18.559999
371.250000 27.707403 0.269000 18.655001
371.750000 27.909231 0.269000 18.764999
372.125000 28.111778 0.269000 18.850000
373.000000 28.315432 0.269000 18.959999
373.500000 28.315432 0.269000 19.049999
373.625000 28.519886 0.269000 19.155001
374.000000 28.747572 0.269000 19.245001
374.375000 28.955435 0.269000 19.360001
374.375000 28.955435 0.269000 19.450001
374.375000 29.159279 0.244000 19.559999
374.875000 29.366468 0.244000 19.645000
375.250000 29.580057 0.244000 19.754999
375.500000 29.816673 0.244000 19.860001
376.125000 30.045168 0.244000 19.965000
376.625000 30.254467 0.244000 20.049999
377.000000 30.464046 0.244000 20.165001
377.500000 30.673796 0.244000 20.254999
377.625000 30.883656 0.244000 20.350000
377.875000 31.092133 0.244000 20.465000
377.875000 31.296005 0.254000 20.559999
378.125000 31.296005 0.254000 20.650000
378.500000 31.706591 0.254000 20.764999
379.625000 31.706591 0.254000 20.850000
379.625000 31.914490 0.254000 20.961000
379.625000 32.133289 0.254000 21.045000
379.875000 32.362671 0.254000 21.165001
380.000000 32.572422 0.254000 21.250000
380.250000 32.782337 0.254000 21.365000
380.750000 33.040150 0.234000 21.455000
381.000000 33.242199 0.234000 21.559999
382.500000 33.444588 0.234000 21.645000
383.625000 33.649605 0.234000 21.764999
384.250000 33.856770 0.234000 21.855000
385.250000 33.856770 0.234000 21.945000
386.500000 34.274361 0.234000 22.065001
387.500000 34.274361 0.234000 22.145000
389.375000 34.483860 0.234000 22.260000
389.750000 34.703568 0.234000 22.350000
390.875000 34.942688 0.234000 22.465000
391.375000 35.146229 0.283000 22.549999
391.750000 35.348377 0.283000 22.660000
392.750000 35.553608 0.283000 22.750000
392.875000 35.553608 0.283000 22.855000
394.000000 35.759056 0.283000 22.965000
394.750000 35.962540 0.283000 23.049999
395.250000 36.168938 0.283000 23.160000
396.500000 36.168938 0.283000 23.260000
397.125000 36.373669 0.283000 23.350000
397.500000 36.607414 0.221000 23.459999
397.750000 36.607414 0.221000 23.565001
398.875000 36.811760 0.221000 23.650000
398.875000 36.811760 0.221000 23.760000
399.375000 37.018494 0.221000 23.860001
399.500000 37.018494 0.221000 23.950001
400.250000 37.018494 0.221000 24.059999
400.375000 37.218723 0.221000 24.155001
400.375000 37.218723 0.221000 24.264999
400.500000 37.218723 0.221000 24.360001
401.000000 37.218723 0.258000 24.459999
401.125000 37.218723 0.258000 24.555000
401.125000 37.218723 0.258000 24.660000
401.250000 37.218723 0.258000 24.750000
401.250000 37.218723 0.258000 24.860001
401.250000 37.218723 0.258000 24.945000
401.375000 37.218723 0.258000 25.055000
401.500000 37.218723 0.258000 25.160000
401.500000 37.218723 0.258000 25.254999
401.500000 37.218723 0.258000 25.360001
401.500000 37.218723 0.237000 25.455000
401.500000 37.218723 0.237000 25.566000
401.625000 37.218723 0.237000 25.650000
401.750000 37.218723 0.237000 25.764999
401.875000 37.218723 0.237000 25.850000
402.000000 37.420341 0.237000 25.959999
402.125000 37.628422 0.237000 26.049999
402.375000 37.833538 0.237000 26.155001
403.250000 38.042717 0.237000 26.264999
403.375000 38.042717 0.237000 26.350000
403.500000 38.455471 0.238000 26.465000
403.750000 38.455471 0.238000 26.549999
403.750000 38.664200 0.238000 26.660000
404.000000 38.883923 0.238000 26.745001
404.000000 39.113525 0.238000 26.860001
404.250000 39.323341 0.238000 26.945000
404.500000 39.533211 0.238000 27.049999
404.500000 39.743122 0.238000 27.165001
404.625000 39.983063 0.238000 27.264999
404.625000 40.192886 0.238000 27.360001
404.750000 40.399902 0.238000 27.465000
404.875000 40.600094 0.273000 27.555000
404.875000 40.801472 0.273000 27.665001
405.000000 41.005669 0.273000 27.760000
405.000000 41.005669 0.273000 27.850000
405.125000 41.212528 0.273000 27.959999
405.250000 41.420902 0.273000 28.049999
405.250000 41.630051 0.273000 28.160000
405.375000 41.859554 0.273000 28.250000
405.375000 42.099243 0.273000 28.355000
405.500000 42.337299 0.259000 28.445000
405.625000 42.548763 0.259000 28.559999
405.625000 42.751888 0.259000 28.645000
405.750000 42.751888 0.259000 28.754999
405.750000 42.953789 0.259000 28.860001
405.750000 43.157669 0.259000 28.950001
405.750000 43.368629 0.259000 29.055000
405.875000 43.368629 0.259000 29.145000
406.125000 43.570335 0.259000 29.254999
406.125000 43.772598 0.259000 29.355000
406.375000 43.975643 0.259000 29.450001
406.500000 43.975643 0.258000 29.559999
406.500000 44.194626 0.258000 29.650000
406.625000 44.399582 0.258000 29.764999
406.750000 44.399582 0.258000 29.844999
406.875000 44.604870 0.258000 29.959999
407.125000 44.810455 0.258000 30.049999
407.250000 45.013786 0.258000 30.160000
407.500000 45.220306 0.258000 30.240000
407.625000 45.429295 0.258000 30.355000
407.625000 45.634483 0.258000 30.455000
407.875000 45.842579 0.299000 30.555000
408.125000 46.052155 0.299000 30.660000
408.375000 46.052155 0.299000 30.745001
408.500000 46.452667 0.299000 30.865000
409.000000 46.452667 0.299000 30.945000
409.125000 46.871132 0.299000 31.065001
409.375000 46.871132 0.299000 31.150000
409.375000 47.079868 0.299000 31.254999
409.500000 47.308079 0.299000 31.350000
409.625000 47.526573 0.299000 31.459999
409.750000 47.734470 0.288000 31.565001
409.750000 47.965240 0.288000 31.650000
409.750000 47.965240 0.288000 31.760000
409.750000 48.171116 0.288000 31.850000
410.000000 48.171116 0.288000 31.965000
410.000000 48.379017 0.288000 32.060001
410.125000 48.379017 0.288000 32.160000
410.375000 48.379017 0.288000 32.255001
410.625000 48.379017 0.288000 32.360001
410.875000 48.379017 0.244000 32.455002
411.000000 48.379017 0.244000 32.544998
411.000000 48.579563 0.244000 32.654999
411.000000 48.579563 0.244000 32.759998
411.250000 48.579563 0.244000 32.865002
411.500000 48.579563 0.244000 32.959999
411.500000 48.579563 0.244000 33.060001
411.625000 48.579563 0.244000 33.150002
411.875000 48.780666 0.244000 33.259998
412.250000 48.780666 0.244000 33.360001
412.250000 48.983215 0.230000 33.465000
412.250000 49.183342 0.230000 33.560001
412.250000 49.183342 0.230000 33.650002
412.500000 49.383503 0.230000 33.759998
412.500000 49.608543 0.230000 33.860001
412.625000 49.608543 0.230000 33.950001
412.750000 49.818943 0.230000 34.064999
413.000000 50.021755 0.230000 34.150002
413.000000 50.224949 0.230000 34.259998
413.250000 50.224949 0.230000 34.360001
413.500000 50.427441 0.230000 34.450001
413.500000 50.629070 0.242000 34.555000
413.750000 50.844200 0.242000 34.660000
413.750000 50.844200 0.242000 34.750000
413.750000 51.052429 0.242000 34.855000
413.750000 51.052429 0.242000 34.965000
413.750000 51.254852 0.242000 35.060001
413.750000 51.254852 0.242000 35.160000
413.750000 51.254852 0.242000 35.250000
413.750000 51.254852 0.242000 35.365002
413.875000 51.254852 0.235000 35.450001
413.875000 51.254852 0.235000 35.560001
413.875000 51.254852 0.235000 35.650002
413.875000 51.455338 0.235000 35.764999
413.875000 51.455338 0.235000 35.849998
413.875000 51.455338 0.235000 35.955002
413.875000 51.455338 0.235000 36.064999
413.875000 51.455338 0.235000 36.150002
413.875000 51.455338 0.235000 36.259998
413.875000 51.455338 0.235000 36.349998
414.000000 51.658394 0.235000 36.459999
414.000000 51.860073 0.235000 36.564999
414.125000 51.860073 0.235000 36.654999
414.125000 52.066776 0.235000 36.755001
414.125000 52.066776 0.235000 36.849998
414.125000 52.267776 0.235000 36.959999
414.125000 52.267776 0.235000 37.040001
414.250000 52.470230 0.235000 37.150002
414.375000 52.470230 0.235000 37.264999
414.375000 52.470230 0.235000 37.355000
414.375000 52.470230 0.217000 37.459999
414.375000 52.470230 0.217000 37.549999
414.500000 52.470230 0.217000 37.660000
414.750000 52.470230 0.217000 37.750000
414.875000 52.671837 0.217000 37.865002
414.875000 52.671837 0.217000 37.959999
415.125000 52.671837 0.217000 38.064999
415.250000 52.671837 0.217000 38.150002
415.500000 52.671837 0.217000 38.259998
415.625000 52.671837 0.217000 38.345001
415.750000 52.671837 0.199000 38.450001
415.875000 52.671837 0.199000 38.555000
415.875000 52.671837 0.199000 38.654999
415.875000 52.671837 0.199000 38.759998
416.000000 52.671837 0.199000 38.849998
416.000000 52.671837 0.199000 38.959999
416.125000 52.671837 0.199000 39.044998
416.125000 52.671837 0.199000 39.154999
416.125000 52.671837 0.199000 39.259998
416.375000 52.671837 0.199000 39.365002
416.375000 52.671837 0.193000 39.459999
416.375000 52.671837 0.193000 39.544998
416.500000 52.671837 0.193000 39.654999
416.500000 52.671837 0.193000 39.764999
416.625000 52.671837 0.193000 39.860001
416.625000 52.671837 0.193000 39.945000
416.625000 52.671837 0.193000 40.055000
416.625000 52.671837 0.193000 40.160000
416.625000 52.671837 0.193000 40.250000
416.625000 52.879711 0.193000 40.355000
416.875000 52.879711 0.187000 40.450001
417.000000 53.090103 0.187000 40.560001
417.000000 53.296894 0.187000 40.645000
417.250000 53.296894 0.187000 40.750000
417.250000 53.518459 0.187000 40.860001
417.250000 53.721989 0.187000 40.965000
417.750000 53.929207 0.187000 41.060001
417.875000 53.929207 0.187000 41.150002
418.000000 54.138042 0.187000 41.264999
418.125000 54.357563 0.187000 41.349998
418.250000 54.592411 0.246000 41.459999
418.375000 54.847775 0.246000 41.564999
418.500000 55.052155 0.246000 41.654999
418.500000 55.052155 0.246000 41.759998
418.500000 55.256271 0.246000 41.840000
418.875000 55.256271 0.246000 41.965000
419.000000 55.461121 0.246000 42.060001
419.000000 55.461121 0.246000 42.165001
419.250000 55.461121 0.246000 42.250000
419.375000 55.461121 0.246000 42.355000
419.500000 55.461121 0.246000 42.455002
419.750000 55.461121 0.241000 42.549999
419.750000 55.661896 0.241000 42.660000
420.000000 55.661896 0.241000 42.740002
420.125000 55.661896 0.241000 42.865002
420.125000 55.661896 0.241000 42.950001
420.125000 55.661896 0.241000 43.060001
420.375000 55.661896 0.241000 43.145000
420.375000 55.661896 0.241000 43.264999
420.375000 55.661896 0.241000 43.360001
420.625000 55.661896 0.241000 43.445000
420.625000 55.661896 0.241000 43.560001
421.000000 55.661896 0.241000 43.650002
421.000000 55.661896 0.241000 43.755001
421.125000 55.661896 0.241000 43.865002
421.250000 55.661896 0.241000 43.950001
421.375000 55.661896 0.241000 44.049999
421.375000 55.661896 0.241000 44.160000
421.500000 55.661896 0.241000 44.250000
421.500000 55.661896 0.241000 44.355000
421.875000 55.661896 0.225000 44.450001
421.875000 55.661896 0.225000 44.555000
422.125000 55.868607 0.225000 44.660000
422.250000 56.071957 0.225000 44.750000
422.500000 56.071957 0.225000 44.855000
422.625000 56.273643 0.225000 44.966000
422.875000 56.474987 0.225000 45.049999
423.000000 56.677689 0.225000 45.150002
423.250000 56.905472 0.225000 45.255001
423.500000 57.140816 0.225000 45.365002
423.750000 57.344398 0.222000 45.450001
424.000000 57.344398 0.222000 45.560001
424.125000 57.568443 0.222000 45.654999
424.125000 57.770012 0.222000 45.764999
424.125000 57.770012 0.222000 45.865002
424.250000 57.770012 0.222000 45.955002
424.250000 57.770012 0.222000 46.060001
424.375000 57.970634 0.222000 46.160000
424.375000 57.970634 0.222000 46.250000
424.500000 57.970634 0.222000 46.360001
424.750000 57.970634 0.227000 46.465000
425.000000 57.970634 0.227000 46.555000
425.000000 57.970634 0.227000 46.660000
425.000000 57.970634 0.227000 46.759998
425.125000 58.185440 0.227000 46.855000
425.125000 58.185440 0.227000 46.959999
425.375000 58.399426 0.227000 47.060001
425.375000 58.399426 0.227000 47.150002
425.500000 58.605461 0.227000 47.259998
425.750000 58.824486 0.227000 47.365002
425.875000 58.824486 0.208000 47.450001
426.375000 59.026009 0.208000 47.560001
426.500000 59.248722 0.208000 47.665001
427.000000 59.248722 0.208000 47.755001
427.250000 59.452217 0.208000 47.855000
427.375000 59.452217 0.208000 47.945000
427.625000 59.452217 0.208000 48.064999
427.750000 59.452217 0.208000 48.160000
427.875000 59.653496 0.208000 48.259998
428.000000 59.653496 0.208000 48.360001
428.000000 59.653496 0.232000 48.450001
428.000000 59.653496 0.232000 48.555000
428.125000 59.653496 0.232000 48.669998
428.125000 59.653496 0.232000 48.755001
428.375000 59.653496 0.232000 48.855000
428.375000 59.653496 0.232000 48.965000
428.375000 59.653496 0.232000 49.049999
428.625000 59.653496 0.232000 49.165001
428.750000 59.653496 0.232000 49.264999
428.875000 59.653496 0.232000 49.349998
429.125000 59.653496 0.215000 49.459999
429.125000 59.653496 0.215000 49.549999
429.250000 59.653496 0.215000 49.660000
429.250000 59.857727 0.215000 49.764999
429.375000 59.857727 0.215000 49.849998
429.500000 60.063946 0.215000 49.965000
429.750000 60.265320 0.215000 50.055000
430.000000 60.481541 0.215000 50.160000
430.125000 60.734375 0.215000 50.259998
430.250000 60.942154 0.215000 50.360001
430.375000 61.151634 0.257000 50.450001
430.375000 61.351639 0.257000 50.564999
430.375000 61.553017 0.257000 50.654999
430.625000 61.753311 0.257000 50.764999
430.625000 61.753311 0.257000 50.865002
430.625000 61.960361 0.257000 50.950001
430.625000 62.185131 0.257000 51.064999
430.875000 62.185131 0.257000 51.160000
431.000000 62.389870 0.257000 51.250000
431.000000 62.608475 0.257000 51.355000
431.125000 62.608475 0.257000 51.465000
431.125000 62.838139 0.306000 51.560001
431.250000 63.045376 0.306000 51.650002
431.250000 63.045376 0.306000 51.750000
431.375000 63.252460 0.306000 51.860001
431.500000 63.488892 0.306000 51.950001
431.625000 63.488892 0.306000 52.060001
431.875000 63.709297 0.306000 52.154999
431.875000 63.913277 0.306000 52.250000
431.875000 63.913277 0.306000 52.349998
432.125000 64.118416 0.246000 52.455002
432.375000 64.321808 0.246000 52.555000
432.500000 64.321808 0.246000 52.660000
432.625000 64.522079 0.246000 52.750000
432.625000 64.522079 0.246000 52.860001
432.750000 64.522079 0.246000 52.955002
432.875000 64.722382 0.246000 53.060001
432.875000 64.722382 0.246000 53.150002
432.875000 64.722382 0.246000 53.259998
432.875000 64.722382 0.246000 53.349998
433.125000 64.722382 0.246000 53.459999
433.125000 64.722382 0.245000 53.564999
433.125000 64.722382 0.245000 53.665001
433.125000 64.722382 0.245000 53.755001
433.250000 64.722382 0.245000 53.865002
433.375000 64.722382 0.245000 53.950001
433.500000 64.722382 0.245000 54.064999
433.500000 64.722382 0.245000 54.154999
433.625000 64.722382 0.245000 54.264999
433.750000 64.722382 0.245000 54.349998
433.750000 64.722382 0.246000 54.459999
433.750000 64.722382 0.246000 54.564999
433.750000 64.722382 0.246000 54.650002
433.875000 64.722382 0.246000 54.755001
433.875000 64.722382 0.246000 54.860001
433.875000 64.927017 0.246000 54.950001
433.875000 64.927017 0.246000 55.055000
434.000000 65.132904 0.246000 55.154999
434.250000 65.339325 0.246000 55.259998
434.375000 65.547943 0.246000 55.355000
434.375000 65.752571 0.246000 55.459999
434.500000 65.979668 0.260000 55.544998
434.625000 66.189651 0.260000 55.660000
434.750000 66.189651 0.260000 55.744999
434.875000 66.396904 0.260000 55.855000
434.875000 66.625511 0.260000 55.965000
434.875000 66.829697 0.260000 56.060001
434.875000 66.829697 0.260000 56.165001
434.875000 67.032700 0.260000 56.250000
434.875000 67.235992 0.260000 56.365002
434.875000 67.439835 0.260000 56.459999
435.125000 67.439835 0.264000 56.570000
435.125000 67.664619 0.264000 56.654999
435.250000 67.869164 0.264000 56.759998
435.250000 67.869164 0.264000 56.855000
435.250000 67.869164 0.264000 56.959999
435.250000 68.076485 0.264000 57.044998
435.375000 68.076485 0.264000 57.160000
435.375000 68.076485 0.264000 57.244999
435.375000 68.076485 0.264000 57.355000
435.375000 68.076485 0.226000 57.465000
435.500000 68.076485 0.226000 57.570000
435.500000 68.076485 0.226000 57.654999
435.500000 68.076485 0.226000 57.764999
435.625000 68.277878 0.226000 57.849998
435.625000 68.277878 0.226000 57.965000
435.625000 68.277878 0.226000 58.060001
435.625000 68.277878 0.226000 58.150002
435.625000 68.277878 0.226000 58.259998
435.625000 68.277878 0.226000 58.360001
435.625000 68.277878 0.231000 58.450001
435.625000 68.277878 0.231000 58.564999
435.750000 68.277878 0.231000 58.669998
435.750000 68.277878 0.231000 58.759998
435.750000 68.277878 0.231000 58.855000
435.750000 68.277878 0.231000 58.959999
435.750000 68.277878 0.231000 59.049999
435.750000 68.277878 0.231000 59.160000
435.750000 68.277878 0.231000 59.250000
435.750000 68.277878 0.231000 59.355000
435.750000 68.277878 0.217000 59.459999
435.750000 68.277878 0.217000 59.564999
435.750000 68.277878 0.217000 59.650002
435.750000 68.277878 0.217000 59.755001
435.875000 68.277878 0.217000 59.849998
436.000000 68.480110 0.217000 59.959999
436.000000 68.680298 0.217000 60.060001
436.000000 68.680298 0.217000 60.154999
436.000000 68.881119 0.217000 60.259998
436.000000 69.081390 0.217000 60.365002
436.125000 69.284462 0.232000 60.455002
436.375000 69.284462 0.232000 60.560001
436.625000 69.516579 0.232000 60.650002
436.625000 69.723297 0.232000 60.759998
436.625000 69.936424 0.232000 60.840000
436.875000 70.157455 0.232000 60.955002
436.875000 70.362778 0.232000 61.064999
437.125000 70.569405 0.232000 61.160000
437.250000 70.778069 0.232000 61.264999
437.375000 70.978920 0.232000 61.349998
438.000000 71.188507 0.232000 61.465000
438.125000 71.188507 0.260000 61.549999
438.125000 71.393990 0.260000 61.654999
438.375000 71.594711 0.260000 61.759998
438.500000 71.797447 0.260000 61.845001
438.500000 72.000206 0.260000 61.965000
438.875000 72.206413 0.260000 62.060001
439.000000 72.206413 0.260000 62.150002
439.125000 72.407684 0.260000 62.255001
439.500000 72.608086 0.260000 62.360001
440.000000 72.809334 0.263000 62.450001
440.250000 72.809334 0.263000 62.549999
440.875000 73.011803 0.263000 62.660000
441.500000 73.230179 0.263000 62.744999
442.000000 73.230179 0.263000 62.855000
442.250000 73.441605 0.263000 62.959999
442.500000 73.645760 0.263000 63.060001
442.750000 73.850006 0.263000 63.154999
443.250000 73.850006 0.263000 63.259998
443.625000 74.072800 0.263000 63.365002
444.000000 74.276352 0.263000 63.450001
444.375000 74.478157 0.293000 63.560001
445.375000 74.679329 0.293000 63.654999
445.875000 74.894981 0.293000 63.770000
446.000000 75.103165 0.293000 63.849998
446.000000 75.312393 0.293000 63.959999
446.625000 75.522285 0.293000 64.044998
446.875000 75.732140 0.293000 64.150002
447.375000 75.941238 0.293000 64.264999
447.750000 75.941238 0.293000 64.349998
448.375000 76.150009 0.293000 64.455002
449.000000 76.560097 0.285000 64.565002
449.125000 76.560097 0.285000 64.650002
449.375000 76.795929 0.285000 64.760002
449.875000 77.003159 0.285000 64.849998
450.500000 77.003159 0.285000 64.959999
450.750000 77.232811 0.285000 65.044998
451.125000 77.436600 0.285000 65.165001
451.875000 77.639816 0.285000 65.250000
452.500000 77.639816 0.285000 65.360001
452.875000 77.843796 0.285000 65.464996
453.125000 78.063805 0.305000 65.559998
453.500000 78.063805 0.305000 65.654999
453.750000 78.269730 0.305000 65.764999
454.125000 78.471634 0.305000 65.849998
454.500000 78.678070 0.305000 65.959999
454.750000 78.890129 0.305000 66.050003
455.000000 79.096870 0.305000 66.165001
455.375000 79.096870 0.305000 66.250000
455.375000 79.310539 0.305000 66.364998
455.500000 79.511902 0.305000 66.464996
455.625000 79.511902 0.305000 66.550003
455.625000 79.716537 0.305000 66.660004
455.750000 79.946693 0.305000 66.750000
455.750000 79.946693 0.305000 66.860001
455.750000 80.171745 0.305000 66.945000
455.750000 80.398544 0.305000 67.050003
455.875000 80.398544 0.305000 67.154999
456.000000 80.617531 0.305000 67.260002
456.000000 80.852448 0.305000 67.349998
456.000000 80.852448 0.305000 67.459999
456.125000 81.080666 0.246000 67.544998
456.125000 81.283501 0.246000 67.654999
456.125000 81.486160 0.246000 67.760002
456.375000 81.486160 0.246000 67.845001
456.500000 81.720200 0.246000 67.964996
456.500000 81.922668 0.246000 68.050003
456.750000 81.922668 0.246000 68.160004
456.875000 82.128830 0.246000 68.239998
456.875000 82.128830 0.246000 68.349998
456.875000 82.331291 0.183000 68.459999
456.875000 82.331291 0.183000 68.544998
456.875000 82.331291 0.183000 68.654999
457.000000 82.533722 0.183000 68.760002
457.125000 82.533722 0.183000 68.855003
457.125000 82.533722 0.183000 68.964996
457.125000 82.533722 0.183000 69.050003
457.125000 82.533722 0.183000 69.165001
457.125000 82.533722 0.183000 69.250000
457.125000 82.533722 0.183000 69.355003
457.125000 82.533722 0.168000 69.449997
457.125000 82.533722 0.168000 69.550003
457.125000 82.533722 0.168000 69.665001
457.125000 82.533722 0.168000 69.750000
457.125000 82.533722 0.168000 69.860001
457.125000 82.533722 0.168000 69.949997
457.125000 82.533722 0.168000 70.059998
457.125000 82.533722 0.168000 70.144997
457.125000 82.533722 0.168000 70.254997
457.125000 82.533722 0.168000 70.364998
457.125000 82.533722 0.153000 70.449997
457.125000 82.533722 0.153000 70.555000
457.125000 82.733727 0.153000 70.654999
457.125000 82.733727 0.153000 70.739998
457.125000 82.733727 0.153000 70.860001
457.125000 82.733727 0.153000 70.949997
457.125000 82.733727 0.153000 71.055000
457.125000 82.733727 0.153000 71.160004
457.125000 82.733727 0.153000 71.250000
457.125000 82.733727 0.153000 71.360001
457.125000 82.733727 0.155000 71.449997
457.125000 82.733727 0.155000 71.559998
457.125000 82.949463 0.155000 71.644997
457.125000 82.949463 0.155000 71.754997
457.125000 83.154076 0.155000 71.860001
457.125000 83.361084 0.155000 71.959999
457.375000 83.361084 0.155000 72.055000
457.375000 83.566826 0.155000 72.154999
457.625000 83.796669 0.155000 72.245003
458.000000 83.998039 0.155000 72.360001
458.250000 83.998039 0.182000 72.449997
458.250000 84.207863 0.182000 72.555000
458.375000 84.412048 0.182000 72.644997
458.375000 84.412048 0.182000 72.764999
458.500000 84.648682 0.182000 72.855003
458.625000 84.884056 0.182000 72.964996
458.625000 84.884056 0.182000 73.050003
458.750000 85.098419 0.182000 73.160004
458.750000 85.300941 0.182000 73.260002
458.750000 85.300941 0.182000 73.349998
458.875000 85.505287 0.240000 73.459999
458.875000 85.505287 0.240000 73.565002
458.875000 85.710617 0.240000 73.650002
458.875000 85.710617 0.240000 73.760002
458.875000 85.913086 0.240000 73.860001
458.875000 85.913086 0.240000 73.949997
458.875000 86.118423 0.240000 74.059998
458.875000 86.118423 0.240000 74.165001
459.000000 86.318596 0.240000 74.264999
459.000000 86.318596 0.240000 74.349998
459.000000 86.520538 0.266000 74.455002
459.000000 86.520538 0.266000 74.565002
459.000000 86.520538 0.266000 74.669998
459.125000 86.739822 0.266000 74.750000
459.250000 86.944756 0.266000 74.860001
459.375000 86.944756 0.266000 74.949997
459.500000 87.151779 0.266000 75.055000
459.500000 87.358635 0.266000 75.160004
459.625000 87.358635 0.266000 75.260002
460.000000 87.559006 0.266000 75.360001
460.125000 87.759827 0.252000 75.449997
460.125000 87.961227 0.252000 75.555000
460.125000 87.961227 0.252000 75.660004
460.125000 88.185188 0.252000 75.750000
460.250000 88.387024 0.252000 75.855003
460.250000 88.589386 0.252000 75.964996
460.250000 88.589386 0.252000 76.050003
460.500000 88.807365 0.252000 76.160004
460.750000 89.011047 0.252000 76.264999
460.750000 89.011047 0.252000 76.360001
460.750000 89.246719 0.252000 76.449997
460.875000 89.454140 0.265000 76.555000
461.000000 89.654816 0.265000 76.660004
461.375000 89.860046 0.265000 76.754997
461.375000 89.860046 0.265000 76.860001
461.375000 90.066780 0.265000 76.945000
461.500000 90.066780 0.265000 77.055000
461.625000 90.066780 0.265000 77.160004
461.625000 90.266907 0.265000 77.250000
461.625000 90.266907 0.265000 77.355003
461.625000 90.266907 0.265000 77.459999
461.750000 90.266907 0.281000 77.559998
461.750000 90.266907 0.281000 77.650002
461.875000 90.266907 0.281000 77.760002
461.875000 90.266907 0.281000 77.849998
461.875000 90.266907 0.281000 77.955002
461.875000 90.266907 0.281000 78.044998
461.875000 90.266907 0.281000 78.160004
462.000000 90.266907 0.281000 78.264999
462.000000 90.266907 0.281000 78.364998
462.000000 90.266907 0.260000 78.449997
462.000000 90.266907 0.260000 78.559998
462.000000 90.266907 0.260000 78.644997
462.125000 90.266907 0.260000 78.754997
462.375000 90.470581 0.260000 78.860001
462.625000 90.695587 0.260000 78.955002
462.625000 90.902794 0.260000 79.059998
462.625000 91.110420 0.260000 79.165001
462.625000 91.110420 0.260000 79.250000
462.625000 91.313538 0.260000 79.360001
462.625000 91.518753 0.260000 79.464996
462.750000 91.725060 0.248000 79.550003
462.875000 91.927574 0.248000 79.665001
463.000000 92.129219 0.248000 79.750000
463.125000 92.332893 0.248000 79.860001
463.125000 92.332893 0.248000 79.949997
463.125000 92.332893 0.248000 80.059998
463.375000 92.534584 0.248000 80.160004
463.500000 92.534584 0.248000 80.254997
463.500000 92.534584 0.248000 80.360001
463.625000 92.534584 0.263000 80.464996
463.625000 92.534584 0.263000 80.559998
463.625000 92.534584 0.263000 80.665001
463.625000 92.534584 0.263000 80.754997
463.750000 92.534584 0.263000 80.860001
463.750000 92.534584 0.263000 80.959999
463.750000 92.734764 0.263000 81.044998
463.750000 92.734764 0.263000 81.165001
463.875000 92.734764 0.263000 81.260002
464.000000 92.734764 0.263000 81.360001
464.000000 92.734764 0.263000 81.449997
464.000000 92.734764 0.249000 81.565002
464.000000 92.734764 0.249000 81.654999
464.000000 92.734764 0.249000 81.760002
464.000000 92.734764 0.249000 81.845001
464.000000 92.734764 0.249000 81.955002
464.000000 92.734764 0.249000 82.065002
464.000000 92.734764 0.249000 82.160004
464.000000 92.734764 0.249000 82.260002
464.000000 92.734764 0.249000 82.360001
464.000000 92.734764 0.264000 82.459999
464.000000 92.734764 0.264000 82.559998
464.000000 92.734764 0.264000 82.650002
464.000000 92.734764 0.264000 82.764999
464.000000 92.734764 0.264000 82.855003
464.000000 92.734764 0.264000 82.959999
464.000000 92.734764 0.264000 83.055000
464.000000 92.734764 0.264000 83.160004
464.000000 92.734764 0.264000 83.250000
464.000000 92.734764 0.264000 83.360001
464.000000 92.734764 0.264000 83.464996
464.000000 92.734764 0.248000 83.550003
464.000000 92.734764 0.248000 83.660004
464.000000 92.734764 0.248000 83.754997
464.000000 92.734764 0.248000 83.864998
464.000000 92.734764 0.248000 83.949997
464.000000 92.734764 0.248000 84.059998
464.125000 92.734764 0.248000 84.150002
464.250000 92.938408 0.248000 84.264999
464.250000 92.938408 0.248000 84.360001
464.250000 93.144951 0.248000 84.455002
464.250000 93.144951 0.248000 84.550003
464.375000 93.345978 0.248000 84.650002
464.375000 93.549194 0.248000 84.750000
464.375000 93.549194 0.248000 84.849998
464.375000 93.753159 0.248000 84.949997
464.500000 93.753159 0.248000 85.050003
464.500000 93.953186 0.248000 85.150002
464.500000 93.953186 0.248000 85.245003
464.500000 93.953186 0.248000 85.349998
464.500000 94.154709 0.248000 85.449997
464.500000 94.154709 0.264000 85.559998
464.625000 94.154709 0.264000 85.644997
464.750000 94.355553 0.264000 85.760002
464.750000 94.557182 0.264000 85.849998
464.750000 94.557182 0.264000 85.955002
464.750000 94.783501 0.264000 86.055000
464.750000 94.986244 0.264000 86.144997
464.750000 94.986244 0.264000 86.254997
464.750000 95.193092 0.264000 86.364998
464.750000 95.416771 0.264000 86.455002
464.750000 95.416771 0.268000 86.559998
464.750000 95.635262 0.268000 86.654999
465.000000 95.840149 0.268000 86.754997
465.125000 96.045067 0.268000 86.855003
465.250000 96.045067 0.268000 86.964996
465.250000 96.249535 0.268000 87.055000
465.375000 96.453384 0.268000 87.165001
465.375000 96.656624 0.268000 87.260002
465.375000 96.656624 0.268000 87.355003
465.375000 96.889771 0.267000 87.464996
465.500000 97.094299 0.267000 87.544998
465.625000 97.094299 0.267000 87.654999
465.625000 97.297318 0.267000 87.764999
465.750000 97.503670 0.267000 87.849998
465.750000 97.712379 0.267000 87.959999
465.750000 97.917313 0.267000 88.050003
465.875000 98.125191 0.267000 88.165001
466.250000 98.374550 0.267000 88.250000
466.250000 98.584785 0.267000 88.364998
467.375000 98.785324 0.267000 88.455002
468.000000 98.993446 0.277000 88.565002
468.125000 99.196259 0.277000 88.650002
468.250000 99.196259 0.277000 88.760002
468.500000 99.404541 0.277000 88.864998
468.625000 99.404541 0.277000 88.949997
468.625000 99.608826 0.277000 89.055000
468.750000 99.608826 0.277000 89.160004
469.500000 99.608826 0.277000 89.245003
469.625000 99.810112 0.277000 89.349998
469.625000 99.810112 0.238000 89.455002
469.625000 99.810112 0.238000 89.559998
469.625000 99.810112 0.238000 89.650002
469.750000 99.810112 0.238000 89.760002
469.750000 99.810112 0.238000 89.845001
469.750000 99.810112 0.238000 89.959999
469.750000 99.810112 0.238000 90.044998
469.875000 99.810112 0.238000 90.160004
469.875000 99.810112 0.238000 90.245003
469.875000 99.810112 0.238000 90.355003
470.000000 99.810112 0.235000 90.455002
470.000000 100.011063 0.235000 90.559998
470.000000 100.011063 0.235000 90.654999
470.000000 100.011063 0.235000 90.739998
470.000000 100.217163 0.235000 90.855003
470.250000 100.418983 0.235000 90.964996
470.250000 100.624672 0.235000 91.050003
470.500000 100.624672 0.235000 91.165001
471.625000 100.834244 0.235000 91.254997
473.750000 101.037369 0.235000 91.364998
475.875000 101.240044 0.236000 91.459999
477.750000 101.240044 0.236000 91.544998
480.000000 101.459412 0.236000 91.654999
482.625000 101.674202 0.236000 91.760002
484.125000 101.674202 0.236000 91.845001
486.375000 101.880432 0.236000 91.959999
487.875000 102.118309 0.236000 92.044998
488.625000 102.319450 0.236000 92.154999
490.875000 102.319450 0.236000 92.264999
491.875000 102.526070 0.236000 92.349998
493.000000 102.748566 0.222000 92.459999
494.375000 102.748566 0.222000 92.550003
496.250000 102.952286 0.222000 92.660004
498.500000 103.155037 0.222000 92.745003
500.250000 103.381699 0.222000 92.849998
502.375000 103.381699 0.222000 92.959999
503.625000 103.602730 0.222000 93.040001
505.250000 103.806480 0.222000 93.150002
507.125000 104.009529 0.222000 93.260002
509.000000 104.009529 0.222000 93.349998
509.625000 104.212173 0.236000 93.460999
511.000000 104.431053 0.236000 93.544998
511.125000 104.635811 0.236000 93.660004
512.750000 104.635811 0.236000 93.745003
516.375000 104.846100 0.236000 93.860001
516.375000 105.047646 0.236000 93.945000
516.375000 105.047646 0.236000 94.050003
516.875000 105.250801 0.236000 94.160004
517.125000 105.456131 0.236000 94.260002
517.125000 105.661972 0.236000 94.349998
517.250000 105.661972 0.236000 94.455002
517.250000 105.874405 0.283000 94.550003
517.625000 106.078377 0.283000 94.660004
517.625000 106.078377 0.283000 94.745003
517.625000 106.287415 0.283000 94.855003
517.875000 106.487534 0.283000 94.959999
517.875000 106.688454 0.283000 95.044998
518.000000 106.890213 0.283000 95.165001
518.125000 106.890213 0.283000 95.260002
518.125000 107.092834 0.283000 95.349998
518.375000 107.304489 0.283000 95.459999
518.625000 107.304489 0.267000 95.565002
518.625000 107.509560 0.267000 95.660004
518.625000 107.715233 0.267000 95.754997
518.875000 107.916992 0.267000 95.845001
518.875000 107.916992 0.267000 95.959999
518.875000 108.122139 0.267000 96.059998
518.875000 108.342369 0.267000 96.150002
519.000000 108.342369 0.267000 96.264999
519.125000 108.578087 0.267000 96.360001
519.125000 108.784233 0.240000 96.459999
519.750000 108.784233 0.240000 96.550003
520.125000 108.990105 0.240000 96.660004
520.125000 109.211426 0.240000 96.739998
520.250000 109.211426 0.240000 96.855003
520.250000 109.418510 0.240000 96.945000
520.500000 109.618530 0.240000 97.055000
520.500000 109.818558 0.240000 97.154999
520.625000 109.818558 0.240000 97.264999
520.625000 110.053978 0.240000 97.360001
520.625000 110.258438 0.243000 97.449997
520.750000 110.258438 0.243000 97.559998
520.875000 110.477341 0.243000 97.644997
520.875000 110.698143 0.243000 97.750000
521.000000 110.698143 0.243000 97.860001
521.125000 110.921051 0.243000 97.945000
521.375000 111.125237 0.243000 98.059998
521.375000 111.328979 0.243000 98.150002
521.375000 111.328979 0.243000 98.260002
521.500000 111.533478 0.243000 98.345001
521.625000 111.761284 0.204000 98.455002
521.625000 111.761284 0.204000 98.555000
521.750000 111.973991 0.204000 98.644997
521.750000 112.175407 0.204000 98.754997
522.000000 112.175407 0.204000 98.860001
522.000000 112.378616 0.204000 98.945000
522.000000 112.378616 0.204000 99.065002
522.000000 112.378616 0.204000 99.150002
522.375000 112.581772 0.204000 99.264999
522.375000 112.581772 0.204000 99.360001
522.500000 112.581772 0.200000 99.445000
522.500000 112.581772 0.200000 99.550003
522.625000 112.782776 0.200000 99.644997
522.625000 112.782776 0.200000 99.760002
522.625000 112.782776 0.200000 99.860001
522.625000 112.782776 0.200000 99.945000
522.625000 112.782776 0.200000 100.059998
522.625000 112.782776 0.200000 100.144997
522.625000 112.782776 0.200000 100.260002
522.625000 112.782776 0.200000 100.349998
522.625000 112.782776 0.186000 100.459999
522.625000 112.782776 0.186000 100.550003
522.625000 112.782776 0.186000 100.665001
522.625000 112.782776 0.186000 100.760002
522.625000 112.782776 0.186000 100.845001
522.625000 112.782776 0.186000 100.959999
522.625000 112.782776 0.186000 101.050003
522.625000 112.782776 0.186000 101.160004
522.625000 112.782776 0.186000 101.245003
522.625000 112.782776 0.186000 101.360001
522.625000 112.782776 0.193000 101.445000
522.625000 112.782776 0.193000 101.559998
522.625000 112.782776 0.193000 101.665001
522.625000 112.782776 0.193000 101.760002
522.625000 112.782776 0.193000 101.845001
522.625000 112.782776 0.193000 101.964996
522.625000 112.782776 0.193000 102.059998
522.625000 112.782776 0.193000 102.144997
522.625000 112.782776 0.193000 102.264999
522.625000 112.782776 0.193000 102.360001
522.625000 112.782776 0.208000 102.445000
522.625000 112.782776 0.208000 102.565002
522.625000 112.782776 0.208000 102.650002
522.750000 112.989357 0.208000 102.760002
522.750000 113.193359 0.208000 102.860001
522.750000 113.193359 0.208000 102.949997
522.875000 113.402145 0.208000 103.059998
522.875000 113.635643 0.208000 103.150002
523.000000 113.843872 0.208000 103.254997
523.375000 114.061661 0.208000 103.349998
523.500000 114.061661 0.193000 103.455002
523.500000 114.285683 0.193000 103.550003
523.625000 114.501755 0.193000 103.660004
523.625000 114.501755 0.193000 103.750000
523.625000 114.706688 0.193000 103.855003
523.625000 114.913437 0.193000 103.964996
523.625000 114.913437 0.193000 104.055000
523.625000 115.113998 0.193000 104.160004
523.625000 115.113998 0.193000 104.254997
523.625000 115.323807 0.193000 104.360001
523.625000 115.323807 0.204000 104.455002
523.625000 115.528824 0.204000 104.559998
523.625000 115.528824 0.204000 104.644997
523.625000 115.528824 0.204000 104.754997
523.625000 115.528824 0.204000 104.860001
523.625000 115.729248 0.204000 104.945000
523.750000 115.729248 0.204000 105.059998
523.750000 115.729248 0.204000 105.144997
523.875000 115.729248 0.204000 105.264999
524.000000 115.729248 0.204000 105.349998
524.000000 115.729248 0.218000 105.459999
524.000000 115.729248 0.218000 105.555000
524.000000 115.729248 0.218000 105.660004
524.000000 115.729248 0.218000 105.750000
524.000000 115.729248 0.218000 105.860001
524.000000 115.930344 0.218000 105.945000
524.000000 115.930344 0.218000 106.059998
524.000000 116.132042 0.218000 106.150002
524.125000 116.338013 0.218000 106.254997
524.125000 116.545677 0.218000 106.364998
524.125000 116.753990 0.221000 106.449997
524.250000 116.753990 0.221000 106.559998
524.250000 116.972649 0.221000 106.644997
524.250000 117.178589 0.221000 106.760002
524.250000 117.178589 0.221000 106.845001
524.375000 117.387939 0.221000 106.959999
524.375000 117.590981 0.221000 107.044998
524.375000 117.811447 0.221000 107.165001
524.500000 117.811447 0.221000 107.254997
524.625000 118.018555 0.221000 107.364998
524.625000 118.218643 0.243000 107.455002
524.625000 118.419121 0.243000 107.550003
524.625000 118.624825 0.243000 107.665001
524.750000 118.624825 0.243000 107.750000
524.875000 118.836678 0.243000 107.855003
524.875000 119.038864 0.243000 107.945000
525.000000 119.038864 0.243000 108.055000
525.000000 119.239548 0.243000 108.160004
525.125000 119.464081 0.243000 108.245003
525.125000 119.464081 0.243000 108.349998
525.250000 119.674591 0.243000 108.459999
525.250000 119.876953 0.271000 108.555000
525.375000 120.077805 0.271000 108.660004
525.375000 120.077805 0.271000 108.745003
525.375000 120.283707 0.271000 108.849998
525.375000 120.283707 0.271000 108.964996
525.625000 120.283707 0.271000 109.050003
525.750000 120.283707 0.271000 109.160004
525.750000 120.484901 0.271000 109.260002
525.875000 120.484901 0.271000 109.364998
526.125000 120.484901 0.271000 109.449997
526.125000 120.484901 0.246000 109.565002
526.125000 120.484901 0.246000 109.650002
526.125000 120.484901 0.246000 109.760002
526.375000 120.484901 0.246000 109.845001
526.375000 120.484901 0.246000 109.955002
526.625000 120.484901 0.246000 110.040001
526.625000 120.484901 0.246000 110.150002
526.750000 120.484901 0.246000 110.264999
527.000000 120.484901 0.246000 110.355003
527.000000 120.484901 0.239000 110.459999
527.125000 120.484901 0.239000 110.544998
527.250000 120.484901 0.239000 110.654999
527.250000 120.484901 0.239000 110.760002
527.250000 120.484901 0.239000 110.849998
527.250000 120.484901 0.239000 110.959999
527.375000 120.484901 0.239000 111.050003
527.375000 120.484901 0.239000 111.160004
527.375000 120.484901 0.239000 111.245003
527.375000 120.484901 0.239000 111.349998
527.375000 120.685036 0.239000 111.455002
527.750000 120.685036 0.238000 111.565002
527.875000 120.888466 0.238000 111.650002
527.875000 121.104523 0.238000 111.764999
528.125000 121.104523 0.238000 111.849998
528.250000 121.306259 0.238000 111.959999
528.375000 121.306259 0.238000 112.044998
528.375000 121.509628 0.238000 112.160004
528.500000 121.509628 0.238000 112.245003
528.500000 121.712021 0.238000 112.355003
528.625000 121.712021 0.218000 112.459999
528.625000 121.712021 0.218000 112.555000
528.750000 121.912674 0.218000 112.665001
528.750000 121.912674 0.218000 112.769997
529.000000 122.123688 0.218000 112.860001
529.250000 122.123688 0.218000 112.945000
529.625000 122.329453 0.218000 113.055000
529.875000 122.529823 0.218000 113.165001
530.000000 122.529823 0.218000 113.254997
530.250000 122.740433 0.218000 113.360001
530.375000 122.740433 0.219000 113.445000
530.500000 122.740433 0.219000 113.550003
530.500000 122.947342 0.219000 113.660004
530.625000 122.947342 0.219000 113.760002
531.000000 122.947342 0.219000 113.849998
531.000000 122.947342 0.219000 113.964996
531.250000 122.947342 0.219000 114.050003
531.625000 122.947342 0.219000 114.154999
531.625000 122.947342 0.219000 114.264999
531.625000 122.947342 0.219000 114.355003
531.625000 122.947342 0.215000 114.459999
531.750000 122.947342 0.215000 114.544998
532.000000 122.947342 0.215000 114.660004
532.000000 122.947342 0.215000 114.745003
532.250000 122.947342 0.215000 114.860001
532.250000 122.947342 0.215000 114.949997
532.250000 122.947342 0.215000 115.055000
532.250000 122.947342 0.215000 115.144997
532.375000 122.947342 0.215000 115.260002
532.375000 122.947342 0.215000 115.349998
532.375000 122.947342 0.211000 115.459999
532.500000 122.947342 0.211000 115.550003
532.625000 122.947342 0.211000 115.665001
532.750000 122.947342 0.211000 115.750000
532.750000 122.947342 0.211000 115.860001
532.750000 122.947342 0.211000 115.945000
532.750000 122.947342 0.211000 116.050003
532.750000 122.947342 0.211000 116.154999
532.750000 122.947342 0.211000 116.245003
532.750000 122.947342 0.211000 116.364998
532.750000 122.947342 0.200000 116.459999
532.750000 122.947342 0.200000 116.544998
532.875000 122.947342 0.200000 116.660004
532.875000 122.947342 0.200000 116.764999
532.875000 122.947342 0.200000 116.860001
532.875000 122.947342 0.200000 116.945000
532.875000 122.947342 0.200000 117.059998
532.875000 122.947342 0.200000 117.139999
532.875000 122.947342 0.200000 117.254997
532.875000 122.947342 0.200000 117.364998
532.875000 122.947342 0.200000 117.445000
532.875000 122.947342 0.200000 117.565002
532.875000 122.947342 0.200000 117.654999
532.875000 122.947342 0.200000 117.750000
532.875000 122.947342 0.200000 117.849998
532.875000 122.947342 0.200000 117.949997
532.875000 122.947342 0.200000 118.050003
532.875000 122.947342 0.200000 118.165001
532.875000 122.947342 0.200000 118.250000
533.000000 122.947342 0.200000 118.355003
533.000000 122.947342 0.203000 118.464996
533.000000 122.947342 0.203000 118.550003
533.000000 122.947342 0.203000 118.660004
533.000000 122.947342 0.203000 118.745003
533.000000 122.947342 0.203000 118.855003
533.000000 122.947342 0.203000 118.964996
533.125000 122.947342 0.203000 119.050003
533.250000 122.947342 0.203000 119.165001
533.250000 122.947342 0.203000 119.260002
533.250000 122.947342 0.203000 119.360001
533.375000 122.947342 0.223000 119.459999
533.500000 122.947342 0.223000 119.544998
533.750000 122.947342 0.223000 119.660004
533.875000 122.947342 0.223000 119.745003
534.000000 122.947342 0.223000 119.855003
534.125000 122.947342 0.223000 119.955002
534.250000 122.947342 0.223000 120.050003
534.375000 122.947342 0.223000 120.160004
534.625000 122.947342 0.223000 120.250000
534.625000 122.947342 0.223000 120.360001
534.875000 122.947342 0.210000 120.445000
534.875000 122.947342 0.210000 120.550003
535.000000 122.947342 0.210000 120.665001
535.000000 122.947342 0.210000 120.750000
535.125000 122.947342 0.210000 120.860001
535.250000 122.947342 0.210000 120.959999
535.500000 122.947342 0.210000 121.059998
535.500000 122.947342 0.210000 121.150002
535.500000 122.947342 0.210000 121.260002
535.625000 122.947342 0.210000 121.349998
536.000000 122.947342 0.206000 121.459999
536.000000 122.947342 0.206000 121.550003
536.125000 122.947342 0.206000 121.665001
536.500000 122.947342 0.206000 121.754997
536.625000 122.947342 0.206000 121.864998
536.625000 122.947342 0.206000 121.949997
536.750000 122.947342 0.206000 122.065002
537.000000 122.947342 0.206000 122.150002
537.125000 122.947342 0.206000 122.264999
537.125000 122.947342 0.206000 122.349998
537.375000 122.947342 0.226000 122.459999
537.750000 122.947342 0.226000 122.544998
537.750000 122.947342 0.226000 122.654999
537.875000 122.947342 0.226000 122.760002
538.250000 122.947342 0.226000 122.849998
538.250000 122.947342 0.226000 122.955002
538.250000 122.947342 0.226000 123.065002
538.625000 122.947342 0.226000 123.144997
538.625000 122.947342 0.226000 123.260002
538.625000 122.947342 0.226000 123.364998
538.750000 122.947342 0.190000 123.455002
539.125000 122.947342 0.190000 123.559998
539.125000 122.947342 0.190000 123.644997
539.125000 122.947342 0.190000 123.754997
539.625000 122.947342 0.190000 123.860001
539.625000 122.947342 0.190000 123.949997
539.625000 122.947342 0.190000 124.050003
539.750000 122.947342 0.190000 124.139999
540.000000 122.947342 0.190000 124.264999
540.000000 122.947342 0.190000 124.360001
540.125000 122.947342 0.204000 124.449997
540.375000 122.947342 0.204000 124.559998
540.375000 122.947342 0.204000 124.654999
540.375000 122.947342 0.204000 124.739998
540.375000 122.947342 0.204000 124.860001
540.375000 122.947342 0.204000 124.955002
540.375000 122.947342 0.204000 125.065002
540.375000 122.947342 0.204000 125.150002
540.375000 122.947342 0.204000 125.264999
540.375000 122.947342 0.204000 125.349998
540.500000 122.947342 0.193000 125.464996
540.500000 122.947342 0.193000 125.550003
540.500000 122.947342 0.193000 125.665001
540.500000 122.947342 0.193000 125.754997
540.500000 122.947342 0.193000 125.860001
540.500000 122.947342 0.193000 125.940002
540.625000 122.947342 0.193000 126.055000
540.875000 122.947342 0.193000 126.160004
540.875000 122.947342 0.193000 126.260002
540.875000 122.947342 0.193000 126.349998
540.875000 122.947342 0.200000 126.459999
540.875000 122.947342 0.200000 126.550003
540.875000 122.947342 0.200000 126.660004
540.875000 122.947342 0.200000 126.750000
541.125000 122.947342 0.200000 126.855003
541.125000 122.947342 0.200000 126.945000
541.125000 122.947342 0.200000 127.055000
541.125000 122.947342 0.200000 127.160004
541.125000 122.947342 0.200000 127.254997
541.125000 122.947342 0.200000 127.360001
541.125000 122.947342 0.195000 127.449997
541.125000 122.947342 0.195000 127.559998
541.125000 122.947342 0.195000 127.644997
541.125000 122.947342 0.195000 127.754997
541.125000 122.947342 0.195000 127.860001
541.125000 122.947342 0.195000 127.945000
541.125000 122.947342 0.195000 128.054993
541.125000 122.947342 0.195000 128.160004
541.125000 122.947342 0.195000 128.240005
541.125000 122.947342 0.195000 128.354996
541.125000 122.947342 0.195000 128.455002
