90.000000 0.000000 0.207000 0.080000
110.625000 0.202636 0.207000 0.170000
122.750000 0.405780 0.207000 0.275000
130.875000 0.405780 0.207000 0.375000
139.625000 0.610085 0.207000 0.475000
146.375000 0.832137 0.207000 0.575000
153.375000 1.038916 0.207000 0.675000
158.875000 1.247593 0.207000 0.775000
165.250000 1.457208 0.207000 0.870000
170.000000 1.657252 0.237000 0.980000
174.500000 1.857456 0.237000 1.075000
179.625000 2.059880 0.237000 1.170000
185.375000 2.262366 0.237000 1.275000
190.375000 2.463988 0.237000 1.375000
194.875000 2.664598 0.237000 1.470000
199.625000 2.874460 0.237000 1.565000
204.750000 3.076017 0.237000 1.670000
210.125000 3.318717 0.237000 1.775000
217.125000 3.526839 0.237000 1.880000
220.375000 3.526839 0.237000 1.980000
225.500000 3.728464 0.258000 2.080000
229.625000 3.935317 0.258000 2.165000
231.750000 4.137594 0.258000 2.275000
234.500000 4.137594 0.258000 2.380000
237.000000 4.343061 0.258000 2.465000
238.750000 4.544252 0.258000 2.565000
240.375000 4.745676 0.258000 2.670000
242.500000 4.745676 0.258000 2.780000
243.500000 4.969839 0.258000 2.875000
244.875000 5.176202 0.258000 2.980000
245.875000 5.176202 0.266000 3.065000
247.500000 5.380032 0.266000 3.165000
249.250000 5.580759 0.266000 3.275000
250.375000 5.580759 0.266000 3.360000
251.500000 5.580759 0.266000 3.480000
252.625000 5.785601 0.266000 3.575000
254.125000 5.785601 0.266000 3.660000
255.750000 5.785601 0.266000 3.780000
256.250000 5.785601 0.266000 3.865000
256.625000 5.785601 0.165000 3.975000
256.625000 5.785601 0.165000 4.065000
256.875000 5.785601 0.165000 4.170000
257.750000 5.985966 0.165000 4.260000
258.250000 5.985966 0.165000 4.375000
259.000000 5.985966 0.165000 4.460000
259.125000 5.985966 0.165000 4.565000
259.375000 5.985966 0.165000 4.675000
259.875000 5.985966 0.165000 4.765000
260.000000 5.985966 0.165000 4.875000
260.000000 5.985966 0.162000 4.975000
260.000000 5.985966 0.162000 5.075000
260.000000 5.985966 0.162000 5.175000
260.125000 5.985966 0.162000 5.280000
260.625000 5.985966 0.162000 5.365000
260.625000 5.985966 0.162000 5.475000
260.875000 5.985966 0.162000 5.560000
261.500000 5.985966 0.162000 5.670000
261.625000 5.985966 0.162000 5.775000
261.875000 6.190097 0.162000 5.870000
262.125000 6.190097 0.164000 5.965000
262.250000 6.392494 0.164000 6.065000
262.250000 6.610305 0.164000 6.175000
262.500000 6.610305 0.164000 6.260000
263.250000 6.810864 0.164000 6.375000
263.375000 6.810864 0.164000 6.465000
263.375000 7.018086 0.164000 6.575000
263.500000 7.018086 0.164000 6.670000
263.750000 7.220021 0.164000 6.770000
263.875000 7.220021 0.164000 6.875000
264.000000 7.220021 0.195000 6.965000
264.375000 7.420432 0.195000 7.075000
264.500000 7.420432 0.195000 7.175000
264.625000 7.420432 0.195000 7.265000
265.500000 7.420432 0.195000 7.365000
265.875000 7.420432 0.195000 7.470000
266.000000 7.420432 0.195000 7.575000
266.000000 7.420432 0.195000 7.670000
266.125000 7.420432 0.195000 7.780000
266.375000 7.420432 0.195000 7.870000
266.500000 7.420432 0.183000 7.975000
266.500000 7.420432 0.183000 8.075000
266.750000 7.620584 0.183000 8.180000
266.750000 7.620584 0.183000 8.270000
266.875000 7.620584 0.183000 8.375000
267.000000 7.620584 0.183000 8.465000
267.250000 7.620584 0.183000 8.570000
267.500000 7.620584 0.183000 8.670000
267.625000 7.620584 0.183000 8.780000
267.625000 7.620584 0.183000 8.875000
267.625000 7.620584 0.172000 8.970000
267.750000 7.620584 0.172000 9.075000
268.000000 7.620584 0.172000 9.180000
268.000000 7.620584 0.172000 9.275000
268.250000 7.826215 0.172000 9.370000
268.875000 8.027852 0.172000 9.465000
269.250000 8.233754 0.172000 9.575000
270.000000 8.233754 0.172000 9.665000
271.125000 8.438913 0.172000 9.775000
271.750000 8.662418 0.172000 9.870000
272.750000 8.872447 0.219000 9.975000
273.000000 9.073860 0.219000 10.075000
273.500000 9.282940 0.219000 10.175000
274.000000 9.491476 0.219000 10.270000
274.375000 9.699366 0.219000 10.375000
275.000000 9.906727 0.219000 10.475000
276.000000 10.143344 0.219000 10.580000
276.500000 10.350279 0.219000 10.675000
277.250000 10.557199 0.219000 10.770000
277.875000 10.764866 0.219000 10.875000
278.750000 10.974745 0.219000 10.970000
280.000000 11.176605 0.329000 11.070000
281.625000 11.176605 0.329000 11.170000
282.625000 11.418962 0.329000 11.265000
283.625000 11.619031 0.329000 11.375000
284.250000 11.823397 0.329000 11.470000
285.625000 12.030491 0.329000 11.570000
287.250000 12.239017 0.329000 11.675000
289.000000 12.448303 0.329000 11.765000
290.000000 12.657965 0.329000 11.870000
291.250000 12.896732 0.329000 11.970000
292.125000 13.101335 0.284000 12.080000
293.375000 13.302284 0.284000 12.180000
294.875000 13.302284 0.284000 12.265000
296.750000 13.503947 0.284000 12.370000
298.500000 13.725194 0.284000 12.475000
299.750000 13.932047 0.284000 12.580000
300.750000 13.932047 0.284000 12.665000
302.000000 14.136308 0.284000 12.770000
302.875000 14.377252 0.284000 12.870000
303.625000 14.377252 0.284000 12.970000
304.375000 14.587940 0.334000 13.080000
305.875000 14.821349 0.334000 13.165000
306.625000 15.028733 0.334000 13.280000
307.750000 15.028733 0.334000 13.375000
309.000000 15.229978 0.334000 13.475000
310.625000 15.430862 0.334000 13.575000
312.250000 15.648542 0.334000 13.670000
313.375000 15.851986 0.334000 13.775000
313.875000 15.851986 0.334000 13.870000
315.125000 16.055586 0.334000 13.975000
316.250000 16.262871 0.290000 14.070000
317.375000 16.262871 0.290000 14.175000
318.500000 16.478405 0.290000 14.270000
319.625000 16.712067 0.290000 14.370000
320.125000 16.712067 0.290000 14.470000
321.625000 16.931868 0.290000 14.575000
323.500000 17.159672 0.290000 14.665000
325.375000 17.364725 0.290000 14.780000
326.125000 17.364725 0.290000 14.865000
327.125000 17.600496 0.290000 14.970000
328.500000 17.801287 0.300000 15.080000
329.250000 17.801287 0.300000 15.175000
329.750000 18.022844 0.300000 15.270000
330.500000 18.225750 0.300000 15.370000
331.125000 18.426781 0.300000 15.475000
332.250000 18.631157 0.300000 15.580000
333.000000 18.837372 0.300000 15.665000
334.500000 19.044054 0.300000 15.770000
335.125000 19.290163 0.300000 15.870000
335.875000 19.497959 0.300000 15.970000
336.875000 19.705952 0.290000 16.070000
337.875000 19.912132 0.290000 16.180000
338.625000 19.912132 0.290000 16.264999
340.250000 20.118015 0.290000 16.370001
340.875000 20.322092 0.290000 16.455000
341.750000 20.537176 0.290000 16.565001
343.125000 20.537176 0.290000 16.674999
343.500000 20.760084 0.290000 16.775000
344.875000 20.981461 0.290000 16.870001
345.750000 20.981461 0.290000 16.969999
346.375000 21.196522 0.359000 17.080000
347.000000 21.434162 0.359000 17.174999
347.625000 21.434162 0.359000 17.270000
348.000000 21.636023 0.359000 17.375000
349.000000 21.636023 0.359000 17.480000
349.625000 21.837408 0.359000 17.580000
350.000000 21.837408 0.359000 17.674999
350.250000 21.837408 0.359000 17.780001
350.375000 21.837408 0.359000 17.875000
350.375000 21.837408 0.359000 17.975000
350.375000 21.837408 0.335000 18.075001
350.500000 21.837408 0.335000 18.165001
350.625000 22.037642 0.335000 18.275000
351.125000 22.037642 0.335000 18.375000
351.125000 22.037642 0.335000 18.469999
351.625000 22.037642 0.335000 18.575001
352.000000 22.037642 0.335000 18.674999
352.125000 22.037642 0.335000 18.770000
352.125000 22.037642 0.335000 18.879999
352.125000 22.037642 0.335000 18.975000
352.125000 22.037642 0.292000 19.080000
352.375000 22.037642 0.292000 19.174999
352.625000 22.037642 0.292000 19.264999
352.750000 22.037642 0.292000 19.375000
354.000000 22.037642 0.292000 19.465000
354.125000 22.237961 0.292000 19.575001
354.375000 22.455847 0.292000 19.674999
355.750000 22.455847 0.292000 19.764999
356.125000 22.659235 0.292000 19.865000
356.125000 22.893187 0.292000 19.975000
356.375000 22.893187 0.303000 20.070000
356.625000 23.099098 0.303000 20.160000
356.875000 23.318388 0.303000 20.264999
357.000000 23.318388 0.303000 20.375000
357.375000 23.550938 0.303000 20.469999
357.500000 23.760864 0.303000 20.570000
357.750000 23.760864 0.303000 20.670000
358.625000 23.991781 0.303000 20.770000
359.000000 24.220896 0.303000 20.870001
361.500000 24.220896 0.303000 20.975000
368.500000 24.442259 0.269000 21.070000
373.000000 24.648382 0.269000 21.174999
376.750000 24.648382 0.269000 21.275000
382.000000 24.876589 0.269000 21.375000
384.375000 25.092295 0.269000 21.475000
387.625000 25.295767 0.269000 21.575001
391.375000 25.295767 0.269000 21.670000
394.125000 25.500650 0.269000 21.770000
397.375000 25.713097 0.269000 21.870001
402.625000 25.713097 0.229000 21.980000
406.750000 25.939075 0.229000 22.075001
409.000000 26.139565 0.229000 22.174999
410.000000 26.139565 0.229000 22.275000
411.750000 26.343212 0.229000 22.375000
413.625000 26.343212 0.229000 22.459999
414.625000 26.343212 0.229000 22.580000
415.875000 26.343212 0.229000 22.674999
416.875000 26.543726 0.229000 22.770000
417.250000 26.543726 0.229000 22.875000
417.375000 26.543726 0.229000 22.969999
419.000000 26.543726 0.272000 23.075001
419.500000 26.543726 0.272000 23.174999
419.875000 26.543726 0.272000 23.270000
421.000000 26.543726 0.272000 23.375000
421.375000 26.543726 0.272000 23.480000
421.500000 26.543726 0.272000 23.565001
422.125000 26.543726 0.272000 23.680000
422.625000 26.543726 0.272000 23.770000
423.125000 26.543726 0.272000 23.875000
423.375000 26.543726 0.272000 23.969999
424.125000 26.543726 0.269000 24.070000
424.500000 26.543726 0.269000 24.180000
424.875000 26.543726 0.269000 24.275000
425.625000 26.543726 0.269000 24.379999
425.875000 26.543726 0.269000 24.465000
426.375000 26.543726 0.269000 24.570000
426.500000 26.543726 0.269000 24.674999
426.625000 26.543726 0.269000 24.775000
426.750000 26.543726 0.269000 24.875000
427.875000 26.543726 0.269000 24.969999
428.000000 26.543726 0.284000 25.075001
428.000000 26.543726 0.284000 25.174999
428.000000 26.543726 0.284000 25.275000
428.125000 26.543726 0.284000 25.370001
428.500000 26.543726 0.284000 25.480000
429.000000 26.543726 0.284000 25.565001
429.500000 26.543726 0.284000 25.665001
429.500000 26.543726 0.284000 25.775000
429.625000 26.543726 0.284000 25.875000
429.750000 26.543726 0.284000 25.980000
430.250000 26.543726 0.255000 26.075001
430.625000 26.543726 0.255000 26.170000
431.125000 26.543726 0.255000 26.275000
431.250000 26.543726 0.255000 26.365000
431.375000 26.543726 0.255000 26.465000
431.500000 26.543726 0.255000 26.575001
432.000000 26.543726 0.255000 26.674999
432.000000 26.543726 0.255000 26.780001
432.375000 26.543726 0.255000 26.875000
433.000000 26.543726 0.255000 26.969999
433.500000 26.543726 0.262000 27.070000
434.000000 26.543726 0.262000 27.174999
435.375000 26.756346 0.262000 27.280001
436.375000 26.959249 0.262000 27.375000
436.375000 26.959249 0.262000 27.480000
437.125000 27.166533 0.262000 27.580000
438.125000 27.372267 0.262000 27.665001
438.250000 27.372267 0.262000 27.770000
438.500000 27.577433 0.262000 27.865000
438.625000 27.782169 0.262000 27.980000
439.500000 27.782169 0.231000 28.075001
439.750000 27.782169 0.231000 28.165001
440.000000 27.983429 0.231000 28.280001
440.125000 27.983429 0.231000 28.379999
440.500000 27.983429 0.231000 28.475000
440.500000 27.983429 0.231000 28.575001
440.625000 27.983429 0.231000 28.674999
440.625000 27.983429 0.231000 28.775000
440.750000 27.983429 0.231000 28.870001
440.750000 27.983429 0.231000 28.975000
441.000000 27.983429 0.213000 29.070000
441.000000 27.983429 0.213000 29.180000
441.000000 27.983429 0.213000 29.264999
441.000000 27.983429 0.213000 29.379999
441.000000 27.983429 0.213000 29.469999
441.125000 27.983429 0.213000 29.575001
441.125000 27.983429 0.213000 29.680000
441.125000 27.983429 0.213000 29.770000
441.125000 27.983429 0.213000 29.875000
441.125000 27.983429 0.198000 29.969999
441.125000 27.983429 0.198000 30.075001
441.375000 27.983429 0.198000 30.174999
441.375000 27.983429 0.198000 30.264999
441.375000 27.983429 0.198000 30.375000
441.625000 27.983429 0.198000 30.469999
441.750000 27.983429 0.198000 30.570000
441.750000 27.983429 0.198000 30.674999
441.875000 27.983429 0.198000 30.775000
441.875000 27.983429 0.198000 30.875000
441.875000 27.983429 0.192000 30.975000
441.875000 27.983429 0.192000 31.075001
441.875000 27.983429 0.192000 31.174999
441.875000 27.983429 0.192000 31.270000
442.000000 27.983429 0.192000 31.360001
442.000000 27.983429 0.192000 31.465000
442.000000 27.983429 0.192000 31.570000
442.125000 27.983429 0.192000 31.680000
442.125000 27.983429 0.192000 31.764999
442.125000 27.983429 0.192000 31.865000
442.125000 27.983429 0.193000 31.975000
442.125000 27.983429 0.193000 32.070000
442.125000 27.983429 0.193000 32.174999
442.125000 27.983429 0.193000 32.264999
442.125000 27.983429 0.193000 32.365002
442.250000 27.983429 0.193000 32.470001
442.250000 27.983429 0.193000 32.575001
442.250000 27.983429 0.193000 32.680000
442.250000 27.983429 0.193000 32.764999
442.375000 27.983429 0.193000 32.865002
442.500000 27.983429 0.191000 32.970001
442.500000 27.983429 0.191000 33.080002
442.625000 27.983429 0.191000 33.174999
443.000000 27.983429 0.191000 33.259998
443.000000 27.983429 0.191000 33.360001
443.125000 27.983429 0.191000 33.474998
443.125000 27.983429 0.191000 33.575001
443.125000 27.983429 0.191000 33.669998
443.250000 27.983429 0.191000 33.770000
443.250000 27.983429 0.191000 33.869999
443.250000 27.983429 0.186000 33.965000
443.250000 27.983429 0.186000 34.080002
443.250000 27.983429 0.186000 34.165001
443.250000 27.983429 0.186000 34.279999
443.375000 27.983429 0.186000 34.365002
443.375000 27.983429 0.186000 34.474998
443.375000 27.983429 0.186000 34.580002
443.375000 27.983429 0.186000 34.674999
443.375000 27.983429 0.186000 34.764999
443.375000 27.983429 0.186000 34.875000
443.375000 27.983429 0.191000 34.965000
443.375000 27.983429 0.191000 35.075001
443.375000 27.983429 0.191000 35.169998
443.375000 27.983429 0.191000 35.275002
443.375000 27.983429 0.191000 35.365002
443.375000 27.983429 0.191000 35.470001
443.375000 27.983429 0.191000 35.580002
443.375000 27.983429 0.191000 35.665001
443.375000 27.983429 0.191000 35.775002
443.375000 27.983429 0.191000 35.875000
443.500000 27.983429 0.191000 35.980000
443.500000 27.983429 0.191000 36.075001
443.500000 27.983429 0.191000 36.169998
443.500000 27.983429 0.191000 36.259998
443.500000 27.983429 0.191000 36.365002
443.500000 27.983429 0.191000 36.465000
443.500000 27.983429 0.191000 36.570000
443.500000 27.983429 0.191000 36.674999
443.500000 27.983429 0.191000 36.775002
443.500000 27.983429 0.191000 36.875000
443.500000 27.983429 0.170000 36.965000
443.500000 27.983429 0.170000 37.075001
443.500000 27.983429 0.170000 37.169998
443.500000 27.983429 0.170000 37.279999
443.500000 27.983429 0.170000 37.365002
443.625000 27.983429 0.170000 37.474998
443.625000 27.983429 0.170000 37.575001
443.625000 27.983429 0.170000 37.660000
443.625000 27.983429 0.170000 37.759998
443.625000 27.983429 0.170000 37.880001
443.625000 27.983429 0.173000 37.974998
443.625000 27.983429 0.173000 38.075001
443.625000 27.983429 0.173000 38.180000
443.625000 27.983429 0.173000 38.275002
443.625000 27.983429 0.173000 38.369999
443.625000 27.983429 0.173000 38.470001
443.625000 27.983429 0.173000 38.575001
443.625000 27.983429 0.173000 38.674999
443.625000 27.983429 0.173000 38.775002
443.625000 27.983429 0.173000 38.869999
443.625000 27.983429 0.181000 38.974998
443.625000 27.983429 0.181000 39.070000
470.375000 27.983429 0.181000 39.174999
470.375000 27.983429 0.181000 39.275002
470.375000 27.983429 0.181000 39.369999
470.375000 27.983429 0.181000 39.474998
470.375000 27.983429 0.181000 39.575001
470.375000 27.983429 0.181000 39.669998
470.375000 27.983429 0.181000 39.775002
470.375000 27.983429 0.181000 39.875000
470.375000 27.983429 0.181000 39.974998
470.375000 27.983429 0.210000 40.075001
470.500000 27.983429 0.210000 40.174999
470.500000 27.983429 0.210000 40.270000
470.500000 27.983429 0.210000 40.369999
470.500000 27.983429 0.210000 40.465000
470.500000 27.983429 0.210000 40.564999
470.500000 27.983429 0.210000 40.674999
470.500000 27.983429 0.210000 40.779999
470.500000 27.983429 0.210000 40.875000
470.500000 27.983429 0.210000 40.974998
470.500000 27.983429 0.210000 41.075001
470.500000 27.983429 0.210000 41.174999
470.500000 27.983429 0.210000 41.270000
470.500000 27.983429 0.210000 41.380001
470.500000 27.983429 0.210000 41.480000
471.875000 27.983429 0.210000 41.570000
485.125000 27.983429 0.210000 41.665001
485.125000 27.983429 0.210000 41.770000
485.125000 27.983429 0.210000 41.875000
485.125000 27.983429 0.210000 41.974998
485.125000 27.983429 0.210000 42.075001
485.125000 27.983429 0.210000 42.174999
