-12.788285 4.000000 1.000000 0.000000 0.129835 0.000000 0.000000
-12.586764 4.000000 1.000000 0.000000 -0.023571 0.000000 0.195000
-12.362068 4.000000 1.000000 0.000000 -0.017385 0.000000 0.425000
-12.154737 4.009754 1.000000 -0.063427 0.188521 0.153795 0.630000
-11.955524 4.038608 1.018862 0.009376 0.091047 0.274060 0.785000
-11.758419 4.069380 1.047545 0.022321 0.040776 0.321876 0.925000
-11.554394 4.099344 1.047465 -0.017070 0.027682 0.380639 1.065000
-11.356020 4.132927 1.047364 -0.052711 0.028260 0.440511 1.200000
-11.159043 4.177004 1.047282 -0.052225 0.030041 0.480878 1.335000
-10.949437 4.236524 1.047222 -0.049200 -0.023251 0.465655 1.480000
-10.756730 4.299915 1.047222 -0.025373 -0.250282 0.334755 1.625000
-10.561532 4.372014 1.047222 0.029150 -0.181221 0.114844 1.835000
-10.377729 4.453712 1.047222 0.044772 -0.056135 -0.309271 2.240000
-10.318207 4.257858 1.047222 -0.002812 0.201624 -1.795709 4.095000
-10.359631 4.056759 1.047222 -0.008621 0.086113 -1.867325 4.250000
-10.400101 3.858976 1.047222 -0.031372 0.039549 -1.887076 4.390000
-10.439813 3.646823 1.047222 -0.005198 0.024764 -1.874539 4.535000
-10.481702 3.424336 1.047222 0.024213 0.018247 -1.865083 4.685000
-10.529599 3.201852 1.047222 0.033301 0.015363 -1.858126 4.835000
-10.585195 2.980249 1.047222 0.027140 0.103524 -1.853097 4.985000
-10.647513 2.758473 1.047222 0.015564 0.155957 -1.849627 5.125000
-10.706772 2.557877 1.047222 0.002610 0.101668 -1.847443 5.240000
-10.764101 2.365638 1.047222 -0.008247 0.062864 -1.845876 5.345000
-10.822232 2.168534 1.047222 -0.014837 0.042150 -1.844604 5.450000
-10.879456 1.968541 1.047222 -0.079852 0.028285 -1.793921 5.555000
-10.930012 1.765959 1.047222 -0.038144 0.024742 -1.744580 5.660000
-10.982756 1.532782 1.047222 -0.012989 0.023659 -1.749955 5.780000
-11.027644 1.328021 1.047222 -0.014818 0.021391 -1.753689 5.885000
-11.069713 1.122571 1.047222 -0.041302 0.021630 -1.710303 5.990000
-11.107608 0.916329 1.047222 -0.018724 0.021944 -1.714884 6.095000
-11.143665 0.709603 1.047222 -0.015559 0.020322 -1.718564 6.200000
-11.178348 0.502570 1.047222 -0.013338 0.019666 -1.721528 6.305000
-11.217999 0.257701 1.047222 0.022365 -0.052976 -1.751557 6.430000
-11.253193 0.058271 1.047222 0.033066 0.029573 -1.820688 6.535000
-11.292442 -0.140757 1.047222 0.001839 0.045715 -1.815177 6.640000
-11.333417 -0.342195 1.047222 0.061140 0.038147 -1.851567 6.745000
-11.380889 -0.543874 1.047222 0.038278 0.033018 -1.899705 6.850000
-11.433769 -0.745382 1.047222 0.014337 0.028261 -1.892459 6.955000
-11.489604 -0.947002 1.047222 0.083075 0.024499 -1.942617 7.060000
-11.559510 -1.165269 1.047222 0.032350 0.024724 -1.973187 7.175000
-11.629756 -1.362636 1.047222 0.094160 0.024781 -2.043594 7.280000
-11.713387 -1.565255 1.047222 0.045640 0.024753 -2.094767 7.390000
-11.799532 -1.756125 1.047222 0.074169 0.024837 -2.127301 7.495000
-11.893229 -1.943332 1.047222 0.109033 0.027511 -2.213931 7.600000
-12.018792 -2.157812 1.073643 0.116860 0.032131 -2.311818 7.725000
-12.130530 -2.321773 1.107605 0.117213 0.034783 -2.385146 7.825000
-12.264748 -2.493550 1.143924 0.124026 0.037295 -2.464582 7.935000
-12.396847 -2.640816 1.205266 0.151587 -0.021232 -2.568523 8.035000
-12.540092 -2.779049 1.270077 0.187608 -0.108349 -2.736176 8.140000
-12.693940 -2.904535 1.314790 0.149649 -0.053503 -2.792439 8.255000
-12.860599 -3.016664 1.342596 0.135748 -0.005137 -2.843271 8.380000
-13.058770 -3.121090 1.374452 0.116685 0.015643 -2.903228 8.525000
-13.249269 -3.197561 1.405501 0.095902 0.020963 -2.966025 8.660000
-13.444581 -3.257459 1.435810 0.107372 0.022364 -3.058733 8.795000
-13.650698 -3.300112 1.468004 0.108541 0.026332 3.061356 8.935000
-13.850641 -3.320786 1.499524 0.106789 0.032538 2.907218 9.070000
-14.049852 -3.321481 1.529884 0.106757 0.040189 2.770615 9.205000
-14.246804 -3.301589 1.560971 0.117794 0.048229 2.636838 9.340000
-14.467745 -3.251805 1.575258 0.081128 0.049134 2.551497 9.495000
-14.663230 -3.186135 1.580361 0.098441 0.045109 2.484557 9.635000
-14.845394 -3.103616 1.576360 0.110987 0.042750 2.418799 9.770000
-15.018318 -3.001434 1.556891 0.144410 0.039433 2.313681 9.905000
-15.176372 -2.878110 1.533369 0.139849 0.039714 2.160981 10.040000
-15.331272 -2.719170 1.494474 0.117087 0.040916 2.000335 10.190000
-15.461424 -2.548815 1.461869 0.079261 0.036294 1.889414 10.335000
-15.577291 -2.360041 1.463122 0.124533 0.043654 1.721257 10.485000
-15.662356 -2.173249 1.464090 0.097280 0.050294 1.631908 10.625000
-15.727680 -1.977517 1.464864 0.102988 0.047311 1.578227 10.765000
-15.771534 -1.781977 1.478434 0.139113 0.041643 1.483082 10.900000
-15.792005 -1.582893 1.513406 0.087898 0.038893 1.407804 11.035000
-15.793561 -1.359438 1.550382 0.082247 0.032513 1.345747 11.185000
-15.776731 -1.142971 1.586401 0.077205 0.028516 1.278454 11.330000
-15.745872 -0.942546 1.599748 0.069451 0.025087 1.216177 11.465000
-15.704663 -0.743545 1.623162 -0.037670 0.013220 1.341763 11.600000
-15.667640 -0.543253 1.648884 -0.065298 0.012301 1.481749 11.735000
-15.638623 -0.341759 1.677151 -0.012675 0.015192 1.531909 11.870000
-15.614303 -0.139537 1.689663 -0.060546 0.017668 1.627132 12.005000
-15.598195 0.063444 1.714133 -0.049044 0.019176 1.641196 12.140000
-15.591569 0.267051 1.710520 -0.050150 0.020835 1.685887 12.275000
-15.595799 0.493774 1.707277 -0.042852 0.017225 1.679939 12.425000
-15.607636 0.698044 1.718286 -0.014732 0.013953 1.644687 12.560000
-15.623860 0.909982 1.750480 0.005408 0.011501 1.600267 12.700000
-15.637273 1.111437 1.774667 0.008363 0.169689 1.532999 12.830000
-15.647832 1.317344 1.788939 -0.022828 0.135590 1.541002 12.950000
-15.659404 1.520752 1.787677 0.001564 0.088084 1.546898 13.060000
-15.669913 1.722585 1.786663 0.025500 0.056389 1.551355 13.165000
-15.677556 1.928401 1.785800 0.036599 0.039089 1.554944 13.270000
-15.681353 2.146203 1.785038 0.034946 0.029747 1.557926 13.380000
-15.681349 2.365083 1.784392 -0.034289 0.021497 1.609647 13.490000
-15.681718 2.574183 1.783871 0.073203 0.021082 1.543693 13.595000
-15.674651 2.793021 1.783407 0.085217 0.023490 1.439725 13.705000
-15.655633 3.040826 1.782968 -0.002955 0.023624 1.410328 13.830000
-15.638281 3.249175 1.782661 -0.015316 0.021915 1.420792 13.935000
-15.621971 3.457933 1.782399 -0.002674 0.021863 1.429241 14.040000
-15.605525 3.666893 1.782176 0.011020 0.022243 1.435998 14.145000
-15.587604 3.875881 1.781986 0.017720 0.021186 1.441454 14.250000
-15.567606 4.084175 1.781825 0.018333 -0.020599 1.445779 14.355000
-15.546069 4.287415 1.781688 0.013599 -0.081450 1.449284 14.460000
-15.522545 4.493684 1.781568 0.040309 0.048407 1.432091 14.570000
-15.494402 4.711876 1.781462 0.059349 0.051758 1.388154 14.685000
-15.456257 4.942380 1.781369 0.038419 0.042429 1.319765 14.805000
-15.406650 5.193835 1.781287 0.019086 0.033140 1.323135 14.935000
-15.363304 5.397919 1.781232 0.022236 0.026673 1.325248 15.040000
-15.318199 5.602351 1.781184 -0.052202 0.021268 1.404394 15.145000
-15.277839 5.807735 1.781145 -0.074527 0.021122 1.505172 15.250000
-15.245420 6.013875 1.781110 -0.088477 0.025904 1.593585 15.355000
-15.222552 6.219603 1.781081 -0.100782 -0.005079 1.677800 15.460000
-15.210138 6.423305 1.781057 -0.051045 0.041735 1.700464 15.565000
-15.204632 6.628355 1.781036 -0.052753 0.044483 1.688534 15.670000
-15.205938 6.855054 1.781017 -0.065026 0.036200 1.678243 15.785000
-15.217188 7.082704 1.781000 -0.138208 0.029476 1.747333 15.900000
-15.240029 7.289708 1.780988 -0.056165 0.028183 1.747124 16.004999
-15.269633 7.496447 1.780978 -0.032140 0.025334 1.742307 16.110001
-15.308142 7.732663 1.780968 -0.054039 0.022603 1.761833 16.230000
-15.346596 7.938808 1.780960 -0.020652 0.022130 1.782192 16.334999
-15.389296 8.144258 1.780954 -0.063435 0.021592 1.871728 16.440001
-15.438679 8.347422 1.780949 -0.062894 0.011219 1.956376 16.545000
-15.491047 8.548267 1.780944 0.107873 0.011520 1.814124 16.650000
-15.533359 8.750522 1.780940 0.139958 -0.060206 1.651442 16.754999
-15.560915 8.954168 1.780937 0.167466 -0.116165 1.439728 16.865000
-15.569525 9.180974 1.780934 0.182285 -0.034443 1.237552 17.000000
-15.550415 9.381289 1.780931 0.177110 0.020655 1.077308 17.129999
-15.501454 9.575701 1.780928 0.161620 0.047807 0.929908 17.264999
-15.421265 9.764396 1.780925 0.106917 0.051390 0.826936 17.405001
-15.319064 9.943979 1.780925 0.100794 0.040659 0.767091 17.545000
-15.202667 10.106891 1.780925 0.129898 0.040108 0.610427 17.680000
-15.051955 10.268978 1.780925 0.126627 0.043094 0.443658 17.830000
-14.881818 10.408920 1.780925 0.125516 0.047890 0.294158 17.980000
-14.707989 10.517573 1.780925 0.127494 0.051422 0.153528 18.120001
-14.522175 10.604074 1.780925 0.109860 0.052255 0.065806 18.260000
-14.326906 10.671238 1.780925 0.084348 0.043417 0.028934 18.400000
-14.132086 10.720081 1.780925 0.091970 0.037383 -0.022452 18.535000
-13.932908 10.752679 1.780925 0.086770 0.031292 -0.068198 18.670000
-13.731133 10.770349 1.780925 0.048142 0.025694 -0.080567 18.805000
-13.527634 10.778259 1.780925 0.043084 0.020463 -0.068641 18.940001
-13.323179 10.778362 1.780925 0.036339 0.015650 -0.059704 19.075001
-13.095611 10.771033 1.780925 0.022155 0.052529 -0.052358 19.225000
-12.888035 10.760106 1.780925 0.008562 0.169116 -0.047563 19.355000
-12.684534 10.748273 1.780925 -0.004878 0.118038 -0.044288 19.469999
-12.477654 10.736932 1.780925 -0.014082 0.071572 -0.041842 19.580000
-12.264303 10.726865 1.780925 -0.017126 0.045784 -0.039881 19.690001
-12.027858 10.717893 1.780925 -0.014674 0.032592 -0.038195 19.809999
-11.799465 10.711036 1.780925 -0.009731 0.025769 -0.036933 19.924999
-11.590233 10.705747 1.780925 -0.003987 0.022830 -0.036024 20.030001
-11.380713 10.700787 1.780925 0.000814 0.021863 -0.035283 20.135000
-11.171027 10.695631 1.780925 0.004189 0.021544 -0.034698 20.240000
-10.961238 10.690192 1.780925 -0.048991 0.019658 0.005532 20.344999
-10.752762 10.689310 1.780925 -0.074979 -0.038551 0.109585 20.450001
-10.549005 10.696144 1.780925 -0.004333 0.027121 0.112234 20.555000
-10.344953 10.705206 1.780925 0.047242 0.038415 0.058690 20.660000
-10.138726 10.711828 1.780925 -0.013077 0.034819 0.059233 20.764999
-9.930982 10.719863 1.780925 -0.026212 0.029161 0.059768 20.870001
-9.712486 10.731400 1.780925 -0.023483 0.025267 0.060211 20.980000
-9.483607 10.746552 1.780925 -0.014388 0.022628 0.060580 21.094999
-9.274437 10.762157 1.780925 -0.004611 0.022080 0.060848 21.200001
-9.065147 10.778371 1.780925 0.003897 0.017846 0.061064 21.305000
-8.808068 10.797819 1.780925 0.010458 -0.057411 0.061272 21.434999
-8.606521 10.812050 1.780925 0.039848 0.029970 0.044389 21.540001
-8.404357 10.821562 1.780925 0.039967 0.047988 -0.015159 21.645000
-8.199399 10.826415 1.780925 0.009861 0.040223 -0.011625 21.750000
-7.992265 10.829973 1.780925 0.008747 0.032210 -0.008734 21.855000
-7.783820 10.832534 1.780925 0.009980 0.026560 -0.006395 21.959999
-7.574696 10.834017 1.780925 0.009040 0.023874 -0.004534 22.065001
-7.365198 10.834543 1.780925 0.006044 0.022504 -0.003056 22.170000
-7.145490 10.834399 1.780925 0.002703 0.020955 -0.001804 22.280001
-6.906369 10.833900 1.780925 -0.000668 -0.027918 -0.000731 22.400000
-6.702833 10.835279 1.780925 -0.066176 -0.088749 0.101402 22.504999
-6.500822 10.842767 1.780925 0.036868 -0.098727 -0.012862 22.615000
-6.295612 10.845778 1.780925 0.144826 -0.066466 -0.278659 22.735001
-6.090736 10.830439 1.780925 0.137023 -0.001635 -0.439692 22.865000
-5.890786 10.792677 1.780925 0.137989 0.034181 -0.585465 23.000000
-5.694672 10.728336 1.780925 0.140181 0.050469 -0.726978 23.139999
-5.510958 10.637982 1.780925 0.132664 0.054748 -0.861831 23.280001
-5.318410 10.505462 1.780925 0.126803 0.054014 -1.008972 23.440001
-5.165142 10.370313 1.780925 0.100798 -0.200332 -1.160121 23.584999
-5.012934 10.230415 1.780925 0.102458 -0.167528 -1.364331 23.780001
-4.859686 10.101546 1.780925 0.073949 -0.050998 -1.725625 24.125000
-5.033370 9.999157 1.780925 0.012251 0.313666 -3.131010 25.895000
-5.241450 9.998796 1.780925 0.017214 0.204430 3.140137 26.030001
-5.446554 10.000957 1.780925 0.021147 0.116500 3.132232 26.145000
-5.654935 10.005687 1.798532 0.021154 0.070027 3.126217 26.254999
-5.859413 10.012590 1.817718 0.016459 0.043861 3.121722 26.360001
-6.066489 10.021341 1.816892 0.010124 0.031577 3.118066 26.465000
-6.274828 10.031244 1.824901 0.002939 0.026707 3.115114 26.570000
-6.493818 10.042003 1.839265 -0.003305 0.022950 3.112671 26.680000
-6.723152 10.052910 1.837398 -0.007131 0.022196 3.110639 26.795000
-6.932760 10.062158 1.835958 -0.008185 0.020676 3.109160 26.900000
-7.142454 10.070618 1.834747 -0.006877 0.020996 3.107988 27.004999
-7.352219 10.078422 1.833713 -0.004672 0.020638 3.107035 27.110001
-7.592010 10.086844 1.832717 -0.001880 0.020151 3.106178 27.230000
-7.801706 10.094076 1.831987 0.000326 0.000944 3.105582 27.334999
-8.008593 10.101317 1.831365 0.001528 -0.063188 3.105105 27.440001
-8.208652 10.108543 1.830837 0.002067 0.031516 3.104723 27.545000
-8.409217 10.116075 1.847258 0.001747 0.053360 3.104415 27.650000
-8.613253 10.123989 1.845524 0.000950 0.044956 3.104163 27.754999
-8.819946 10.132172 1.844037 0.000017 0.034188 3.103964 27.860001
-9.028152 10.140484 1.842783 -0.000911 0.027232 3.103811 27.965000
-9.237134 10.148806 1.841712 -0.001510 0.023675 3.103683 28.070000
-9.466458 10.157840 1.840736 -0.001781 0.021829 3.103576 28.184999
-9.705967 10.167133 1.839877 -0.001631 0.016229 3.103489 28.305000
-9.943847 10.176243 1.839166 -0.001185 -0.046682 3.103420 28.424999
-10.155159 10.184196 1.838619 -0.046145 -0.046785 -3.127921 28.535000
-10.356630 10.186959 1.864335 -0.109621 -0.105972 -2.963839 28.645000
-10.558282 10.176933 1.864779 -0.146010 -0.047843 -2.780298 28.764999
-10.759912 10.146727 1.865177 -0.156800 0.007421 -2.646408 28.895000
-10.962873 10.089183 1.865525 -0.109676 0.032575 -2.551176 29.035000
-11.149773 10.013330 1.865798 -0.094543 0.033881 -2.495470 29.170000
-11.329573 9.920691 1.866018 -0.088575 0.030206 -2.437429 29.305000
-11.501921 9.813341 1.866197 -0.067260 0.024492 -2.391000 29.440001
-11.679946 9.685827 1.866351 0.010895 0.015002 -2.437962 29.584999
-11.846063 9.565776 1.866467 0.025723 0.011261 -2.558753 29.719999
-12.014909 9.449009 1.866562 0.020808 0.009894 -2.649796 29.855000
-12.184983 9.333508 1.866638 -0.021257 0.088771 -2.638494 29.990000
-12.352363 9.218065 1.866695 -0.000929 0.162465 -2.630286 30.115000
-12.523362 9.102267 1.866739 0.025973 0.109275 -2.624421 30.230000
-12.698519 8.988269 1.866774 0.037259 0.067327 -2.619975 30.340000
-12.872713 8.879827 1.866803 0.036212 0.042666 -2.616593 30.445000
-13.051262 8.772943 1.866827 0.028902 0.029219 -2.613857 30.549999
-13.232425 8.667575 1.866847 0.025167 0.023158 -2.616536 30.655001
-13.407164 8.569782 1.866863 0.040843 0.018964 -2.670973 30.754999
-13.584422 8.476573 1.866878 0.086200 0.018028 -2.767892 30.855000
-13.773915 8.386889 1.866890 0.096125 0.021711 -2.863003 30.959999
-13.966702 8.306648 1.866902 0.041419 0.025741 -2.901907 31.065001
-14.162084 8.233187 1.866911 0.102604 0.031524 -2.970065 31.170000
-14.379721 8.164522 1.866919 0.066872 0.031633 -3.021418 31.285000
-14.590525 8.107063 1.866926 0.000571 0.026175 -2.979561 31.395000
-14.791101 8.053808 1.879339 0.044803 -0.126971 -3.010647 31.500000
-15.014927 7.997621 1.879339 0.017592 -0.322983 -2.874520 31.629999
-15.215648 7.951838 1.879339 -0.033430 -0.254297 -2.712214 31.785000
-15.419925 7.913197 1.879339 -0.060829 -0.132513 -2.450431 32.035000
-15.619325 7.891802 1.879339 -0.032700 -0.012386 -1.801207 32.654999
-15.581469 7.694295 1.879339 0.028924 0.255986 -1.147689 33.240002
-15.518684 7.501720 1.879339 -0.000434 0.112132 -1.204503 33.400002
-15.451633 7.313162 1.879339 -0.052686 0.044235 -1.265279 33.540001
-15.376577 7.127606 1.879339 -0.035293 0.016574 -1.321798 33.674999
-15.285679 6.921742 1.879339 0.021754 0.016342 -1.381293 33.825001
-15.204171 6.727771 1.879339 0.068528 0.024783 -1.454560 33.965000
-15.136186 6.536691 1.879339 0.059032 0.029193 -1.456298 34.099998
-15.081324 6.341043 1.879339 0.119394 0.028524 -1.534048 34.235001
-15.046969 6.141486 1.879339 0.110201 0.029028 -1.609408 34.369999
-15.033980 5.940279 1.880790 0.067137 0.084083 -1.652141 34.500000
-15.033643 5.725151 1.880790 0.048766 -0.185917 -1.788274 34.634998
-15.034762 5.516924 1.880790 0.075341 -0.236007 -1.955816 34.794998
-15.029250 5.314575 1.880790 0.081745 -0.121112 -2.212364 35.040001
-15.008096 5.115208 1.880790 0.034638 -0.007124 -2.856352 35.654999
-15.210049 5.094059 1.880790 -0.005702 0.239838 3.020148 36.400002
-15.409936 5.120886 1.880790 0.079192 0.099374 2.815385 36.560001
-15.612055 5.164185 1.880790 0.088136 -0.023537 2.530049 36.709999
-15.804878 5.220932 1.880790 0.053589 -0.195100 2.547020 36.869999
-15.999551 5.276518 1.880790 0.038662 -0.161891 2.563096 37.099998
-16.198248 5.310639 1.880790 0.015522 -0.011967 2.136271 37.845001
-15.991590 5.333082 1.880790 0.016419 0.234352 0.049280 40.334999
-15.781563 5.345447 1.880790 0.002797 0.100653 -0.022772 40.500000
-15.574990 5.354986 1.880790 0.012242 0.048296 -0.097741 40.645000
-15.353501 5.360787 1.880790 0.038486 0.029222 -0.178351 40.794998
-15.149999 5.357561 1.880790 0.063274 0.169895 -0.245718 40.930000
-14.943570 5.339499 1.880790 0.024933 0.159896 -0.286058 41.055000
-14.736489 5.312497 1.880790 0.014077 0.103018 -0.271975 41.169998
-14.519423 5.279763 1.880790 0.039533 0.063949 -0.261020 41.285000
-14.288282 5.238203 1.880790 0.047672 0.041587 -0.252002 41.404999
-14.038424 5.185470 1.880790 0.030423 -0.133417 -0.338135 41.535000
-13.838959 5.140927 1.880790 0.057592 -0.316835 -0.458556 41.650002
-13.639270 5.098633 1.880790 0.085939 -0.254038 -0.615626 41.799999
-13.437582 5.062793 1.880790 0.089216 -0.127551 -0.861702 42.035000
-13.237939 5.041512 1.880790 0.040874 -0.017294 -1.165371 42.575001
-13.036808 5.086644 1.865320 0.006704 0.318763 0.469182 44.580002
-12.856579 5.175535 1.834220 -0.047230 0.309026 0.468247 44.750000
-12.680156 5.271033 1.813407 0.012377 0.184815 0.434643 44.875000
-12.505103 5.365571 1.782459 -0.023277 0.104473 0.464794 44.985001
-12.329752 5.462355 1.751262 -0.034733 0.061667 0.503557 45.090000
-12.134851 5.574921 1.716227 -0.064189 0.000217 0.629454 45.205002
-11.940890 5.696449 1.661477 -0.058859 -0.128427 0.758436 45.325001
-11.774177 5.808461 1.628224 -0.090686 -0.077796 0.878029 45.439999
-11.593995 5.941587 1.625364 -0.052570 -0.274057 0.741695 45.584999
-11.436463 6.067340 1.625364 0.008588 -0.213246 0.553211 45.764999
-11.286521 6.200635 1.625364 0.043761 -0.091635 0.223364 46.080002
-11.084909 6.274760 1.625364 0.073089 0.317064 -0.217044 46.834999
-10.881872 6.207193 1.625364 -0.020141 0.153113 -0.318056 47.029999
-10.685546 6.144688 1.625364 -0.028719 0.062964 -0.391434 47.180000
-10.475628 6.082186 1.625364 -0.029344 0.027339 -0.446707 47.330002
-10.281541 6.027944 1.625364 0.000438 -0.008089 -0.446739 47.465000
-10.066855 5.968681 1.625364 0.070651 -0.241998 -0.614280 47.625000
-9.869842 5.917728 1.625364 0.086058 -0.155964 -0.834178 47.834999
-9.672425 5.878481 1.625364 0.057685 -0.034935 -1.273975 48.255001
-9.732976 5.683433 1.625364 0.024838 0.319689 -2.358471 49.735001
-9.879630 5.538453 1.625364 -0.029474 0.225667 -2.417746 49.875000
-10.023491 5.397543 1.625364 -0.061900 0.120532 -2.444746 49.990002
-10.175893 5.244165 1.625364 0.036689 0.070390 -2.522939 50.105000
-10.356763 5.067495 1.625364 0.005351 0.044316 -2.517392 50.235001
-10.506813 4.923770 1.625364 0.037551 0.035371 -2.507905 50.340000
-10.661146 4.782126 1.625364 0.058045 0.026938 -2.500262 50.445000
-10.812210 4.651051 1.625364 -0.002636 -0.055573 -2.405494 50.544998
-10.964048 4.518768 1.625364 -0.095743 -0.147372 -2.191432 50.650002
-11.109204 4.380754 1.625364 -0.157297 -0.070169 -2.012381 50.764999
-11.245016 4.224471 1.625364 -0.188673 0.009040 -1.844889 50.895000
-11.363796 4.033652 1.625364 -0.183586 0.052011 -1.682621 51.044998
-11.439062 3.843250 1.625364 -0.161674 0.060271 -1.543127 51.185001
-11.484792 3.629587 1.632091 -0.138499 0.056623 -1.401097 51.334999
-11.498055 3.403786 1.671880 -0.122106 0.051162 -1.245818 51.490002
-11.482999 3.199895 1.705771 -0.116815 0.050439 -1.111572 51.630001
-11.443436 2.999379 1.739118 -0.120393 0.051920 -0.978887 51.770000
-11.368250 2.778489 1.777264 -0.125568 0.054649 -0.824947 51.930000
-11.268727 2.583779 1.804868 -0.129764 0.054653 -0.679082 52.080002
-11.151733 2.416725 1.808610 -0.134345 0.057018 -0.539979 52.220001
-11.013403 2.266725 1.829766 -0.110438 0.054272 -0.435253 52.360001
-10.861008 2.132023 1.829698 -0.099492 -0.206395 -0.287033 52.505001
-10.708993 2.001637 1.829698 -0.102587 -0.168124 -0.088078 52.695000
-10.562949 1.864557 1.829698 -0.074849 -0.052447 0.273183 53.040001
-10.506105 2.061136 1.829698 -0.030255 0.317616 1.774894 54.950001
-10.543427 2.263612 1.829698 -0.006075 0.184330 1.842517 55.080002
-10.583755 2.466054 1.829698 0.045267 0.103012 1.872789 55.195000
-10.622272 2.671089 1.829698 0.027034 0.064466 1.863075 55.305000
-10.658346 2.872512 1.829698 -0.010389 0.045209 1.855697 55.410000
-10.700736 3.095619 1.829698 -0.081660 -0.014173 1.896817 55.525002
-10.749258 3.299920 1.829698 -0.170856 -0.121271 2.091118 55.634998
-10.814752 3.496549 1.829698 -0.188276 -0.056060 2.261253 55.755001
-10.915046 3.701985 1.829698 -0.159910 0.015023 2.415534 55.900002
-11.029242 3.871248 1.829698 -0.113005 0.031445 2.460835 56.035000
-11.159799 4.026697 1.829698 -0.099662 0.030380 2.516144 56.169998
-11.304280 4.169714 1.829698 -0.088093 0.027073 2.576485 56.305000
-11.460032 4.301222 1.829698 -0.048919 0.021248 2.616620 56.439999
-11.638390 4.438034 1.829698 -0.024219 -0.162185 2.517676 56.590000
-11.803588 4.558646 1.829698 0.019974 -0.238274 2.344899 56.755001
-11.975631 4.674330 1.829698 0.053132 -0.120007 2.062173 57.025002
-12.152356 4.770902 1.829698 0.020198 -0.002731 1.219229 57.830002
-11.966712 4.690683 1.829698 -0.022666 0.225642 -0.403718 59.869999
-11.780062 4.618325 1.829698 -0.034198 0.099369 -0.396510 60.025002
-11.591904 4.549040 1.840848 0.022231 0.047117 -0.466137 60.165001
-11.405323 4.476454 1.846014 0.003354 0.026552 -0.471074 60.299999
-11.217504 4.399258 1.844409 0.012711 0.019322 -0.496928 60.435001
-11.002969 4.310647 1.842984 -0.062653 0.167344 -0.380698 60.584999
-10.808795 4.239737 1.842055 -0.034687 0.129961 -0.281075 60.705002
-10.606709 4.172040 1.841314 -0.034235 0.079923 -0.187518 60.820000
-10.395967 4.105400 1.840693 -0.016758 0.051787 -0.154825 60.935001
-10.199311 4.046371 1.840216 -0.081888 0.043245 -0.075961 61.040001
-9.999423 3.994029 1.839810 -0.032297 0.037921 -0.075678 61.145000
-9.797114 3.946236 1.821720 -0.116970 0.037289 -0.038646 61.250000
-9.602279 3.911790 1.787183 -0.162257 0.039683 0.042581 61.349998
-9.396542 3.892771 1.752030 -0.157880 0.016136 0.124274 61.455002
-9.191669 3.890636 1.736322 -0.045299 0.017292 0.077968 61.560001
-8.990975 3.893761 1.737427 0.046098 -0.127121 -0.097945 61.665001
-8.788252 3.891557 1.738438 0.100999 -0.083672 -0.270016 61.779999
-8.586061 3.876437 1.739356 0.152651 -0.018395 -0.431681 61.904999
-8.383506 3.837809 1.740170 0.139256 0.028871 -0.568937 62.040001
-8.192086 3.775613 1.740830 0.131790 0.040376 -0.639473 62.174999
-8.010297 3.691271 1.741362 0.106810 0.041136 -0.724116 62.310001
-7.837618 3.587916 1.741797 0.090696 0.034300 -0.782801 62.445000
-7.673446 3.469423 1.742148 0.084322 0.028479 -0.844796 62.580002
-7.507209 3.327811 1.742454 0.075637 0.024060 -0.911978 62.724998
-7.356763 3.179263 1.742689 0.070117 0.021770 -0.978354 62.865002
-7.221060 3.026737 1.742873 0.068143 0.020765 -1.044700 63.000000
-7.094801 2.866185 1.743022 0.064948 0.019505 -1.106236 63.134998
-6.968858 2.682406 1.743149 0.078837 0.174146 -1.177591 63.279999
-6.867602 2.505823 1.743235 0.077956 0.147490 -1.244025 63.400002
-6.776112 2.325947 1.743301 0.004307 0.091943 -1.236986 63.509998
-6.684900 2.146638 1.743354 -0.060317 0.054518 -1.126595 63.615002
-6.582929 1.956619 1.743402 -0.003838 0.037254 -1.081273 63.724998
-6.483182 1.773887 1.743441 -0.002519 0.025114 -1.001793 63.830002
-6.382667 1.590381 1.743473 0.038733 0.019478 -1.008588 63.935001
-6.284356 1.404939 1.743501 -0.036394 0.020212 -0.976751 64.040001
-6.182323 1.221564 1.743524 -0.097331 0.023312 -0.884109 64.144997
-6.071314 1.044368 1.743545 -0.112504 0.028754 -0.800339 64.250000
-5.951538 0.873371 1.743562 -0.091069 0.031796 -0.775021 64.355003
-5.824103 0.708612 1.743577 -0.065915 -0.012107 -0.738089 64.459999
-5.693538 0.554781 1.740162 -0.146905 -0.118311 -0.585832 64.565002
-5.527987 0.387491 1.725265 -0.178568 -0.052036 -0.396343 64.699997
-5.366804 0.257252 1.724339 -0.131536 0.003046 -0.329732 64.830002
-5.173022 0.134020 1.723480 -0.124353 0.025674 -0.266238 64.980003
-4.989603 0.045204 1.722856 -0.115402 0.029397 -0.204621 65.114998
-4.798753 -0.024609 1.722351 -0.064850 0.025696 -0.168752 65.250000
-4.603283 -0.082915 1.721947 -0.034231 0.018537 -0.185166 65.385002
-4.390597 -0.139215 1.721594 -0.026012 0.014711 -0.198535 65.529999
-4.198426 -0.185631 1.779230 -0.012273 0.011876 -0.211699 65.660004
-4.009672 -0.231662 1.834161 -0.001888 0.166640 -0.266185 65.785004
-3.813988 -0.283821 1.874216 0.092633 -0.013293 -0.434367 65.904999
-3.617108 -0.349410 1.917857 0.115206 -0.037143 -0.614156 66.029999
-3.429365 -0.429687 1.950266 0.128832 0.001609 -0.772197 66.160004
-3.245473 -0.533221 1.983725 0.144488 0.036253 -0.929165 66.300003
-3.086798 -0.653152 2.015113 0.142839 0.051951 -1.067000 66.434998
-2.942785 -0.798352 2.022344 0.145982 0.057863 -1.207001 66.574997
-2.805134 -0.979582 2.056700 0.049635 0.043425 -1.198556 66.730003
-2.682606 -1.167495 2.074695 0.128421 0.033263 -1.270611 66.879997
-2.582114 -1.367877 2.109116 0.122430 0.034141 -1.379911 67.029999
-2.509099 -1.571513 2.143111 0.107740 0.033046 -1.485362 67.175003
-2.451268 -1.796200 2.179943 0.005365 0.023120 -1.452493 67.330002
-2.397006 -2.016109 2.207864 -0.000222 0.004414 -1.337724 67.480003
-2.351663 -2.213795 2.205167 0.078068 0.018657 -1.461614 67.614998
-2.320012 -2.413954 2.202988 0.056012 0.019521 -1.464416 67.750000
-2.295081 -2.646652 2.200992 -0.012300 0.005596 -1.384908 67.904999
-2.270524 -2.847621 2.199600 -0.150294 0.014624 -1.103776 68.040001
-2.223332 -3.048309 2.198403 -0.078511 -0.176495 -1.017777 68.184998
-2.168404 -3.243171 2.197236 -0.050337 -0.195303 -1.031330 68.364998
-2.111257 -3.437364 2.196941 -0.007269 -0.110915 -1.291083 68.665001
-2.032438 -3.621186 2.196941 0.000980 0.000972 2.981605 70.584999
-2.174717 -3.461607 2.168098 -0.007061 0.237435 2.265205 71.625000
-2.303417 -3.305887 2.135651 0.012030 0.099621 2.100138 71.785004
-2.429017 -3.144667 2.102721 0.035347 0.045565 1.940268 71.930000
-2.546515 -2.979041 2.069661 0.055486 0.039227 1.817635 72.070000
-2.664692 -2.785289 2.033279 0.095359 0.050906 1.724003 72.224998
-2.750751 -2.606070 2.001282 0.119850 0.052349 1.663168 72.360001
-2.818311 -2.410239 1.967933 0.094390 0.044679 1.629330 72.500000
-2.865829 -2.214191 1.936317 0.074362 0.030187 1.645534 72.635002
-2.904801 -1.983810 1.898901 0.056189 0.016281 1.659222 72.790001
-2.931181 -1.752879 1.861799 0.026021 -0.049486 1.669157 72.945000
-2.951579 -1.542194 1.827903 -0.036646 -0.089157 1.787748 73.095001
-2.976912 -1.342309 1.807420 -0.062711 -0.093599 1.910234 73.254997
-3.014924 -1.141631 1.801149 -0.061950 -0.082021 2.024336 73.445000
-3.076751 -0.945836 1.802429 -0.081920 0.107202 2.187830 73.650002
-3.164733 -0.763484 1.803263 -0.053195 0.007591 2.309706 73.830002
-3.269129 -0.586669 1.803910 -0.058202 -0.040772 2.434101 74.014999
-3.384888 -0.423361 1.804427 -0.070139 -0.045417 2.574816 74.214996
-3.519877 -0.273637 1.792481 -0.056618 -0.039028 2.668568 74.449997
-3.680166 -0.124183 1.799924 0.007072 0.211444 2.565121 74.690002
-3.835447 0.009551 1.799511 -0.011690 0.101517 2.458950 74.849998
-3.994469 0.142105 1.799214 -0.030221 0.039102 2.342895 74.995003
-4.154316 0.273395 1.798985 0.039944 0.021690 2.195215 75.135002
-4.304236 0.406329 1.798806 0.041400 0.025279 2.091759 75.269997
-4.447910 0.546634 1.798660 0.071504 0.034651 2.037535 75.404999
-4.581860 0.697033 1.798542 0.103392 0.038944 1.979128 75.540001
-4.712934 0.878634 1.798438 0.116765 0.037808 1.904993 75.690002
-4.812011 1.054474 1.798362 0.110185 0.033892 1.843805 75.824997
-4.893456 1.239727 1.798301 0.096257 0.029332 1.776287 75.959999
-4.963267 1.446227 1.798247 0.079011 0.024949 1.707130 76.105003
-5.014084 1.643471 1.798207 0.078613 0.103467 1.640253 76.239998
-5.054593 1.875632 1.798173 0.020219 0.162236 1.590717 76.385002
-5.082584 2.081154 1.798157 0.013210 0.052641 1.566668 76.500000
-5.107798 2.280239 1.798157 0.061486 -0.167359 1.451483 76.610001
-5.132019 2.484037 1.798157 0.091414 -0.290433 1.315355 76.739998
-5.160858 2.688750 1.798157 0.103403 -0.184942 1.121635 76.925003
-5.198852 2.885241 1.798157 0.079566 -0.061964 0.786552 77.245003
-5.046857 2.992769 1.715581 0.002607 0.319655 -0.297926 78.764999
-4.835153 2.928894 1.673988 -0.002331 0.249052 -0.292984 78.925003
-4.637403 2.869174 1.657735 -0.006497 0.144046 -0.290192 79.044998
-4.440400 2.810183 1.629098 0.010562 0.080461 -0.302296 79.154999
-4.246963 2.748264 1.631361 0.107496 0.047259 -0.443131 79.260002
-4.055554 2.674280 1.633314 0.101358 0.039063 -0.561277 79.364998
-3.866907 2.590773 1.634827 0.025179 0.016069 -0.542641 79.470001
-3.683281 2.505377 1.634827 0.023949 -0.193931 -0.432692 79.574997
-3.501978 2.417119 1.634827 -0.022222 -0.320016 -0.307035 79.695000
-3.321290 2.323128 1.634827 -0.062838 -0.229879 -0.134258 79.860001
-3.146796 2.221978 1.634827 -0.072442 -0.104531 0.148468 80.129997
-2.984281 2.105099 1.634827 -0.017550 0.002130 1.049004 80.989998
-3.004900 1.902506 1.634827 -0.005140 0.271254 -1.809406 84.264999
-3.054539 1.702165 1.642494 -0.049846 0.077322 -1.736208 84.434998
-3.093047 1.505861 1.662328 -0.039377 -0.036259 -1.748988 84.584999
-3.123760 1.305209 1.671876 -0.027351 -0.088168 -1.808586 84.745003
-3.147456 1.105252 1.704391 0.030869 -0.085463 -1.961179 84.925003
-3.173824 0.909497 1.735941 0.046085 -0.059344 -2.062262 85.135002
-3.214402 0.712661 1.750738 0.044137 -0.035626 -2.137234 85.394997
-3.281378 0.523415 1.756873 0.030541 0.270178 -2.215979 85.665001
-3.382437 0.348944 1.756680 0.042256 0.145877 -2.352072 85.839996
-3.513645 0.164537 1.756541 0.019730 0.061355 -2.474630 86.004997
-3.638818 0.005048 1.756447 0.032943 0.038848 -2.547687 86.144997
-3.773359 -0.151794 1.765641 0.059927 0.036782 -2.604071 86.285004
-3.928895 -0.312545 1.766090 0.048182 0.030930 -2.606498 86.434998
-4.086802 -0.463557 1.766431 0.011965 0.015643 -2.405834 86.580002
-4.235975 -0.604007 1.766689 0.022976 0.006298 -2.314858 86.714996
-4.387313 -0.742169 1.766897 -0.005771 0.006816 -2.235296 86.849998
-4.537109 -0.881342 1.767066 -0.045525 0.014995 -2.161506 86.985001
-4.680555 -1.026183 1.767204 -0.073991 0.022395 -2.088708 87.120003
-4.813198 -1.180166 1.767316 -0.095625 0.028294 -2.014308 87.254997
-4.949290 -1.369473 1.767419 -0.055813 0.025240 -1.996928 87.410004
-5.058406 -1.542466 1.767490 -0.050501 0.101713 -2.009708 87.544998
-5.158328 -1.719195 1.767543 -0.047233 0.166673 -2.018731 87.669998
-5.253408 -1.902335 1.767584 -0.034299 0.106061 -2.025106 87.785004
-5.345941 -2.089409 1.767617 -0.016980 0.065787 -2.029992 87.894997
-5.435417 -2.273780 1.767643 -0.002978 0.043209 -2.033732 88.000000
-5.526343 -2.460715 1.767666 0.009212 0.030230 -2.036709 88.105003
-5.637082 -2.684138 1.767688 0.014480 0.022631 -2.039517 88.230003
-5.732316 -2.871569 1.767704 0.013359 0.019637 -2.041365 88.334999
-5.824636 -3.049598 1.767717 0.008939 0.007261 -2.042790 88.434998
-5.922244 -3.233416 1.767729 0.080853 -0.123640 -2.168988 88.540001
-6.024077 -3.408807 1.767739 0.125775 -0.121294 -2.356145 88.650002
-6.137573 -3.583454 1.767739 0.053450 -0.291623 -2.240960 88.779999
-6.255061 -3.750570 1.767739 -0.009730 -0.224674 -2.057712 88.955002
-6.378843 -3.909296 1.767739 -0.045796 -0.104235 -1.748807 89.250000
-6.470159 -4.087308 1.786596 -0.026429 0.293719 -0.704822 90.535004
-6.314316 -4.217315 1.822479 -0.039149 0.213207 -0.662644 90.764999
-6.165262 -4.333367 1.893516 0.028719 0.096383 -0.649924 90.910004
-6.013001 -4.452927 1.963023 -0.020573 0.048686 -0.578180 91.044998
-5.845810 -4.576046 1.991456 -0.050054 0.025731 -0.434144 91.184998
-5.683833 -4.683589 2.050255 -0.064238 0.023684 -0.329965 91.315002
-5.511488 -4.790234 2.048926 0.013663 0.016625 -0.448923 91.449997
-5.325449 -4.906420 2.045435 -0.031512 0.016830 -0.463672 91.595001
-5.142069 -5.014362 2.016205 -0.043474 0.013402 -0.466570 91.735001
-4.960745 -5.110853 1.997755 -0.048176 0.012651 -0.397877 91.870003
-4.747943 -5.212596 1.966934 -0.011685 0.011116 -0.384647 92.025002
-4.568153 -5.295587 1.931619 -0.004928 0.011157 -0.392000 92.154999
-4.381011 -5.381237 1.913376 -0.007296 0.010009 -0.397750 92.290001
-4.178146 -5.472576 1.915910 0.034394 0.140966 -0.410211 92.434998
-3.994416 -5.560565 1.917690 0.026352 -0.013520 -0.512775 92.559998
-3.815172 -5.653643 1.899934 0.059620 -0.025439 -0.626605 92.684998
-3.617092 -5.763760 1.903603 0.049852 -0.011187 -0.684338 92.830002
-3.427753 -5.877770 1.906525 0.044098 0.009835 -0.787964 92.974998
-3.258129 -5.990634 1.908733 0.074220 0.022165 -0.864906 93.110001
-3.097820 -6.114862 1.898818 0.101688 0.031427 -0.938496 93.245003
-2.949541 -6.252986 1.899771 0.101726 0.030159 -0.992870 93.379997
-2.800224 -6.412812 1.891540 -0.011670 0.015137 -0.855735 93.525002
-2.660053 -6.562059 1.893614 -0.068972 0.004008 -0.661898 93.660004
-2.508453 -6.707787 1.895346 -0.059966 0.016501 -0.488118 93.800003
-2.355770 -6.839341 1.896701 -0.022242 0.025723 -0.458361 93.934998
-2.197548 -6.966763 1.897793 -0.031592 0.025871 -0.490918 94.070000
-2.033875 -7.090033 1.911074 0.019246 0.012119 -0.630226 94.205002
-1.867660 -7.210918 1.899635 -0.004539 0.005881 -0.682802 94.339996
-1.695420 -7.335264 1.900193 -0.013874 0.005508 -0.795862 94.480003
-1.532126 -7.457484 1.900631 0.084975 0.017171 -0.934697 94.614998
-1.374537 -7.594824 1.900997 0.108350 0.032660 -1.092353 94.754997
-1.236903 -7.740098 1.901282 0.082550 0.038883 -1.140586 94.889999
-1.111573 -7.897135 1.901511 0.104263 0.040168 -1.202550 95.025002
-1.000962 -8.065871 1.901699 0.104556 0.035260 -1.250285 95.160004
-0.905481 -8.244585 1.901851 0.058515 0.027721 -1.261920 95.294998
-0.816692 -8.436712 1.901978 0.047532 0.018918 -1.247373 95.434998
-0.739383 -8.626485 1.909883 0.090789 0.016762 -1.312147 95.570000
-0.675045 -8.820828 1.929706 0.117545 0.009910 -1.443858 95.705002
-0.630379 -9.017572 1.927514 0.146079 0.024143 -1.692004 95.839996
-0.610148 -9.221711 1.925696 0.115882 0.043366 -1.851966 95.980003
-0.614990 -9.439984 1.954612 0.116728 0.051773 -1.999931 96.129997
-0.650572 -9.670071 1.991435 0.128971 0.054353 -2.135187 96.290001
-0.709134 -9.865071 2.023695 0.141891 0.059028 -2.277208 96.430000
-0.795236 -10.049320 2.055670 0.134388 0.058952 -2.410682 96.570000
-0.915446 -10.231819 2.090709 0.131799 0.055461 -2.554097 96.720001
-1.050551 -10.385349 2.123244 0.124660 0.053040 -2.687513 96.860001
-1.198766 -10.515808 2.155203 0.124478 0.052848 -2.817964 96.995003
-1.361884 -10.627241 2.186587 0.127355 0.053271 -2.945686 97.129997
-1.570920 -10.732299 2.212858 0.130318 0.054512 -3.094033 97.290001
-1.764538 -10.797988 2.211818 0.127756 0.055421 3.060641 97.430000
-1.979322 -10.840248 2.210931 0.092503 0.052651 2.963304 97.580002
-2.199353 -10.858644 2.210227 0.090578 0.045825 2.915067 97.730003
-2.422237 -10.855317 2.209673 0.090918 0.037085 2.861237 97.879997
-2.623290 -10.835775 2.239455 0.040738 0.027940 2.873077 98.014999
-2.824284 -10.804907 2.252062 0.047453 0.023081 2.841001 98.150002
-3.024590 -10.764736 2.261126 0.017407 0.015840 2.861022 98.285004
-3.247003 -10.715714 2.256175 -0.002915 -0.025610 2.894884 98.434998
-3.451692 -10.669765 2.221003 0.001133 -0.133565 2.918852 98.580002
-3.645437 -10.625945 2.187657 -0.002538 -0.135487 2.923368 98.739998
-3.835517 -10.583268 2.129838 -0.003825 -0.115408 2.927147 98.934998
-4.032045 -10.540341 2.101415 -0.001566 -0.061173 2.935430 99.205002
-4.228659 -10.499019 2.095228 0.012782 -0.077870 2.717421 99.599998
-4.025055 -10.464079 2.095228 0.021022 0.294583 -0.026259 102.720001
-3.821051 -10.463404 2.095228 0.005870 0.174428 -0.100033 102.845001
-3.612282 -10.465772 2.095228 0.016717 0.074641 -0.177933 102.959999
-3.378886 -10.472589 2.095228 0.014380 -0.032183 -0.231489 103.084999
-3.170812 -10.480620 2.095228 0.053256 -0.089422 -0.245651 103.199997
-2.953638 -10.494246 2.104249 0.077938 -0.116325 -0.296551 103.330002
-2.733140 -10.518084 2.135866 0.052414 -0.068492 -0.274290 103.480003
-2.519235 -10.548517 2.133859 -0.007577 0.076096 -0.146948 103.635002
-2.316311 -10.577106 2.132422 -0.005511 -0.015358 -0.043554 103.775002
-2.111429 -10.604823 2.131238 -0.033449 -0.077154 0.046577 103.919998
-1.912160 -10.627532 2.130230 -0.054036 -0.096651 0.117355 104.074997
-1.702832 -10.641662 2.129284 -0.060494 -0.093591 0.181354 104.264999
-1.497823 -10.639833 2.128727 -0.044114 -0.143807 0.352488 104.500000
-1.297411 -10.637874 2.128727 -0.043323 -0.046667 0.807991 104.934998
-1.172251 -10.480474 2.128727 -0.030862 0.320299 1.451019 105.925003
-1.153252 -10.279669 2.128727 -0.030177 0.284731 1.523418 106.084999
-1.137845 -10.074278 2.128727 0.070269 0.163510 1.523281 106.209999
-1.118363 -9.867531 2.128727 -0.074421 -0.044891 1.705059 106.324997
-1.106756 -9.659541 2.128727 -0.136888 -0.062185 1.884172 106.445000
-1.113576 -9.443991 2.092614 -0.172557 0.005905 2.049210 106.580002
-1.148215 -9.243841 2.058674 -0.167033 0.046731 2.183212 106.714996
-1.213215 -9.047825 2.024335 -0.113792 0.050478 2.221544 106.855003
-1.297818 -8.866220 1.991345 -0.072633 0.038040 2.250473 106.989998
-1.404548 -8.676482 1.956501 -0.043550 0.024346 2.226757 107.135002
-1.512664 -8.502837 1.924067 -0.050304 0.016277 2.221516 107.269997
-1.624680 -8.340066 1.892576 -0.031009 0.013016 2.255049 107.400002
-1.741968 -8.180559 1.861057 -0.038162 0.011458 2.267618 107.529999
-1.869471 -8.019159 1.858660 -0.088738 0.010900 2.393042 107.665001
-2.012946 -7.863308 1.860993 -0.100609 0.017683 2.576847 107.805000
-2.162696 -7.727468 1.862813 -0.096090 0.025970 2.727816 107.940002
-2.322074 -7.605521 1.864285 0.017825 0.018331 2.695211 108.074997
-2.502689 -7.472129 1.865598 -0.039294 0.018878 2.660238 108.224998
-2.677542 -7.354916 1.866577 -0.123031 0.025909 2.772013 108.364998
-2.856081 -7.259655 1.867335 -0.112393 0.027401 2.927797 108.500000
-3.040660 -7.180458 1.867361 -0.038714 -0.227337 2.792675 108.639999
-3.232875 -7.106649 1.867361 0.021046 -0.202317 2.593719 108.830002
-3.424068 -7.044013 1.867361 0.046855 -0.081759 2.242929 109.165001
-3.534686 -6.877342 1.873501 0.021920 0.309284 1.301317 111.364998
-3.470234 -6.686014 1.898447 0.001170 0.114166 1.133858 111.570000
-3.409037 -6.484951 1.948530 -0.147572 0.009818 1.564867 111.745003
-3.387187 -6.287422 1.983203 -0.099626 -0.031501 1.920780 111.915001
-3.392529 -6.084563 1.996584 -0.105164 -0.027535 2.238207 112.110001
-3.429722 -5.886175 1.981720 -0.096502 -0.012852 2.405132 112.339996
-3.512913 -5.705369 2.007235 -0.079567 0.259221 2.553917 112.599998
-3.660452 -5.556744 2.033117 -0.097946 0.153302 2.783085 112.794998
-3.831383 -5.442204 2.031631 -0.136458 0.080988 3.134807 112.955002
-4.015460 -5.363379 2.038834 -0.117945 -0.028588 -2.938874 113.110001
-4.216670 -5.301171 2.038646 -0.081227 -0.164588 -2.959473 113.300003
-4.413978 -5.238876 2.038438 -0.054539 -0.119289 -2.979322 113.605003
