-12.800223 4.064104 1.000000 0.023745 0.318443 0.338978 0.000000
-12.607496 4.126695 1.000000 0.040783 0.263998 0.330157 0.150000
-12.412734 4.184446 1.000000 0.021193 0.153188 0.324836 0.270000
-12.216865 4.240954 1.013503 0.003341 0.086596 0.321049 0.380000
-12.003640 4.302943 1.013854 -0.008576 0.052278 0.317889 0.495000
-11.805510 4.362118 1.014125 -0.012690 0.035785 0.315583 0.600000
-11.606091 4.423586 1.014354 -0.011738 0.027075 0.313733 0.705000
-11.406279 4.486935 1.014549 -0.007296 0.022472 0.312255 0.810000
-11.215927 4.548449 1.014706 -0.002030 0.019577 0.311120 0.910000
-11.025587 4.610517 1.014841 0.003838 0.019494 0.310205 1.010000
-10.834749 4.671063 1.044679 0.088042 0.017804 0.222506 1.110000
-10.642251 4.723961 1.078544 0.097644 0.021413 0.131437 1.210000
-10.448239 4.767375 1.112101 0.104907 0.026768 0.042062 1.310000
-10.253045 4.800519 1.144431 0.114245 0.032952 -0.039615 1.410000
-10.047156 4.823041 1.178265 0.128873 0.039558 -0.121659 1.515000
-9.851105 4.831186 1.224337 0.160629 -0.047805 -0.239851 1.615000
-9.621412 4.821401 1.302113 0.205279 -0.088564 -0.441265 1.740000
-9.426081 4.789863 1.366653 0.209947 -0.012728 -0.591708 1.860000
-9.243155 4.731968 1.428617 0.170921 0.034041 -0.690603 1.985000
-9.062674 4.642612 1.475837 0.159103 0.046363 -0.820158 2.120000
-8.904767 4.532945 1.538722 0.136222 0.046009 -0.955333 2.250000
-8.756737 4.399475 1.588621 0.113573 0.043394 -1.086028 2.385000
-8.624022 4.250594 1.615052 0.100783 0.040549 -1.204067 2.520000
-8.507030 4.089310 1.644579 0.114672 0.044026 -1.337272 2.655000
-8.398918 3.897220 1.685354 0.117603 0.049223 -1.472350 2.805000
-8.321311 3.707527 1.709426 0.126917 0.054496 -1.600601 2.945000
-8.268480 3.511134 1.723046 0.108335 -0.074337 -1.736455 3.085000
-8.229295 3.314270 1.723046 0.107158 -0.213352 -1.904008 3.245000
-8.185172 3.114236 1.723046 0.094610 -0.102179 -2.171041 3.500000
-8.125547 2.922948 1.723046 0.029202 0.000936 -2.877889 4.175000
-8.246148 3.083842 1.687857 -0.002412 0.154644 2.140123 5.815000
-8.358781 3.248939 1.655899 -0.007063 0.047825 2.077308 5.980000
-8.480515 3.426072 1.620599 0.016388 -0.034286 2.006390 6.150000
-8.590525 3.590559 1.587950 0.039153 -0.078423 1.946059 6.315000
-8.698188 3.763049 1.547986 0.049144 -0.089879 1.893203 6.510000
-8.789822 3.931746 1.485357 0.042867 -0.081398 1.832617 6.740000
-8.873359 4.113749 1.477540 0.012967 -0.102251 1.937787 7.065000
-8.940250 4.302392 1.477540 -0.009210 -0.003298 3.084467 8.160000
-9.113195 4.194808 1.449253 0.002761 0.319918 -2.492015 9.305000
-9.273808 4.076984 1.417972 0.002272 0.262790 -2.497498 9.450000
-9.438629 3.955460 1.396480 -0.048257 0.147915 -2.468399 9.570000
-9.600240 3.829735 1.383619 -0.036217 0.085086 -2.415439 9.680000
-9.771917 3.687943 1.364228 0.001108 0.047028 -2.373733 9.795000
-9.929693 3.553830 1.329121 -0.059971 0.034068 -2.309467 9.900000
-10.078103 3.421702 1.296195 -0.052341 0.025933 -2.271014 10.000000
-10.229916 3.278001 1.292011 -0.106050 0.028431 -2.178983 10.105000
-10.373121 3.126414 1.292859 -0.125952 0.033807 -2.097062 10.210000
-10.505298 2.965955 1.293582 -0.143539 0.040047 -2.015402 10.315000
-10.624405 2.796215 1.294196 -0.152356 0.044231 -1.936584 10.420000
-10.743039 2.591488 1.294782 -0.151273 0.045506 -1.853350 10.540000
-10.830904 2.404134 1.295212 -0.149011 0.045352 -1.779818 10.645000
-10.903748 2.210461 1.295578 -0.094768 0.041610 -1.734884 10.750000
-10.966548 2.012517 1.295889 -0.055364 0.032469 -1.748954 10.855000
-11.023406 1.813215 1.262794 -0.054871 -0.029198 -1.760228 10.960000
-11.073704 1.618423 1.246250 -0.046193 -0.061572 -1.769290 11.065000
-11.124559 1.381462 1.245664 -0.063959 0.065753 -1.694312 11.195000
-11.158250 1.184251 1.246427 -0.012722 0.059260 -1.702440 11.300000
-11.191157 0.982553 1.247072 -0.001708 0.044668 -1.708934 11.405000
-11.224431 0.778150 1.247620 0.000496 0.032318 -1.714153 11.510000
-11.258195 0.572375 1.248082 0.000796 0.026771 -1.718288 11.615000
-11.292394 0.365903 1.248478 0.000128 0.023884 -1.721648 11.720000
-11.327583 0.159216 1.248815 0.069741 0.018064 -1.791802 11.825000
-11.376322 -0.074525 1.249136 0.051306 -0.010720 -1.882503 11.945000
-11.424246 -0.273435 1.249375 -0.036611 -0.107729 -1.804083 12.050000
-11.468795 -0.469384 1.249585 -0.062243 -0.114914 -1.677720 12.160000
-11.506083 -0.667570 1.249776 -0.077933 -0.053796 -1.546263 12.280000
-11.535217 -0.886890 1.249959 -0.080772 -0.006222 -1.468505 12.420000
-11.548781 -1.093298 1.250101 -0.086456 0.014993 -1.400419 12.555000
-11.546778 -1.297548 1.250217 -0.085673 0.023093 -1.335223 12.690000
-11.524010 -1.537414 1.250326 -0.079454 0.024937 -1.257662 12.850000
-11.487027 -1.744831 1.250402 -0.071505 0.023801 -1.192096 12.990000
-11.429299 -1.970989 1.250468 -0.066160 0.022745 -1.117839 13.145000
-11.363643 -2.167705 1.250514 -0.070673 0.159553 -1.054031 13.280000
-11.286102 -2.353411 1.250548 -0.067638 0.102278 -0.986342 13.400000
-11.197425 -2.533664 1.250574 -0.117461 -0.045977 -0.830619 13.515000
-11.087980 -2.719867 1.277682 -0.117830 -0.030306 -0.686499 13.645000
-10.969268 -2.885082 1.277077 -0.152299 0.013333 -0.549381 13.775000
-10.831023 -3.033943 1.290572 -0.152566 0.041366 -0.408861 13.910000
-10.670362 -3.164138 1.304863 -0.086931 0.045597 -0.315540 14.050000
-10.490854 -3.283436 1.305000 -0.047185 0.035616 -0.347888 14.195000
-10.289216 -3.401504 1.305100 -0.074971 0.025558 -0.336450 14.350000
-10.092429 -3.499417 1.305173 -0.078670 0.018657 -0.326625 14.495000
-9.882439 -3.587727 1.305233 -0.076308 0.015407 -0.271583 14.645000
-9.689319 -3.656655 1.305277 -0.017904 0.013500 -0.276205 14.780000
-9.465528 -3.730856 1.305316 -0.020399 0.011666 -0.257072 14.935000
-9.273106 -3.788215 1.305343 -0.068615 0.168183 -0.180437 15.065000
-9.057500 -3.839228 1.305365 -0.050730 0.137835 -0.098778 15.195000
-8.858602 -3.879354 1.305380 -0.020544 0.085613 -0.069288 15.305000
-8.660882 -3.915689 1.305393 -0.066295 0.061085 0.007217 15.410000
-8.458664 -3.945315 1.305403 -0.025826 0.045424 0.036441 15.515000
-8.253762 -3.968545 1.305412 -0.098691 0.043156 0.105077 15.620000
-8.047449 -3.980892 1.305419 -0.119942 0.043111 0.175807 15.725000
-7.801346 -3.979096 1.305427 -0.058306 0.040744 0.191644 15.850000
-7.593807 -3.968772 1.305432 -0.055894 0.034545 0.178604 15.955000
-7.386500 -3.951900 1.305437 -0.058775 0.022627 0.168109 16.059999
-7.185162 -3.926542 1.341909 -0.163501 -0.126810 0.370204 16.165001
-6.986653 -3.884968 1.377313 -0.184517 -0.073872 0.545139 16.280001
-6.795566 -3.821619 1.410780 -0.176843 -0.004058 0.696826 16.405001
-6.604543 -3.726822 1.438798 -0.155277 0.032010 0.841690 16.545000
-6.422060 -3.598818 1.437134 -0.133749 0.044554 0.993335 16.695000
-6.260567 -3.447404 1.435774 -0.101397 0.044351 1.114569 16.844999
-6.120039 -3.284608 1.434732 -0.069132 0.036230 1.147849 16.990000
-5.978787 -3.093505 1.434251 -0.061847 -0.126501 1.089842 17.150000
-5.867087 -2.925365 1.434251 -0.005477 -0.241985 0.922290 17.309999
-5.762801 -2.753084 1.434251 0.040818 -0.134936 0.660491 17.559999
-5.673757 -2.573739 1.434251 0.027610 -0.013046 -0.030659 18.219999
-5.523660 -2.706399 1.434251 0.046961 0.238254 -1.021265 19.469999
-5.410339 -2.892498 1.434251 0.004270 0.079693 -1.252268 19.639999
-5.309280 -3.069001 1.434251 0.038948 0.035312 -1.456478 19.785000
-5.204961 -3.278407 1.434251 0.075807 0.054427 -1.651110 19.950001
-5.132527 -3.471158 1.434251 0.123392 0.080775 -1.739610 20.094999
-5.077148 -3.681494 1.462175 -0.017241 0.049034 -1.462165 20.245001
-5.018953 -3.906543 1.468936 0.042497 0.000244 -1.204624 20.400000
-4.972303 -4.111131 1.474963 0.033653 -0.004234 -1.105754 20.540001
-4.925324 -4.337187 1.471212 -0.057538 0.024678 -0.993587 20.695000
-4.863965 -4.557912 1.468258 -0.109941 0.048492 -0.891160 20.850000
-4.778798 -4.761883 1.456253 -0.158311 0.052024 -0.795736 21.000000
-4.672163 -4.938170 1.450015 -0.171901 0.051372 -0.684295 21.139999
-4.524366 -5.112041 1.448254 -0.111851 0.044913 -0.579174 21.295000
-4.365663 -5.258124 1.446947 -0.086642 0.034321 -0.514941 21.440001
-4.206347 -5.383745 1.431484 -0.054861 0.024136 -0.497576 21.575001
-4.041135 -5.504149 1.417870 -0.064519 0.016677 -0.503973 21.709999
-3.864464 -5.621418 1.404869 0.061501 0.003724 -0.632226 21.850000
-3.679822 -5.751701 1.404495 0.043643 -0.044111 -0.773152 22.000000
-3.520213 -5.873030 1.404495 0.054024 -0.247822 -0.924995 22.145000
-3.356038 -5.993524 1.404495 0.075216 -0.162242 -1.144907 22.355000
-3.187887 -6.102753 1.404495 0.055878 -0.039968 -1.579497 22.770000
-2.975312 -6.107077 1.404495 0.148680 0.342123 0.460515 27.195000
-2.780149 -6.052129 1.396639 -0.029079 0.158051 0.321612 27.375000
-2.587456 -5.991719 1.443398 -0.088249 0.031890 0.191477 27.520000
-2.405417 -5.921033 1.508144 0.053665 -0.000206 -0.072420 27.655001
-2.214056 -5.855211 1.541931 0.109737 -0.122885 -0.235459 27.799999
-2.017988 -5.796269 1.541419 0.087860 -0.176419 -0.204071 27.980000
-1.826366 -5.734736 1.540845 0.058551 -0.127906 -0.172930 28.270000
