-12.783711 3.992878 1.000000 -0.001039 -0.001247 -0.064488 0.000000
-12.566298 3.991213 1.000000 -0.071646 0.272069 -0.013764 0.340000
-12.346841 4.015837 1.000000 -0.007889 0.157813 0.160235 0.545000
-12.143483 4.043570 1.018772 0.054500 0.056937 0.258863 0.695000
-11.919763 4.067945 1.035114 0.014861 0.025718 0.349556 0.850000
-11.706450 4.090364 1.034365 -0.030671 0.026829 0.400787 0.995000
-11.492856 4.120922 1.033742 -0.079256 0.035181 0.459242 1.140000
-11.274078 4.168978 1.042097 -0.057661 0.032874 0.448487 1.290000
-11.049497 4.233269 1.086470 -0.031888 0.019809 0.364666 1.445000
-10.840015 4.300209 1.124484 0.010276 0.010217 0.250658 1.590000
-10.622968 4.367884 1.162474 0.038741 0.012555 0.141580 1.740000
-10.429030 4.420156 1.198679 0.071013 0.176429 0.057306 1.870000
-10.219858 4.460514 1.245970 0.105060 0.100280 -0.054809 1.995000
-10.027250 4.482834 1.301273 0.115057 -0.053774 -0.188167 2.105000
-9.796166 4.490325 1.376594 0.169686 -0.017351 -0.368990 2.245000
-9.595462 4.474231 1.414240 0.079222 0.015799 -0.365270 2.375000
-9.399654 4.444130 1.445538 0.067774 0.019393 -0.339979 2.505000
-9.184917 4.395467 1.480827 0.059029 0.017926 -0.350742 2.650000
-8.966248 4.331358 1.516436 0.068816 0.014592 -0.377059 2.800000
-8.752030 4.253564 1.552315 0.053849 0.014174 -0.461918 2.950000
-8.563282 4.173346 1.584539 0.038309 0.013135 -0.533514 3.085000
-8.377881 4.086130 1.607007 0.086306 0.010343 -0.653225 3.220000
-8.201785 3.986638 1.604248 0.132003 0.024084 -0.889310 3.355000
-8.036811 3.864891 1.611041 0.113638 0.044011 -1.070671 3.490000
-7.884521 3.720001 1.608850 0.136446 0.061018 -1.215547 3.635000
-7.759132 3.561137 1.607146 0.130618 0.065425 -1.340544 3.775000
-7.645702 3.366098 1.612778 0.104817 0.056825 -1.400380 3.930000
-7.563635 3.176612 1.611838 0.135036 0.048467 -1.488203 4.070000
-7.505146 2.985027 1.611111 0.123869 0.040256 -1.564893 4.205000
-7.467637 2.780726 1.637474 0.127530 0.040751 -1.717633 4.345000
-7.455345 2.552066 1.646210 0.112071 0.041505 -1.870979 4.500000
-7.471287 2.324469 1.650461 0.107920 0.042153 -2.027795 4.655000
-7.509641 2.123052 1.649802 0.116346 0.049557 -2.165719 4.795000
-7.572038 1.928500 1.649267 0.119501 0.053880 -2.294558 4.935000
-7.669339 1.724619 1.648800 0.127305 0.056275 -2.442463 5.090000
-7.790945 1.542899 1.648443 0.133106 0.056785 -2.582691 5.240000
-7.936445 1.378409 1.648161 0.086913 0.048861 -2.636818 5.390000
-8.100762 1.229365 1.647937 0.117104 0.045139 -2.738259 5.540000
-8.263494 1.112053 1.645244 0.109728 0.040504 -2.819161 5.675000
-8.437326 1.009851 1.610715 0.078430 0.033193 -2.861887 5.810000
-8.619189 0.920235 1.577753 0.098778 0.028718 -2.934137 5.945000
-8.828919 0.837997 1.540765 0.110001 0.030110 -3.049287 6.095000
-9.030429 0.781607 1.518064 0.069317 0.024861 3.138995 6.235000
-9.227178 0.736518 1.542464 -0.075240 0.012280 -2.944494 6.370000
-9.421964 0.680326 1.543015 -0.070192 0.014952 -2.732993 6.505000
-9.619421 0.609062 1.543480 -0.063469 0.016058 -2.554388 6.645000
-9.817509 0.522799 1.543865 -0.075078 0.024130 -2.392207 6.790000
-10.012918 0.418189 1.544182 -0.107032 0.039185 -2.240057 6.940000
-10.183742 0.303242 1.544419 -0.083782 0.046787 -2.184540 7.080000
-10.366327 0.151984 1.544634 -0.102743 0.043514 -2.126219 7.240000
-10.505140 0.006901 1.544778 -0.153444 0.043518 -1.986996 7.375000
-10.625714 -0.161182 1.544899 -0.139090 0.046149 -1.836050 7.515000
-10.719158 -0.336692 1.567692 -0.124659 0.046649 -1.703458 7.650000
-10.797883 -0.542801 1.605383 -0.118676 0.046849 -1.553597 7.800000
-10.848593 -0.749424 1.640562 -0.117069 0.048948 -1.414260 7.945000
-10.874166 -0.967389 1.675685 -0.119971 0.051957 -1.275736 8.095000
-10.870811 -1.186146 1.711218 -0.125531 0.055787 -1.134428 8.245000
-10.837119 -1.401921 1.723042 -0.123430 0.056829 -0.998098 8.395000
-10.773819 -1.611140 1.721886 -0.111646 0.054160 -0.873230 8.545000
-10.691788 -1.799463 1.721024 -0.083192 0.046793 -0.835559 8.685000
-10.584272 -1.994409 1.726494 -0.115192 0.040739 -0.762108 8.835000
-10.468614 -2.158896 1.748134 -0.091892 0.037261 -0.686105 8.970000
-10.337944 -2.313137 1.746782 -0.078408 0.030490 -0.634520 9.105000
-10.179087 -2.473704 1.751821 -0.095686 0.025978 -0.552280 9.255000
-10.017957 -2.609207 1.766237 -0.086705 0.026993 -0.421863 9.395000
-9.832989 -2.736676 1.781663 -0.093073 0.029296 -0.285928 9.545000
-9.657653 -2.835949 1.781383 -0.101017 0.032654 -0.192221 9.680000
-9.474844 -2.919998 1.781131 -0.087166 0.035930 -0.136102 9.815000
-9.285326 -2.988977 1.780926 -0.093811 0.034776 -0.079138 9.950000
-9.090211 -3.041636 1.780761 -0.073463 0.030954 -0.031801 10.085000
-8.868799 -3.085392 1.780613 -0.048504 0.023433 -0.048645 10.235000
-8.666981 -3.116889 1.808362 0.004218 0.014554 -0.136469 10.370000
-8.464725 -3.148745 1.842823 0.049002 0.010502 -0.274232 10.505000
-8.257648 -3.190337 1.877207 0.052867 0.014687 -0.436917 10.645000
-8.061456 -3.240336 1.909424 0.042795 0.020769 -0.499350 10.780000
-7.867826 -3.299138 1.941253 0.069876 0.027339 -0.562815 10.915000
-7.678566 -3.370700 1.973405 0.065980 0.028797 -0.613395 11.050000
-7.493565 -3.454562 2.006163 0.077981 0.026922 -0.631059 11.185000
-7.314355 -3.551571 2.009375 0.114794 0.024524 -0.733304 11.320000
-7.146442 -3.665412 1.971241 0.109695 0.027840 -0.884164 11.455000
-6.991384 -3.794295 1.942024 0.107566 0.019489 -1.012498 11.590000
-6.846821 -3.940682 1.940937 0.107000 0.012452 -1.154223 11.730000
-6.721613 -4.096957 1.940063 0.119021 0.015999 -1.290659 11.870000
-6.614733 -4.267182 1.919250 0.115080 0.020177 -1.415039 12.015000
-6.525972 -4.449198 1.941036 0.168033 0.022863 -1.563352 12.165000
-6.447120 -4.666417 1.927783 -0.137213 0.052695 -1.169131 12.340000
-6.351482 -4.855389 1.952678 -0.076358 0.057371 -0.822075 12.495000
-6.247558 -5.014848 2.015119 -0.071549 0.046939 -0.647356 12.630000
-6.126006 -5.174892 2.062809 -0.080788 0.048371 -0.508412 12.770000
-5.989372 -5.324146 2.096608 -0.133424 0.056353 -0.353759 12.910000
-5.835009 -5.452280 2.130157 -0.133276 0.071485 -0.191131 13.050000
-5.663340 -5.555683 2.163359 -0.175733 0.075703 -0.057189 13.190000
-5.463408 -5.633192 2.198352 -0.074335 0.068094 0.015880 13.340000
-5.251222 -5.687137 2.233499 -0.105612 0.053554 0.064908 13.490000
-5.046149 -5.714074 2.236836 -0.094330 0.041949 0.111048 13.630000
-4.844871 -5.721422 2.235556 -0.096237 0.029577 0.128940 13.765000
-4.641930 -5.717133 2.234522 -0.044205 0.018587 0.064539 13.900000
-4.422992 -5.707183 2.233622 -0.019637 0.013989 0.019100 14.045000
-4.218729 -5.695042 2.249066 -0.010962 0.013475 0.023092 14.180000
-4.011083 -5.680727 2.273409 -0.001986 0.163030 0.026081 14.315000
-3.807591 -5.667264 2.299634 0.011297 0.140600 0.028117 14.435000
-3.605636 -5.655800 2.298846 0.017930 0.090167 0.029584 14.545000
-3.404714 -5.646502 2.298208 0.018357 0.058494 0.030708 14.650000
-3.199488 -5.638937 2.297663 0.015106 0.040338 0.031613 14.755000
-2.992025 -5.632773 2.297202 0.008568 0.030373 0.032338 14.860000
-2.783407 -5.627367 2.315009 0.002194 0.025528 0.032925 14.965000
-2.584189 -5.622321 2.337373 -0.002950 0.022440 0.033371 15.065000
-2.374769 -5.616620 2.335648 -0.005992 0.021566 0.033749 15.170000
-2.165239 -5.610205 2.337512 -0.006507 0.020999 0.034052 15.275000
-1.965637 -5.603387 2.349983 -0.005363 0.020485 0.034288 15.375000
-1.736096 -5.594855 2.348608 -0.002474 0.020593 0.034502 15.490000
-1.516526 -5.586310 2.347497 0.000224 0.020607 0.034664 15.600000
-1.276940 -5.576932 2.346484 0.002404 0.020780 0.034803 15.720000
-1.037284 -5.567786 2.345640 0.003370 0.020534 0.034912 15.840000
-0.827558 -5.560084 2.345021 0.003370 0.019911 0.034988 15.945000
-0.617874 -5.552663 2.344496 0.002702 0.012437 0.035048 16.049999
-0.410079 -5.545509 2.344051 0.001507 -0.050671 0.035096 16.155001
-0.206992 -5.538615 2.343674 0.000779 0.033195 0.035135 16.260000
-0.002973 -5.531701 2.343349 0.000224 0.041728 0.035166 16.365000
0.203297 -5.524658 2.343075 -0.000240 0.035343 0.035191 16.469999
0.411158 -5.517462 2.326626 -0.000323 0.028916 0.035211 16.575001
0.649806 -5.509072 2.314080 -0.000095 0.023951 0.035229 16.695000
0.889017 -5.500554 2.307335 0.000309 0.022000 0.035244 16.815001
1.128487 -5.491973 2.307827 0.000701 0.020781 0.035255 16.934999
1.338098 -5.484421 2.314972 -0.029787 0.011497 0.055040 17.040001
1.545788 -5.474778 2.321356 -0.011377 -0.049542 0.075403 17.145000
1.748073 -5.462251 2.320858 -0.021795 0.031815 0.132778 17.250000
1.950779 -5.446870 2.320438 0.006116 0.044307 0.125212 17.355000
2.156056 -5.431348 2.320079 0.001804 0.038258 0.119051 17.459999
2.363205 -5.415465 2.319777 -0.005855 0.030249 0.114183 17.565001
2.571372 -5.398588 2.319518 -0.009773 0.025171 0.110227 17.670000
2.779985 -5.380948 2.304803 0.056473 0.020062 0.047718 17.780001
3.018654 -5.366992 2.304387 0.059137 0.021982 -0.038434 17.900000
3.257196 -5.361968 2.304051 0.026829 0.024878 -0.092772 18.020000
3.455689 -5.361879 2.271168 0.013317 -0.011461 -0.084118 18.120001
3.680067 -5.363564 2.312136 0.021834 0.021440 -0.076204 18.235001
3.893954 -5.367963 2.312324 0.026427 0.040994 -0.070258 18.344999
4.100101 -5.375378 2.320894 0.064375 0.035831 -0.090602 18.450001
4.316846 -5.391789 2.322983 0.087447 0.030600 -0.199040 18.559999
4.523349 -5.416436 2.297039 0.004079 0.027816 -0.187724 18.665001
4.730482 -5.442465 2.280718 -0.002374 0.025508 -0.178569 18.770000
4.928288 -5.467539 2.263231 0.002255 0.023456 -0.171580 18.870001
5.136265 -5.494524 2.259783 0.006169 0.021534 -0.165623 18.975000
5.334362 -5.520733 2.211143 -0.037757 0.005649 -0.116125 19.075001
5.540410 -5.546097 2.222695 -0.002652 -0.052362 -0.114127 19.180000
5.765981 -5.573058 2.260199 -0.069574 -0.031425 -0.045107 19.299999
5.995592 -5.591030 2.258089 -0.036436 0.073950 0.029114 19.424999
6.213332 -5.600937 2.256478 -0.013502 0.064350 0.022875 19.540001
6.426993 -5.608354 2.255183 -0.020928 0.046337 0.018153 19.650000
6.633864 -5.613039 2.254139 -0.025084 0.034429 0.014563 19.754999
6.842245 -5.615025 2.253252 -0.022929 0.027962 0.011680 19.860001
7.051426 -5.614611 2.252498 -0.015637 0.024306 0.009368 19.965000
7.260980 -5.612524 2.251853 -0.008143 0.021266 0.007493 20.070000
7.469293 -5.609669 2.251313 0.001557 -0.032550 0.006011 20.174999
7.674325 -5.606985 2.231203 0.006974 0.030170 0.004807 20.280001
7.899883 -5.604912 2.190064 0.009769 0.035053 0.003777 20.395000
8.097595 -5.604099 2.155408 0.009158 0.030480 0.003046 20.495001
8.296308 -5.604153 2.122131 0.006688 0.025653 0.002465 20.594999
8.525501 -5.604979 2.071952 0.002776 0.023507 0.001925 20.709999
8.725142 -5.606004 2.034935 -0.000031 0.021828 0.001550 20.809999
8.924936 -5.607014 2.005208 -0.002316 0.020743 0.001247 20.910000
9.144774 -5.607860 1.971942 -0.003484 0.018839 0.000979 21.020000
9.393013 -5.608331 2.007712 -0.003252 -0.045427 0.000741 21.145000
9.601427 -5.608479 2.015565 -0.012577 -0.232914 0.094954 21.254999
9.814855 -5.610343 2.015565 -0.051946 -0.302590 0.236326 21.389999
10.018078 -5.617831 2.015565 -0.078503 -0.195729 0.430058 21.575001
10.218055 -5.635714 2.015565 -0.068735 -0.065590 0.775632 21.905001
