-12.780037 4.066552 1.000000 0.000591 0.052160 0.352692 0.000000
-12.586801 4.128588 1.010575 0.039463 0.284490 0.363861 0.215000
-12.336480 4.203127 1.009887 0.009524 0.230507 0.353335 0.400000
-12.143043 4.261707 1.012598 -0.011016 0.131994 0.348562 0.515000
-11.908528 4.336221 1.039095 -0.019928 0.067353 0.344423 0.645000
-11.713869 4.401287 1.044983 -0.017751 0.042654 0.341796 0.750000
-11.517375 4.469451 1.044099 -0.010624 0.030416 0.339699 0.855000
-11.320106 4.539526 1.043348 -0.002253 0.023879 0.338013 0.960000
-11.122443 4.610421 1.042706 0.005214 0.020832 0.336653 1.065000
-10.888634 4.694185 1.042462 0.011561 -0.140445 0.252380 1.190000
-10.694608 4.764463 1.042462 0.048575 -0.323016 0.131953 1.305000
-10.502597 4.838109 1.042462 0.082109 -0.258294 -0.025127 1.455000
-10.314107 4.919550 1.042462 0.088745 -0.129160 -0.271218 1.690000
-10.134892 5.014881 1.042462 0.040889 -0.010444 -0.852412 2.245000
-10.163794 4.812206 1.042462 0.005049 0.195933 -1.932231 3.550000
-10.229598 4.621188 1.042462 0.030981 0.099637 -1.957228 3.705000
-10.302083 4.433709 1.042462 0.042023 0.045928 -1.973573 3.845000
-10.385059 4.242749 1.042462 0.037359 0.024325 -1.985912 3.985000
-10.472605 4.058846 1.042462 0.005143 0.015578 -1.979044 4.120000
-10.559482 3.873817 1.042462 -0.056804 0.173151 -1.889844 4.250000
-10.635672 3.688552 1.042462 -0.057343 0.129570 -1.808871 4.365000
-10.720267 3.461038 1.042462 -0.024820 0.074716 -1.766677 4.495000
-10.787544 3.269466 1.042462 -0.015045 0.052913 -1.775763 4.600000
-10.853745 3.073803 1.042462 -0.044933 0.038921 -1.782499 4.705000
-10.914176 2.874773 1.042462 -0.154953 0.029154 -1.695711 4.810000
-10.961499 2.672454 1.042462 -0.107574 0.032983 -1.694963 4.915000
-10.997467 2.467338 1.042462 -0.093127 0.023913 -1.694413 5.020000
-11.023824 2.261134 1.042462 -0.069102 0.001406 -1.693967 5.125000
-11.043015 2.055353 1.042462 -0.037598 0.028050 -1.693608 5.230000
-11.058610 1.848355 1.042462 -0.006305 0.029528 -1.693322 5.335000
-11.075405 1.620459 1.042462 0.018263 0.026214 -1.693071 5.450000
-11.093019 1.411923 1.042462 0.030190 0.024010 -1.692888 5.555000
-11.114092 1.203370 1.042462 0.031267 0.021981 -1.692743 5.660000
-11.138701 0.995051 1.042462 0.024374 0.020653 -1.692628 5.765000
-11.166065 0.786973 1.042462 0.013189 0.020305 -1.692534 5.870000
-11.200458 0.539966 1.042462 -0.001934 -0.026842 -1.692446 5.995000
-11.228792 0.337833 1.042462 -0.009973 -0.088047 -1.692389 6.100000
-11.256880 0.134094 1.042462 0.044813 0.048873 -1.733919 6.210000
-11.290061 -0.071275 1.042462 0.048002 0.061896 -1.820523 6.320000
-11.326967 -0.270857 1.042462 -0.020973 0.047718 -1.811445 6.425000
-11.371640 -0.512349 1.042462 0.067099 0.035278 -1.885042 6.550000
-11.415135 -0.715446 1.042462 0.009898 0.030108 -1.891791 6.655000
-11.461365 -0.918962 1.042462 0.063404 0.028227 -1.914287 6.760000
-11.514136 -1.121173 1.042462 0.034652 0.025708 -1.947735 6.865000
-11.590057 -1.379242 1.042462 0.090798 0.025060 -2.013049 7.000000
-11.659292 -1.576205 1.042462 0.111765 0.029103 -2.099286 7.105000
-11.740428 -1.767852 1.042462 0.118533 0.033800 -2.180838 7.210000
-11.833993 -1.953262 1.042462 0.123354 0.037491 -2.259288 7.315000
-11.940152 -2.131506 1.047733 0.128463 0.040031 -2.336361 7.420000
-12.052899 -2.293685 1.082866 0.131661 0.041002 -2.408354 7.520000
-12.176745 -2.447503 1.116917 0.137708 0.041759 -2.483433 7.620000
-12.311389 -2.591860 1.151485 0.141656 0.042662 -2.555655 7.720000
-12.456388 -2.725698 1.217716 0.147867 0.043385 -2.632089 7.820000
-12.611148 -2.848003 1.280061 0.148416 0.044038 -2.703655 7.920000
-12.779897 -2.961275 1.330264 0.150209 -0.107859 -2.827648 8.025000
-12.958166 -3.063250 1.364219 0.148363 -0.079076 -2.900854 8.140000
-13.137249 -3.146139 1.406131 0.138143 -0.024869 -2.997117 8.260000
-13.328940 -3.212857 1.437304 0.119546 0.007389 -3.059144 8.390000
-13.521542 -3.259711 1.468223 0.113320 0.019544 -3.130608 8.520000
-13.722685 -3.286673 1.500093 0.141120 0.028672 2.973340 8.655000
-13.923355 -3.290300 1.531566 0.108021 0.032833 2.874378 8.790000
-14.122320 -3.273312 1.562141 0.127649 0.038912 2.711425 8.925000
-14.324536 -3.232832 1.582444 0.089593 0.042222 2.634271 9.065000
-14.522479 -3.172116 1.595381 0.097866 0.039732 2.542495 9.205000
-14.726745 -3.084566 1.603116 0.089966 0.037086 2.425983 9.355000
-14.921654 -2.976384 1.564496 0.092311 0.035720 2.348060 9.505000
-15.103119 -2.847125 1.554198 0.149470 0.040608 2.170430 9.655000
-15.256821 -2.698859 1.532661 0.133248 0.046321 2.017341 9.800000
-15.396082 -2.518869 1.504848 0.127698 0.047044 1.847526 9.955000
-15.498757 -2.341343 1.507278 0.127265 0.048842 1.701782 10.095000
-15.587267 -2.132180 1.509406 0.089285 0.048630 1.629318 10.250000
-15.652297 -1.919928 1.511045 0.096590 0.042486 1.571078 10.400000
-15.695968 -1.700757 1.524881 0.099107 0.036090 1.505341 10.550000
-15.717299 -1.477536 1.569994 0.094125 0.031655 1.433192 10.700000
-15.717176 -1.252757 1.611289 0.083903 0.028190 1.359104 10.850000
-15.697805 -1.028285 1.646330 0.071097 0.024815 1.289193 11.000000
-15.665774 -0.827786 1.648247 0.065883 0.019998 1.211172 11.135000
-15.624715 -0.628771 1.658925 -0.042453 0.013599 1.326762 11.270000
-15.588829 -0.427973 1.670989 -0.007750 0.014796 1.413828 11.405000
-15.555102 -0.226256 1.702926 -0.035696 0.012637 1.478186 11.540000
-15.521821 0.006081 1.723263 -0.071044 0.012441 1.609161 11.695000
-15.501370 0.231043 1.719514 -0.056411 0.020116 1.684087 11.845000
-15.493381 0.433829 1.716761 -0.035907 0.022469 1.719688 11.980000
-15.493464 0.637380 1.715754 -0.038445 0.021411 1.707396 12.115000
-15.498657 0.841782 1.747544 0.001540 0.013368 1.602479 12.250000
-15.503899 1.046497 1.780287 -0.008291 0.010065 1.517517 12.385000
-15.510025 1.251045 1.799870 -0.016951 0.010468 1.500460 12.520000
-15.518350 1.455592 1.798208 -0.003179 0.013271 1.513103 12.655000
-15.524479 1.674976 1.796808 0.011665 0.172261 1.487906 12.795000
-15.524971 1.875182 1.795868 0.020577 0.130318 1.494048 12.910000
-15.521666 2.080070 1.795106 0.030303 0.083805 1.498732 13.020000
-15.514555 2.282565 1.794496 0.031091 0.053093 1.502271 13.125000
-15.505802 2.488477 1.793977 0.004969 0.035338 1.556568 13.230000
-15.495938 2.715918 1.793499 0.009821 0.028030 1.555613 13.345000
-15.484921 2.944422 1.793095 -0.005380 0.025142 1.554853 13.460000
-15.471278 3.193327 1.792731 0.067521 0.020549 1.450610 13.585000
-15.453914 3.411866 1.792463 -0.030622 0.018964 1.480137 13.695000
-15.437079 3.620287 1.792248 0.018730 0.021690 1.411312 13.800000
-15.418672 3.828584 1.792066 -0.016590 0.021931 1.440615 13.905000
-15.401693 4.037275 1.791911 -0.014354 0.021169 1.450939 14.010000
-15.385948 4.246248 1.791778 -0.010048 0.021278 1.459329 14.115000
-15.370979 4.455426 1.791666 -0.004936 0.020481 1.465982 14.220000
-15.355846 4.664623 1.791571 0.064508 0.019986 1.419483 14.325000
-15.335097 4.872933 1.791490 0.019639 0.022174 1.388325 14.430000
-15.311004 5.080869 1.791421 0.013723 0.023116 1.392732 14.535000
-15.284889 5.288803 1.791363 0.022521 0.022696 1.396243 14.640000
-15.254582 5.506434 1.791311 0.025237 0.020856 1.399223 14.750000
-15.222818 5.713820 1.791269 -0.018555 0.017957 1.437104 14.855000
-15.192317 5.930974 1.791231 -0.104470 -0.000875 1.561746 14.965000
-15.172027 6.173859 1.791196 -0.095828 -0.057689 1.663701 15.090000
-15.166422 6.380144 1.791170 -0.060741 0.053575 1.667985 15.200000
-15.168903 6.588727 1.791148 -0.053589 0.063489 1.661130 15.310000
-15.177747 6.791980 1.791130 -0.047360 0.048264 1.655909 15.415000
-15.193236 6.997642 1.791115 -0.084547 0.037158 1.704943 15.520000
-15.215285 7.204327 1.791102 -0.012768 0.029616 1.698057 15.625000
-15.245850 7.441061 1.791091 -0.069039 0.026115 1.791475 15.745000
-15.283685 7.677150 1.791081 0.022273 0.020929 1.793045 15.865000
-15.320100 7.913818 1.791072 -0.012968 0.020336 1.803103 15.985000
-15.356214 8.130119 1.791066 -0.094514 0.019918 1.905827 16.094999
-15.398836 8.334101 1.791061 0.036718 0.019885 1.841165 16.200001
-15.439237 8.538632 1.791056 0.069597 0.020922 1.719790 16.305000
-15.473209 8.744364 1.791053 0.061780 0.022056 1.631522 16.410000
-15.501827 8.950786 1.791050 0.054358 0.025806 1.584239 16.514999
-15.524737 9.157855 1.791048 0.021715 0.026376 1.549073 16.620001
-15.544551 9.365560 1.791045 0.002430 0.025942 1.565878 16.725000
-15.566534 9.603685 1.791042 0.011453 0.024020 1.581053 16.844999
-15.585301 9.822448 1.791040 0.018659 0.008818 1.592072 16.955000
-15.601880 10.039317 1.791038 0.020705 -0.054432 1.600802 17.065001
-15.617544 10.276649 1.791038 0.066074 -0.043586 1.496844 17.190001
-15.621827 10.482211 1.791038 0.276324 -0.084199 1.098226 17.305000
-15.588760 10.704644 1.791038 0.233727 0.051875 0.863735 17.450001
-15.503756 10.910169 1.802409 0.185602 0.083527 0.678082 17.605000
-15.390371 11.075231 1.840562 0.129371 0.070800 0.567892 17.745001
-15.242120 11.235188 1.860282 0.103428 0.052734 0.445526 17.895000
-15.074198 11.377634 1.895400 0.108828 0.046643 0.307689 18.045000
-14.893234 11.501705 1.900575 0.103269 -0.205830 0.147542 18.200001
-14.721605 11.615048 1.900575 0.105339 -0.165724 -0.056668 18.395000
-14.559420 11.733499 1.900575 0.074067 -0.048068 -0.423198 18.745001
-14.517147 11.514832 1.900575 -0.039356 0.294807 -1.811729 20.655001
-14.562231 11.302698 1.900575 -0.029061 0.178531 -1.805819 20.790001
-14.602678 11.097634 1.900575 -0.010213 0.103362 -1.801940 20.905001
-14.641128 10.900534 1.900575 0.002883 0.061953 -1.799132 21.010000
-14.681325 10.699165 1.900575 0.010358 -0.023184 -1.760932 21.115000
-14.723291 10.495575 1.900575 -0.020231 -0.243184 -1.645740 21.225000
-14.766765 10.295263 1.900575 -0.061476 -0.300845 -1.509600 21.355000
-14.816860 10.092775 1.900575 -0.085142 -0.186610 -1.310627 21.545000
-14.878393 9.892618 1.900575 -0.068974 -0.057701 -0.938860 21.900000
-14.677972 9.859649 1.900575 0.016882 0.317934 0.371850 23.785000
-14.485944 9.936378 1.900575 0.006964 0.206519 0.286643 23.920000
-14.295405 10.008986 1.900575 -0.014674 0.110899 0.222108 24.035000
-14.101665 10.081815 1.900575 -0.009760 0.065380 0.195081 24.145000
-13.874378 10.165438 1.900575 0.018425 0.046234 0.144851 24.270000
-13.642061 10.246462 1.900575 0.028765 0.038307 0.161479 24.395000
-13.443949 10.311543 1.900575 0.062422 0.033869 0.172457 24.500000
-13.243095 10.370455 1.900575 0.076364 0.029187 0.181285 24.605000
-13.039807 10.421717 1.900575 0.072704 0.022959 0.188327 24.709999
-12.834736 10.465861 1.900575 0.052566 0.020252 0.194002 24.815001
-12.618731 10.506823 1.900575 0.023605 0.019902 0.198736 24.924999
-12.373730 10.554205 1.900575 -0.097995 0.019424 0.327789 25.049999
-12.152366 10.609993 1.900575 -0.101729 0.029433 0.418803 25.165001
-11.908493 10.687030 1.900575 0.042193 -0.116956 0.259634 25.295000
-11.715538 10.746797 1.900575 0.083354 -0.115567 0.141208 25.405001
-11.519970 10.798540 1.900575 0.092620 -0.052725 0.059571 25.525000
-11.317451 10.839198 1.900575 0.092161 -0.009271 -0.014343 25.655001
-11.118919 10.864490 1.900575 0.090563 0.010388 -0.085504 25.785000
-10.914160 10.877145 1.900575 0.075530 0.015838 -0.112465 25.920000
-10.687075 10.878029 1.900575 0.048036 0.018134 -0.114713 26.070000
-10.482661 10.869159 1.900575 0.044918 0.014558 -0.111326 26.205000
-10.269865 10.851403 1.900575 0.035678 0.138949 -0.108704 26.344999
-10.063680 10.827831 1.900575 0.019884 0.153994 -0.106916 26.469999
-9.856130 10.801311 1.900575 0.001754 0.098711 -0.105640 26.584999
-9.647833 10.774514 1.900575 -0.011509 0.061232 -0.104681 26.695000
-9.444147 10.749503 1.900575 -0.018665 0.041246 -0.103946 26.799999
-9.237922 10.726035 1.900575 -0.020037 0.031415 -0.103352 26.905001
-9.030243 10.705673 1.900575 -0.029741 0.025335 -0.077469 27.010000
-8.821750 10.689723 1.900575 -0.055175 0.022393 -0.022212 27.115000
-8.592892 10.678372 1.900575 -0.020805 0.023660 -0.023931 27.230000
-8.353568 10.669468 1.900575 -0.013840 0.022121 -0.025330 27.350000
-8.123945 10.662703 1.900575 -0.009478 0.020429 -0.026379 27.465000
-7.874256 10.656559 1.900575 -0.003166 0.020718 -0.027267 27.590000
-7.664471 10.651735 1.900575 0.000882 0.020303 -0.027855 27.695000
-7.454690 10.646750 1.900575 0.003542 0.020506 -0.028330 27.799999
-7.244936 10.642907 1.900575 -0.072638 0.019488 0.057550 27.905001
-7.036092 10.645374 1.900575 -0.061452 -0.015880 0.124048 28.010000
-6.832514 10.653798 1.900575 -0.057269 -0.059289 0.200452 28.115000
-6.626451 10.667897 1.900575 0.049198 -0.082754 0.063765 28.225000
-6.414170 10.676141 1.900575 0.113696 -0.086964 -0.148412 28.344999
-6.210793 10.667809 1.900575 0.164568 -0.027101 -0.333711 28.469999
-6.006948 10.633842 1.900575 0.166765 0.018702 -0.521944 28.605000
-5.809817 10.569835 1.900575 0.144544 0.043491 -0.682014 28.745001
-5.619379 10.475463 1.900575 0.132569 0.048628 -0.836029 28.889999
-5.449737 10.360457 1.900575 0.119586 0.048990 -0.975252 29.030001
-5.294867 10.228983 1.900575 0.089896 -0.134372 -1.090737 29.170000
-5.133661 10.082160 1.900575 0.100679 -0.195370 -1.284474 29.355000
-4.974029 9.946754 1.900575 0.082287 -0.073447 -1.603879 29.660000
-4.961847 9.738199 1.900575 0.037957 0.320138 -2.576122 30.969999
-5.134768 9.631737 1.900575 0.030882 0.285811 -2.647856 31.129999
-5.314274 9.529537 1.900575 0.014231 0.161001 -2.727058 31.254999
-5.490681 9.432913 1.900575 -0.028452 0.088915 -2.771689 31.365000
-5.683840 9.327539 1.900575 -0.002102 0.056647 -2.799507 31.480000
-5.890959 9.216022 1.900575 0.032475 0.041747 -2.791287 31.600000
-6.076262 9.120757 1.900575 0.066101 0.033542 -2.785648 31.705000
-6.265617 9.031298 1.900575 0.077646 0.026511 -2.781089 31.809999
-6.458682 8.948884 1.900575 0.070457 0.020649 -2.777452 31.915001
-6.645191 8.876360 1.900575 0.051015 0.018449 -2.774642 32.014999
-6.833249 8.807872 1.900575 0.023491 0.000639 -2.772360 32.115002
-7.026652 8.739287 1.900575 -0.017484 -0.197092 -2.672682 32.220001
-7.240087 8.664635 1.900575 -0.064862 -0.312727 -2.531318 32.355000
-7.433323 8.601591 1.900575 -0.087956 -0.215773 -2.353306 32.525002
-7.626918 8.547712 1.900575 -0.080218 -0.086746 -2.054872 32.810001
-7.696689 8.361632 1.875181 0.013935 0.257948 -0.860475 34.330002
-7.565787 8.210602 1.849138 0.028844 0.111124 -0.794975 34.490002
-7.434533 8.052722 1.848437 0.007496 0.046803 -0.723048 34.634998
-7.302285 7.894225 1.847927 -0.024483 0.028140 -0.656326 34.775002
-7.170128 7.741178 1.835290 -0.009776 0.023179 -0.669629 34.910000
-7.029017 7.583124 1.826810 -0.038098 0.019727 -0.684914 35.049999
-6.888982 7.432870 1.824482 0.020437 0.009091 -0.834113 35.185001
-6.755075 7.284104 1.822665 0.049377 0.154979 -0.966803 35.314999
-6.612884 7.116815 1.821191 -0.038233 0.136586 -0.978440 35.445000
-6.482079 6.962771 1.820146 0.094296 0.091984 -1.068141 35.555000
-6.355463 6.795688 1.819266 0.078991 0.068699 -1.119569 35.665001
-6.241915 6.625956 1.818552 0.143656 0.055081 -1.184054 35.770000
-6.140077 6.446825 1.817948 0.078137 0.044011 -1.210363 35.875000
-6.045475 6.261803 1.817438 0.037479 0.032797 -1.192424 35.980000
-5.945252 6.055689 1.816965 0.023111 0.024786 -1.176748 36.095001
-5.851293 5.856681 1.809789 0.044015 0.022070 -1.182746 36.205002
-5.769674 5.673747 1.775701 0.031028 0.018808 -1.230169 36.305000
-5.690825 5.489617 1.742526 -0.007679 0.017881 -1.219531 36.404999
-5.611212 5.305697 1.709261 -0.005150 0.018114 -1.211614 36.505001
-5.529909 5.122409 1.701626 -0.067568 0.015492 -1.128985 36.605000
-5.444112 4.941295 1.702116 0.008781 0.016672 -1.111873 36.705002
-5.356593 4.761109 1.685351 -0.059403 0.016142 -1.020746 36.805000
-5.265867 4.582828 1.684807 0.015290 0.016765 -1.039323 36.904999
-5.173944 4.405208 1.649677 -0.071737 0.018688 -0.956300 37.005001
-5.077240 4.230524 1.619766 -0.017066 0.021062 -0.947600 37.105000
-4.974565 4.051283 1.619726 -0.050146 -0.168651 -0.848745 37.209999
-4.873230 3.877935 1.619726 -0.084467 -0.310443 -0.728313 37.325001
-4.769089 3.695666 1.619726 -0.102316 -0.232670 -0.560756 37.485001
-4.675200 3.517427 1.619726 -0.094366 -0.110743 -0.304185 37.730000
-4.595738 3.333558 1.619726 -0.034108 -0.002654 0.345097 38.349998
-4.378789 3.372916 1.611007 -0.057187 0.255224 0.470749 39.459999
-4.208978 3.480559 1.612038 0.090021 0.096029 0.511823 39.615002
-4.031170 3.574188 1.612774 0.147763 0.028060 0.467586 39.755001
-3.844647 3.643695 1.634421 0.106945 0.012288 0.431960 39.889999
-3.649908 3.697083 1.639763 0.050538 0.012759 0.405098 40.025002
-3.451522 3.743407 1.639672 -0.000056 0.016658 0.385084 40.160000
-3.252732 3.791511 1.639598 -0.106626 0.019584 0.463890 40.294998
-3.058338 3.851813 1.639537 -0.003431 0.016015 0.418197 40.430000
-2.864858 3.916298 1.639489 -0.036461 -0.049265 0.448476 40.564999
-2.674861 3.982232 1.661756 0.006170 -0.186656 0.342920 40.705002
-2.483287 4.046656 1.665588 0.006126 -0.202614 0.308142 40.880001
-2.291623 4.109499 1.669300 0.006178 -0.123633 0.220248 41.165001
-2.106566 4.185472 1.669300 0.003702 0.001062 -1.319180 42.634998
-2.191751 3.976431 1.669300 -0.006481 0.223188 -2.005193 44.070000
-2.276634 3.789198 1.669300 -0.031932 0.100261 -1.965547 44.230000
-2.353235 3.604225 1.669300 -0.047127 0.048183 -1.940145 44.369999
-2.421741 3.416031 1.669300 -0.049829 0.025668 -1.905981 44.505001
-2.487556 3.207880 1.669300 -0.034330 0.015440 -1.892463 44.650002
-2.542326 3.013835 1.669300 -0.087406 0.169765 -1.845717 44.779999
-2.591454 2.813243 1.669300 -0.000343 0.134887 -1.841115 44.900002
-2.640255 2.615104 1.654103 0.019930 0.086716 -1.841319 45.009998
-2.690387 2.419413 1.654040 -0.001509 -0.023831 -1.868389 45.115002
-2.741498 2.221133 1.654040 0.030642 -0.243831 -1.983574 45.224998
-2.790775 2.025880 1.654040 0.068831 -0.292199 -2.119701 45.355000
-2.835304 1.830117 1.654040 0.087558 -0.183970 -2.313421 45.540001
-2.871707 1.629227 1.654040 0.070866 -0.061310 -2.669447 45.880001
-2.895595 1.424223 1.654040 -0.027785 0.324788 -1.606073 47.494999
-2.890992 1.192189 1.654040 0.017112 0.323961 -1.514715 47.750000
-2.887852 0.960667 1.654040 0.015354 0.195067 -1.481043 47.900002
-2.884173 0.753869 1.654040 -0.038127 0.116115 -1.461385 48.014999
-2.873976 0.544944 1.654040 -0.087886 0.066977 -1.446739 48.125000
-2.853858 0.341372 1.654040 -0.099868 0.042552 -1.435457 48.230000
-2.822697 0.136766 1.687995 -0.085379 0.029155 -1.426478 48.334999
-2.780797 -0.077414 1.722636 0.014898 0.023427 -1.475964 48.445000
-2.737823 -0.291920 1.757358 -0.014756 0.021584 -1.482902 48.555000
-2.697683 -0.487099 1.788960 0.003532 0.023712 -1.472054 48.654999
-2.654150 -0.702319 1.824023 0.044140 0.024298 -1.482914 48.764999
-2.619646 -0.898892 1.855205 0.113030 0.026433 -1.545668 48.865002
-2.594017 -1.106279 1.870140 0.051132 0.025087 -1.572101 48.970001
-2.574734 -1.313230 1.899454 0.034286 -0.035450 -1.561766 49.075001
-2.559794 -1.521662 1.907403 -0.005606 -0.130558 -1.517574 49.185001
-2.546440 -1.722390 1.939468 0.000423 -0.085135 -1.493623 49.299999
-2.530446 -1.925879 1.971429 -0.086876 -0.039368 -1.346852 49.424999
-2.502201 -2.134332 1.989552 -0.041032 -0.001477 -1.305142 49.560001
-2.466162 -2.337887 2.020083 -0.034330 0.009159 -1.311537 49.695000
-2.424407 -2.531444 2.049603 -0.043625 0.011752 -1.283427 49.825001
-2.370844 -2.728979 2.067508 -0.138971 0.007740 -1.110596 49.959999
-2.299321 -2.918123 2.064296 -0.047324 -0.027500 -1.101608 50.095001
-2.216780 -3.108842 2.064296 0.005333 -0.248707 -1.258693 50.244999
-2.125752 -3.300428 2.064296 0.049905 -0.166166 -1.489083 50.465000
-2.027922 -3.476061 2.064296 0.047886 -0.043846 -1.939372 50.895000
-2.223020 -3.487792 1.988163 0.012500 0.319040 2.830704 52.860001
-2.417133 -3.425329 1.924490 -0.004897 0.216969 2.798998 52.994999
-2.600796 -3.364046 1.863570 -0.017400 0.040563 2.804972 53.105000
-2.787003 -3.303516 1.800328 -0.011833 -0.130756 2.809749 53.215000
-2.979957 -3.242369 1.744683 -0.004213 -0.164866 2.813962 53.340000
-3.184013 -3.177498 1.715959 0.049829 -0.146529 2.669661 53.494999
-3.374951 -3.109910 1.688083 0.061466 -0.108428 2.526668 53.674999
-3.560608 -3.029360 1.680504 0.064762 -0.067941 2.329568 53.904999
-3.737046 -2.925313 1.683955 0.018947 0.251680 2.293075 54.189999
-3.890862 -2.796104 1.689717 0.030061 0.140107 2.214404 54.380001
-4.032987 -2.655629 1.713452 0.054897 0.050111 2.102997 54.535000
-4.179965 -2.489545 1.718867 0.061090 0.019496 2.002361 54.700001
-4.305759 -2.323889 1.734302 0.068358 0.018966 1.915077 54.855000
-4.415519 -2.149370 1.734105 0.098240 0.026291 1.811479 55.009998
-4.512197 -1.954113 1.743027 0.058644 -0.089930 1.742797 55.174999
-4.594881 -1.770444 1.743027 0.075940 -0.193865 1.554312 55.355000
-4.684340 -1.589204 1.743027 0.071881 -0.079910 1.234936 55.660000
-4.764107 -1.773988 1.743027 0.002832 0.136827 -1.643656 58.564999
-4.752776 -1.979948 1.743027 0.035849 0.070574 -1.733672 58.715000
-4.751402 -2.182986 1.743027 0.062615 0.044358 -1.809544 58.855000
-4.763875 -2.397144 1.743027 0.037007 0.034047 -1.831456 59.000000
-4.786889 -2.610068 1.743027 0.091072 0.181258 -1.851908 59.139999
-4.825140 -2.810371 1.743027 0.119765 0.104282 -1.950734 59.259998
-4.880064 -3.005724 1.763633 0.096410 -0.057343 -2.081617 59.375000
-4.947304 -3.194896 1.801365 0.124092 -0.041740 -2.232639 59.494999
-5.042106 -3.402016 1.805567 0.128943 0.009404 -2.375621 59.639999
-5.147249 -3.577020 1.804089 0.129220 0.033030 -2.505112 59.775002
-5.267082 -3.739384 1.802892 0.108296 0.033038 -2.547225 59.910000
-5.398769 -3.892434 1.802126 0.095612 -0.022266 -2.539458 60.044998
-5.548764 -4.043720 1.802126 0.028055 -0.248229 -2.377152 60.200001
-5.696660 -4.181066 1.802126 -0.027520 -0.176631 -2.157254 60.410000
-5.851384 -4.307808 1.802126 -0.042544 -0.051741 -1.717457 60.830002
-5.794866 -4.499728 1.802126 -0.015196 0.318445 -0.704378 62.165001
-5.639668 -4.625951 1.789306 -0.020510 0.263168 -0.685951 62.314999
-5.481515 -4.750809 1.786369 -0.032798 0.158513 -0.669903 62.435001
-5.318489 -4.871867 1.797351 -0.098451 0.087449 -0.562265 62.544998
-5.125610 -4.998950 1.773666 -0.041896 0.052650 -0.490430 62.665001
-4.924225 -5.121695 1.771862 -0.060315 0.034872 -0.408119 62.785000
-4.734434 -5.228565 1.770476 -0.076954 0.030523 -0.323916 62.895000
-4.549366 -5.324074 1.769356 -0.019116 0.028321 -0.309239 63.000000
-4.371185 -5.412907 1.741791 -0.018780 0.026655 -0.324175 63.099998
-4.192490 -5.502168 1.730445 0.075496 0.012216 -0.470020 63.200001
-4.010413 -5.601932 1.730696 0.121370 -0.124159 -0.719934 63.305000
-3.839286 -5.707847 1.730918 0.111007 -0.106492 -0.869352 63.415001
-3.674993 -5.822755 1.731121 0.105244 -0.038243 -0.950923 63.535000
-3.514715 -5.951096 1.731302 0.078242 0.001618 -0.931991 63.665001
-3.360779 -6.091815 1.731457 0.083726 0.011885 -0.916970 63.799999
-3.203116 -6.259025 1.731593 0.037897 0.007439 -0.872505 63.950001
-3.068396 -6.415276 1.731691 0.015822 0.006267 -0.824907 64.084999
-2.935436 -6.572561 1.731772 -0.005870 0.010073 -0.778975 64.220001
-2.800824 -6.728635 1.731837 -0.067991 0.071209 -0.749643 64.355003
-2.644265 -6.893575 1.731890 -0.036234 0.162585 -0.731178 64.495003
-2.496183 -7.038517 1.731928 -0.037932 0.108908 -0.730847 64.610001
-2.342952 -7.181376 1.731957 -0.036170 0.064260 -0.730602 64.720001
-2.152869 -7.351290 1.731987 -0.023430 0.036473 -0.730373 64.849998
-1.995228 -7.488302 1.732006 -0.026563 0.025211 -0.717042 64.955002
-1.835101 -7.624317 1.732023 -0.015751 0.020200 -0.712587 65.059998
-1.680701 -7.751801 1.732036 -0.091902 0.007313 -0.619662 65.160004
-1.519015 -7.878793 1.732048 0.083279 -0.136746 -0.818500 65.264999
-1.361102 -8.012649 1.732059 0.155642 -0.096169 -0.937950 65.379997
-1.217085 -8.159865 1.732068 0.164483 -0.032707 -1.039602 65.504997
-1.084815 -8.333329 1.732078 0.102555 0.003258 -1.089804 65.644997
-0.975362 -8.508464 1.732084 0.062902 0.009413 -1.082277 65.779999
-0.875611 -8.688626 1.732090 0.036336 0.009640 -1.076601 65.915001
-0.767138 -8.898763 1.732096 0.007344 0.009574 -1.071829 66.070000
-0.674978 -9.079886 1.732097 0.000281 -0.170852 -1.164932 66.205002
-0.579860 -9.260813 1.732097 0.040280 -0.236172 -1.337709 66.370003
-0.479271 -9.434750 1.732097 0.063245 -0.117430 -1.609964 66.629997
-0.363053 -9.599382 1.732097 0.023196 -0.002794 -2.405786 67.389999
-0.541551 -9.698984 1.732097 0.040017 0.244152 -2.811951 68.129997
-0.746498 -9.765510 1.732097 0.006669 0.095551 -2.981981 68.300003
-0.949821 -9.826247 1.747830 0.021728 0.040452 -3.139599 68.449997
-1.160445 -9.882086 1.760166 0.048462 0.033568 3.022273 68.599998
-1.360453 -9.922155 1.768797 0.080823 0.050453 2.919530 68.739998
-1.578723 -9.943605 1.799122 0.116646 0.057621 2.862473 68.889999
-1.784938 -9.938885 1.800439 0.125011 0.048985 2.816009 69.029999
-1.983229 -9.911033 1.797870 0.128507 0.039169 2.751810 69.165001
-2.179910 -9.866391 1.802114 0.006232 0.019928 2.919817 69.300003
-2.377707 -9.819695 1.800706 -0.039020 0.013428 3.045126 69.434998
-2.598529 -9.776814 1.799455 -0.097000 0.020284 -3.027974 69.584999
-2.797557 -9.754573 1.798547 -0.066821 0.032622 -2.952465 69.720001
-2.997955 -9.745122 1.797817 -0.088124 0.035861 -2.901892 69.855003
-3.206241 -9.752621 1.797202 -0.105838 0.036696 -2.829122 69.995003
-3.427366 -9.784410 1.796756 -0.088461 -0.014063 -2.760199 70.144997
-3.635371 -9.831682 1.796756 -0.024221 -0.246289 -2.901562 70.300003
-3.830791 -9.884522 1.796756 0.029388 -0.175740 -3.121460 70.510002
-4.024511 -9.950630 1.796756 0.042480 -0.048204 2.706221 70.945000
-3.929332 -9.745001 1.796756 0.013148 0.300923 0.857054 73.144997
-3.796875 -9.585290 1.796756 -0.009398 0.179846 0.784870 73.275002
-3.662971 -9.426449 1.796756 0.004819 0.097369 0.708384 73.389999
-3.526105 -9.268518 1.796756 0.043436 0.060881 0.631180 73.500000
-3.387973 -9.118808 1.796756 0.083831 0.050721 0.559376 73.605003
-3.241185 -8.975247 1.796756 0.121828 0.050637 0.486116 73.709999
-3.084240 -8.842204 1.796756 0.157957 0.055242 0.414759 73.815002
-2.916788 -8.721965 1.796756 0.104164 0.051146 0.407650 73.919998
-2.741102 -8.611265 1.796756 0.106628 0.039736 0.415689 74.025002
-2.523138 -8.491755 1.796756 0.099727 0.022996 0.423147 74.150002
-2.333934 -8.402984 1.796756 0.123258 0.022189 0.359962 74.254997
-2.121858 -8.318509 1.796756 0.029771 -0.087061 0.395903 74.370003
-1.914543 -8.240901 1.796756 -0.030438 -0.308628 0.521559 74.489998
-1.706231 -8.166529 1.796756 -0.072105 -0.266921 0.683865 74.644997
-1.509430 -8.103697 1.796756 -0.084329 -0.141541 0.919470 74.870003
-1.314364 -8.055395 1.796756 -0.049063 -0.022534 1.422094 75.349998
-1.443433 -7.899780 1.796756 -0.029948 0.195361 2.713226 76.650002
-1.617598 -7.800315 1.796756 -0.002425 0.085790 2.864901 76.805000
-1.799073 -7.706508 1.796756 -0.040826 0.052053 2.999001 76.949997
-1.984198 -7.622534 1.796756 -0.057158 0.045497 3.051531 77.089996
-2.177186 -7.547020 1.796756 -0.052711 0.040080 3.029341 77.230003
-2.369943 -7.486063 1.796756 -0.108076 0.035502 3.080907 77.364998
-2.568006 -7.441812 1.796756 -0.078728 0.025734 3.095614 77.500000
-2.791824 -7.406726 1.796756 -0.034209 0.018581 3.075948 77.650002
-2.995060 -7.381762 1.796756 -0.021182 0.013785 3.062715 77.785004
-3.199043 -7.360209 1.796756 -0.007903 0.033046 3.052748 77.920998
-3.438323 -7.336347 1.822576 0.003275 0.163384 3.044562 78.070000
-3.650634 -7.314653 1.835583 0.007118 -0.002999 2.963995 78.190002
-3.850337 -7.293273 1.835583 0.040297 -0.232999 2.843574 78.305000
-4.050075 -7.272655 1.835583 0.074097 -0.267989 2.696976 78.445000
-4.252107 -7.257501 1.835583 0.086988 -0.154487 2.477077 78.654999
-4.452281 -7.255089 1.835583 0.056585 -0.032194 2.032045 79.080002
-4.283281 -7.130953 1.835583 -0.007865 0.093050 0.446260 80.794998
-4.106973 -7.033026 1.835583 0.045697 -0.060045 0.611116 80.955002
-3.919911 -6.943336 1.835583 0.038248 0.010152 0.727747 81.129997
-3.731779 -6.863810 1.835583 -0.014144 -0.021519 0.746435 81.305000
-3.548569 -6.782988 1.835583 -0.063912 -0.049630 0.773834 81.485001
-3.365858 -6.681972 1.835583 -0.081452 -0.063468 0.866949 81.699997
-3.205381 -6.559616 1.821952 -0.041609 -0.058688 0.978455 81.959999
-3.062160 -6.420013 1.853642 -0.006596 0.283547 0.907103 82.260002
-2.910976 -6.273069 1.861514 -0.013156 0.001836 0.916702 82.455002
-2.756575 -6.125863 1.861514 -0.057063 -0.187553 1.126129 82.654999
-2.599446 -5.987076 1.861514 -0.061069 -0.072242 1.487390 83.000000
