-12.806493 4.080238 1.000000 0.004188 0.320076 0.438209 0.000000
-12.621099 4.163163 1.000000 0.002737 0.259873 0.432994 0.150000
-12.402418 4.261557 1.000000 0.003172 0.137818 0.429392 0.290000
-12.205467 4.350307 1.000000 0.004605 0.077476 0.427127 0.405000
-12.019072 4.434202 1.000000 0.005826 0.047863 0.425486 0.510000
-11.829509 4.519279 1.000000 0.006753 0.031145 0.424172 0.615000
-11.646688 4.598280 1.034628 0.094239 0.021973 0.314690 0.715000
-11.451325 4.672428 1.051735 0.108762 0.024683 0.212310 0.820000
-11.252767 4.735514 1.051014 0.090009 0.029051 0.134151 0.925000
-11.051849 4.790457 1.050400 0.025820 0.028771 0.148528 1.030000
-10.820207 4.848550 1.049808 0.058744 0.028126 0.119643 1.150000
-10.615752 4.893319 1.049374 0.081600 0.026083 0.094095 1.255000
-10.409876 4.930076 1.049004 0.056608 0.026688 0.048224 1.360000
-10.202962 4.960557 1.048689 0.016202 0.024938 0.063441 1.465000
-9.996353 4.989100 1.048423 0.014302 -0.031148 0.075577 1.570000
-9.756565 5.019552 1.074874 0.089612 0.027986 0.012360 1.695000
-9.545690 5.036184 1.111236 0.100045 0.051561 -0.074956 1.805000
-9.341778 5.040953 1.130709 0.039424 0.046739 -0.115541 1.910000
-9.135630 5.040294 1.129872 0.010946 0.037474 -0.103042 2.015000
-8.927794 5.037744 1.129158 0.019753 0.031567 -0.092982 2.120000
-8.718978 5.032721 1.128554 0.026319 0.027135 -0.084921 2.225000
-8.509713 5.024652 1.128043 0.025852 0.022929 -0.078499 2.330000
-8.270454 5.011806 1.127548 0.061504 0.021509 -0.103305 2.450000
-8.061751 4.993641 1.127186 0.097521 0.022969 -0.201340 2.555000
-7.854825 4.964880 1.126878 0.092240 0.026125 -0.290385 2.660000
-7.649500 4.927842 1.126616 0.005898 0.025163 -0.285993 2.765000
-7.444851 4.886195 1.126396 0.089282 0.028065 -0.371314 2.870000
-7.204837 4.823589 1.126175 0.109144 0.032958 -0.468442 2.995000
-7.007681 4.757978 1.126021 0.112375 0.036260 -0.543489 3.100000
-6.815365 4.680128 1.125889 0.072658 0.037435 -0.588008 3.205000
-6.625186 4.595306 1.125776 -0.038241 0.026064 -0.465951 3.310000
-6.432973 4.512498 1.125682 -0.038012 0.019765 -0.355240 3.415000
-6.240135 4.433111 1.125602 0.013397 -0.035588 -0.308324 3.520000
-6.053084 4.354906 1.125533 0.010742 -0.041558 -0.313607 3.625000
-5.829545 4.257872 1.151472 0.070692 -0.097965 -0.472932 3.755000
-5.624781 4.158289 1.190882 0.059307 -0.082342 -0.656316 3.885000
-5.444771 4.063377 1.225161 0.008859 -0.034568 -0.636879 4.010000
-5.265123 3.966454 1.258478 0.059339 -0.005166 -0.660915 4.140000
-5.093132 3.863963 1.290448 -0.001593 -0.000391 -0.634295 4.270000
-4.925786 3.756984 1.322341 0.048610 0.011684 -0.679735 4.400000
-4.760458 3.642535 1.328487 0.014958 -0.206319 -0.586518 4.535000
-4.597946 3.523364 1.328487 -0.032597 -0.225324 -0.408495 4.705000
-4.438041 3.394422 1.328487 -0.057242 -0.103002 -0.104807 4.995000
-4.297491 3.252111 1.328487 -0.007332 0.003255 1.120414 6.165000
-4.317368 3.456523 1.328487 0.000424 0.253601 1.688985 6.720000
-4.344411 3.682691 1.328487 -0.107716 0.092699 1.861704 6.900000
-4.394358 3.887464 1.328487 -0.092772 0.059766 2.017604 7.050000
-4.468235 4.093535 1.328487 -0.054827 0.038565 2.021536 7.200000
-4.549396 4.278710 1.328487 -0.122089 0.135837 2.112796 7.335000
-4.648732 4.456413 1.328487 -0.083342 0.163166 2.178839 7.460000
-4.759883 4.630939 1.328487 -0.003898 0.107398 2.189281 7.575000
-4.884723 4.822514 1.328487 0.006047 0.062064 2.183149 7.695000
-4.997055 4.994981 1.328487 0.000530 0.040772 2.178889 7.800000
-5.111221 5.169570 1.328487 -0.003972 0.028230 2.175474 7.905000
-5.221179 5.336596 1.339280 0.040265 0.020157 2.139647 8.005000
-5.328350 5.505841 1.343063 0.085016 0.017359 2.036286 8.105000
-5.433280 5.687574 1.343224 0.091072 0.020685 1.940634 8.210000
-5.529213 5.873373 1.343359 0.099593 0.026445 1.854083 8.315000
-5.613071 6.059697 1.343477 0.158903 -0.123480 1.670810 8.420000
-5.683345 6.251217 1.343584 0.196397 -0.069572 1.504955 8.535000
-5.730853 6.446183 1.343680 0.201726 0.008823 1.356240 8.660000
-5.751382 6.649756 1.343766 0.115977 0.036198 1.339558 8.795000
-5.750394 6.852499 1.343835 0.082242 0.031286 1.362181 8.930000
-5.733853 7.055504 1.343892 0.065171 0.021211 1.379245 9.065000
-5.705368 7.257989 1.343938 0.039410 0.015105 1.392160 9.200000
-5.669729 7.459859 1.343974 0.011945 0.012383 1.401809 9.335000
-5.631725 7.661549 1.344004 -0.009236 0.012174 1.409122 9.470000
-5.594988 7.863581 1.344027 -0.019706 0.011194 1.414627 9.605000
-5.561975 8.063280 1.361632 -0.025113 0.169415 1.418638 9.735000
-5.529270 8.285732 1.399843 -0.019768 0.126657 1.421668 9.865000
-5.496712 8.526712 1.439440 -0.011150 0.074671 1.424004 9.995000
-5.470460 8.728624 1.461380 -0.004198 0.048572 1.425477 10.100000
-5.443899 8.933743 1.460247 0.001460 0.034924 1.426660 10.205000
-5.416685 9.140418 1.459258 0.004466 0.026779 1.427599 10.310000
-5.388630 9.347758 1.458412 0.004944 0.023341 1.428359 10.415000
-5.359752 9.555376 1.457689 0.003777 0.021409 1.428975 10.520000
-5.329986 9.762671 1.457081 0.054375 -0.012769 1.381552 10.625000
-5.294782 9.966344 1.467181 0.107965 -0.067352 1.234021 10.730000
-5.249260 10.173051 1.467181 0.031149 -0.291193 1.354450 10.845000
-5.192561 10.395904 1.467181 -0.032872 -0.277091 1.522002 11.005000
-5.134163 10.590791 1.467181 -0.064898 -0.156279 1.752388 11.225000
-5.062432 10.780202 1.467181 -0.046677 -0.029709 2.249805 11.700000
-5.130085 10.563276 1.467181 0.035072 0.312470 -1.922283 14.305000
-5.216955 10.348850 1.467181 0.018690 0.177638 -1.927983 14.450000
-5.294397 10.164112 1.467181 0.001304 0.101897 -1.931300 14.560000
-5.372260 9.978720 1.467181 -0.011010 0.060478 -1.933827 14.665000
-5.462257 9.761024 1.467181 -0.052675 0.036334 -1.915063 14.785000
-5.541304 9.557553 1.467181 -0.029318 0.028035 -1.896657 14.895000
-5.617500 9.351808 1.467181 -0.020550 0.023582 -1.899150 15.005000
-5.686873 9.153788 1.467181 -0.056035 0.019622 -1.838476 15.110000
-5.750521 8.953984 1.467181 -0.085026 0.020699 -1.793073 15.215000
-5.807646 8.752367 1.467181 -0.097320 0.021570 -1.745379 15.320000
-5.855071 8.548787 1.467181 -0.119365 0.025601 -1.646818 15.425000
-5.889798 8.343575 1.467181 -0.100550 0.013669 -1.566133 15.530000
-5.918188 8.110882 1.467181 -0.035822 -0.088027 -1.581319 15.650000
-5.939810 7.904489 1.467181 -0.021671 -0.302460 -1.680806 15.765000
-5.957272 7.699968 1.467181 0.025560 -0.280301 -1.832654 15.910000
-5.967191 7.500033 1.467181 0.059924 -0.161012 -2.057808 16.125000
-5.963605 7.296372 1.467181 0.046587 -0.033164 -2.549994 16.594999
-6.161008 7.352903 1.467181 0.008935 0.318555 2.532542 18.330000
-6.321806 7.471945 1.467181 0.066835 0.219616 2.523971 18.465000
-6.478695 7.598512 1.498296 0.033600 0.126539 2.518314 18.580000
-6.630055 7.725530 1.532113 0.072730 0.072776 2.448965 18.684999
-6.781929 7.861932 1.565977 0.065201 0.044893 2.347027 18.790001
-6.938146 8.012704 1.601028 0.050856 0.029406 2.252191 18.900000
-7.076853 8.154618 1.632803 0.062374 0.025312 2.170828 19.000000
-7.217461 8.308517 1.638448 0.084342 0.027801 2.089894 19.105000
-7.350329 8.468589 1.637391 0.118032 0.035326 2.007489 19.209999
-7.474418 8.635374 1.636498 0.061822 0.037224 2.018929 19.315001
-7.592972 8.807362 1.635732 0.070662 0.032733 2.032125 19.420000
-7.705467 8.984280 1.635089 0.075181 0.007181 2.042518 19.525000
-7.810364 9.163216 1.634539 0.059217 -0.047863 2.050937 19.629999
-7.908184 9.340177 1.634071 -0.040862 -0.100490 2.175413 19.735001
-8.012260 9.520307 1.633643 -0.118432 -0.100548 2.372896 19.850000
-8.126895 9.692060 1.633252 -0.120469 -0.029038 2.506196 19.975000
-8.253590 9.850018 1.632920 -0.120471 0.013084 2.566841 20.105000
-8.397479 9.996249 1.632640 -0.121609 0.027446 2.628693 20.240000
-8.555005 10.124987 1.632413 -0.112386 0.029030 2.698522 20.375000
-8.723982 10.238178 1.632228 -0.050285 0.022527 2.706055 20.510000
-8.919051 10.354936 1.632064 -0.031757 0.016027 2.687937 20.660000
-9.099798 10.451829 1.662495 -0.115919 0.016288 2.839356 20.795000
-9.287368 10.530994 1.685045 -0.068541 0.020831 2.964263 20.930000
-9.479165 10.597861 1.683783 -0.042809 0.019982 3.013109 21.065001
-9.681050 10.658772 1.682727 -0.056507 0.022308 3.073819 21.205000
-9.878494 10.707306 1.681901 -0.069348 0.024392 3.135522 21.340000
-10.100687 10.746540 1.681170 -0.077077 0.025529 -3.075790 21.490000
-10.302444 10.766781 1.680639 -0.080038 0.027619 -3.009281 21.625000
-10.505441 10.774365 1.687218 -0.037355 0.022475 -3.026221 21.760000
-10.717158 10.774310 1.687016 -0.036015 0.059522 -3.039614 21.900000
-10.924652 10.766765 1.686865 -0.031616 0.168362 -3.048930 22.030001
-11.155325 10.751743 1.686742 -0.019869 0.108950 -3.056015 22.160000
-11.381790 10.733565 1.686648 -0.005632 0.065420 -3.061067 22.280001
-11.614891 10.713862 1.686570 0.006473 0.042501 -3.065039 22.400000
-11.821654 10.697633 1.686513 0.081708 0.029492 -3.128268 22.504999
-12.029645 10.687570 1.686463 0.066321 0.027434 3.109162 22.610001
-12.238212 10.683434 1.686421 -0.030274 0.023660 3.117940 22.715000
-12.447088 10.677286 1.686386 -0.014012 0.022764 -3.108828 22.820000
-12.656191 10.669254 1.686357 0.022844 0.023195 -3.112210 22.924999
-12.865618 10.663469 1.686331 0.026796 0.021696 -3.114947 23.030001
-13.105223 10.660165 1.686307 0.018579 0.020701 -3.117403 23.150000
-13.324983 10.659348 1.686288 0.007351 0.020954 -3.119181 23.260000
-13.544803 10.659365 1.686272 -0.001981 0.020458 -3.120589 23.370001
-13.754435 10.660743 1.686259 0.068590 0.000837 3.071692 23.475000
-13.960571 10.668745 1.686248 0.073503 -0.062741 2.973034 23.580000
-14.185757 10.685163 1.686237 -0.061813 -0.119548 -3.131050 23.700001
-14.385056 10.693501 1.701351 -0.160869 -0.075456 -2.925443 23.815001
-14.584666 10.682166 1.757605 -0.176037 -0.011687 -2.786450 23.940001
-14.814821 10.634499 1.780332 -0.155573 0.029667 -2.596191 24.094999
-15.009175 10.561365 1.780089 -0.127801 0.040161 -2.444024 24.235001
-15.191800 10.464760 1.779892 -0.109586 0.039894 -2.298188 24.375000
-15.362153 10.348701 1.779735 -0.108425 0.042859 -2.161971 24.514999
-15.517733 10.214616 1.779638 -0.109671 -0.022268 -2.018069 24.655001
-15.662142 10.068131 1.779638 -0.105672 -0.222043 -1.855748 24.809999
-15.805687 9.924787 1.779638 -0.099712 -0.127222 -1.620122 25.035000
-15.956841 9.792351 1.779638 -0.050614 -0.015626 -1.106979 25.525000
-15.756291 9.810278 1.779638 0.003197 0.320199 0.264509 27.385000
-15.557406 9.861300 1.779638 0.002756 0.215152 0.260155 27.520000
-15.323592 9.921542 1.779638 0.004242 0.108310 0.256887 27.655001
-15.120323 9.973839 1.779638 0.005776 0.062211 0.254823 27.764999
-14.921277 10.024793 1.779638 0.006702 0.040488 0.253248 27.870001
-14.719351 10.073227 1.779638 0.093757 0.028640 0.141673 27.975000
-14.481027 10.120374 1.779638 0.050174 -0.191844 0.011031 28.100000
-14.282635 10.157593 1.779638 0.074842 -0.314451 -0.114636 28.219999
-14.083579 10.198999 1.779638 0.095720 -0.219517 -0.287429 28.385000
-13.888824 10.248343 1.779638 0.133894 -0.036099 -0.531061 28.655001
-13.680981 10.167803 1.787865 0.126408 0.316131 -0.565732 28.990000
-13.521892 10.037443 1.787781 -0.035670 0.263176 -0.560621 29.139999
-13.357974 9.914580 1.787726 -0.081171 0.148638 -0.552021 29.260000
-13.187711 9.801052 1.801032 -0.086801 0.082207 -0.545798 29.370001
-12.979696 9.677124 1.800017 -0.069490 0.044769 -0.540254 29.495001
-12.789015 9.573087 1.799272 -0.041322 0.029342 -0.536434 29.605000
-12.603645 9.476342 1.798671 -0.012166 0.023745 -0.533521 29.709999
-12.417205 9.379738 1.798160 0.011928 0.021451 -0.531190 29.815001
-12.240020 9.286083 1.797749 0.024586 0.019165 -0.529412 29.915001
-12.063957 9.189882 1.797392 0.027630 0.017654 -0.527952 30.014999
-11.889244 9.091030 1.797090 0.022457 0.017313 -0.526779 30.115000
-11.715652 8.990002 1.796831 0.013145 0.016658 -0.525825 30.215000
-11.542746 8.887610 1.796607 0.003410 0.016984 -0.525046 30.315001
-11.370054 8.784691 1.796417 -0.005560 0.016274 -0.524419 30.415001
-11.197357 8.681814 1.796253 0.042538 0.003566 -0.567264 30.514999
-11.019158 8.573000 1.796107 0.036652 -0.055596 -0.606516 30.620001
-10.844286 8.463550 1.796107 0.035153 -0.274694 -0.721711 30.730000
-10.674256 8.358066 1.796107 0.068524 -0.294630 -0.857851 30.860001
-10.498952 8.255286 1.796107 0.087198 -0.180252 -1.056825 31.049999
-10.320914 8.162595 1.796107 0.069301 -0.057393 -1.418119 31.395000
-10.146158 8.064859 1.796107 -0.007118 -0.016015 -0.289460 33.009998
-9.964034 8.167492 1.796107 -0.021109 0.319688 0.683894 34.349998
-9.805534 8.297786 1.796107 -0.019048 0.258642 0.756184 34.500000
-9.650784 8.431134 1.796107 0.039011 0.147386 0.802264 34.619999
-9.498851 8.562850 1.796107 -0.007556 -0.072614 0.687069 34.730000
-9.327018 8.713862 1.796107 0.033638 -0.294758 0.545693 34.865002
-9.175929 8.851789 1.796107 0.068733 -0.240929 0.378136 35.025002
-9.032037 8.994216 1.796107 0.077591 -0.113307 0.111092 35.279999
-8.871821 9.115860 1.796107 0.072702 0.309749 -0.231201 35.860001
-8.654976 9.057735 1.796107 0.031176 0.317279 -0.222142 36.099998
-8.435854 8.991222 1.796107 -0.016532 0.201194 -0.218421 36.250000
-8.238115 8.935285 1.796107 -0.040906 0.115373 -0.216250 36.365002
-8.007641 8.876811 1.796107 -0.049036 0.062420 -0.214422 36.490002
-7.797767 8.829648 1.796107 -0.042565 0.039522 -0.213164 36.599998
-7.594207 8.788274 1.796107 -0.028554 0.029113 -0.212203 36.705002
-7.389003 8.749192 1.775447 -0.012334 0.024998 -0.211429 36.810001
-7.183019 8.710801 1.773842 0.001081 0.021642 -0.210814 36.915001
-6.976891 8.671830 1.772486 0.010189 0.020528 -0.210319 37.020000
-6.780855 8.632951 1.788892 0.082403 -0.001115 -0.275322 37.119999
-6.582634 8.585548 1.824022 0.063833 -0.136915 -0.375273 37.224998
-6.385276 8.530656 1.821819 0.052190 -0.095544 -0.369747 37.340000
-6.165377 8.461279 1.820620 0.042741 -0.037493 -0.364617 37.480000
-5.973264 8.390751 1.819712 0.093735 -0.011261 -0.479182 37.610001
-5.783701 8.307617 1.819647 0.005206 -0.243267 -0.353038 37.750000
-5.598593 8.218631 1.819647 -0.043861 -0.205376 -0.159300 37.935001
-5.418676 8.120138 1.819647 -0.057402 -0.078692 0.186286 38.264999
-5.307271 7.953258 1.819647 -0.012508 0.317815 -2.146636 41.520000
-5.408538 7.775484 1.819647 -0.022127 0.318240 -2.061556 41.720001
-5.506819 7.594049 1.819647 -0.004260 0.200834 -1.980479 41.855000
-5.601811 7.413646 1.819647 0.051340 0.108968 -1.945986 41.970001
-5.711424 7.215009 1.819647 0.039203 0.063588 -1.960858 42.090000
-5.818659 7.028966 1.819647 -0.005588 0.043073 -1.971544 42.200001
-5.921816 6.848347 1.819647 -0.012932 0.031222 -1.996841 42.305000
-6.025308 6.666228 1.819647 0.032807 0.020592 -2.114758 42.410000
-6.132101 6.485532 1.819647 0.036176 0.015950 -2.214587 42.514999
-6.242557 6.307447 1.819647 0.055936 0.018645 -2.303568 42.619999
-6.358348 6.133575 1.819647 0.085942 0.025668 -2.388903 42.724998
-6.482053 5.966247 1.819647 0.119759 0.035746 -2.470046 42.830002
-6.636358 5.786623 1.819647 0.155842 0.046263 -2.563644 42.950001
-6.798428 5.628308 1.819647 0.154378 0.046091 -2.613081 43.064999
-6.964936 5.489669 1.819647 0.081040 -0.054865 -2.572210 43.174999
-7.128445 5.365011 1.819647 0.019166 -0.274779 -2.457020 43.285000
-7.295079 5.243694 1.819647 -0.032841 -0.303192 -2.315650 43.419998
-7.460533 5.130732 1.819647 -0.067450 -0.188413 -2.116678 43.610001
-7.636058 5.024006 1.819647 -0.061025 -0.058690 -1.734439 43.974998
-7.707137 4.815646 1.829326 -0.064524 0.319563 -1.565151 44.505001
-7.688551 4.614236 1.828930 -0.032628 0.272407 -1.491599 44.660000
-7.665391 4.415502 1.828683 0.007727 0.159652 -1.413836 44.779999
-7.642013 4.215158 1.828492 0.020968 0.085011 -1.338880 44.889999
-7.620418 4.015969 1.828339 0.070241 0.046783 -1.329682 44.994999
-7.603168 3.802373 1.828203 0.034651 0.037463 -1.345074 45.105000
-7.589215 3.595752 1.828092 -0.014051 0.035416 -1.356870 45.209999
-7.572794 3.387986 1.827998 -0.049971 0.031969 -1.366243 45.314999
-7.550421 3.180141 1.827919 -0.064142 0.027555 -1.373763 45.419998
-7.520877 2.972850 1.827851 -0.057840 0.024347 -1.379859 45.525002
-7.483181 2.756545 1.827791 -0.036643 0.002454 -1.384922 45.634998
-7.437001 2.532935 1.827738 -0.089969 0.023309 -1.296865 45.750000
-7.379569 2.312111 1.827694 -0.074551 0.027021 -1.199344 45.865002
-7.312036 2.093953 1.827657 -0.062901 0.025779 -1.110318 45.980000
-7.232142 1.869608 1.827625 -0.075435 0.027925 -1.020872 46.099998
-7.153253 1.677179 1.827602 -0.099094 0.033490 -0.941555 46.205002
-7.063780 1.490028 1.827581 -0.123082 0.039957 -0.863001 46.310001
-6.963470 1.308515 1.827564 -0.111927 0.040796 -0.840544 46.415001
-6.852358 1.133100 1.827550 -0.088570 0.021420 -0.819431 46.520000
-6.732105 0.966563 1.827538 -0.101004 -0.019625 -0.777572 46.625000
-6.605554 0.808776 1.827528 -0.002832 0.039872 -0.860413 46.730000
-6.476628 0.650051 1.827519 0.040508 0.007498 -0.988879 46.834999
-6.342700 0.476980 1.827511 0.093587 -0.121819 -1.176541 46.950001
-6.226188 0.313696 1.827504 0.082698 -0.069433 -1.220291 47.064999
-6.108148 0.128928 1.827497 0.134348 -0.017456 -1.270846 47.200001
-6.015061 -0.050445 1.827491 0.095717 0.006648 -1.275898 47.330002
-5.934757 -0.240878 1.827488 0.074786 0.010496 -1.266939 47.465000
-5.864475 -0.442378 1.827485 0.047122 0.009690 -1.259998 47.605000
-5.797805 -0.658492 1.827484 -0.022960 -0.240024 -1.112747 47.759998
-5.742628 -0.852041 1.827484 -0.059663 -0.197853 -0.919010 47.945000
-5.695489 -1.054992 1.827484 -0.061182 -0.068414 -0.552480 48.294998
-5.495316 -1.069115 1.807670 0.016868 0.231309 0.708240 49.779999
-5.323683 -0.940946 1.792129 -0.026102 0.092336 0.651182 49.945000
-5.148015 -0.802148 1.793001 -0.024514 0.036033 0.580808 50.099998
-4.975288 -0.659740 1.793664 0.005210 0.017859 0.509963 50.250000
-4.817229 -0.531477 1.794142 0.040988 0.098214 0.441075 50.384998
-4.655146 -0.412602 1.794504 0.016660 0.173266 0.404038 50.509998
-4.485609 -0.298044 1.794781 0.011160 0.118750 0.421277 50.625000
-4.286489 -0.169814 1.795030 0.050380 0.070444 0.435820 50.750000
-4.102223 -0.059014 1.811211 0.003340 0.039537 0.497445 50.860001
-3.915165 0.052639 1.818580 -0.041014 0.024022 0.621170 50.970001
-3.705413 0.185622 1.818772 -0.066692 0.022393 0.740907 51.095001
-3.534230 0.304309 1.818905 -0.096069 0.028700 0.829231 51.200001
-3.370165 0.431689 1.819018 -0.129937 0.037884 0.915148 51.305000
-3.216123 0.570055 1.819115 -0.151081 0.044483 0.997334 51.410000
-3.072344 0.719118 1.819198 -0.080986 0.028030 0.986085 51.514999
-2.937895 0.874810 1.819268 -0.113654 -0.038468 1.035618 51.619999
-2.813471 1.033507 1.848130 -0.104527 -0.053103 1.044582 51.724998
-2.702130 1.191282 1.918971 -0.150939 -0.107340 1.140506 51.830002
-2.602161 1.359205 1.987931 -0.111892 -0.062952 1.138844 51.945000
-2.513139 1.539030 2.035568 -0.134208 -0.028499 1.216011 52.070000
-2.443274 1.727508 2.058154 -0.142737 0.002707 1.403855 52.200001
-2.392796 1.918271 2.092480 -0.078114 0.017547 1.465280 52.330002
-2.351538 2.118181 2.114053 0.055311 0.003956 1.417003 52.465000
-2.310222 2.325160 2.135903 -0.060497 -0.013743 1.574390 52.605000
-2.277295 2.525891 2.135903 -0.067110 -0.240064 1.726238 52.750000
-2.240991 2.731598 2.135903 -0.083339 -0.160627 1.946136 52.959999
-2.193911 2.930132 2.135903 -0.058534 -0.038079 2.375461 53.369999
-2.286524 2.756566 2.089281 -0.008620 0.146955 -1.895832 55.654999
-2.369781 2.569596 2.055673 0.029257 0.061410 -1.827166 55.805000
-2.464248 2.365259 2.032420 -0.016526 0.033347 -1.757552 55.959999
-2.544347 2.181801 2.034240 -0.066373 0.034096 -1.690474 56.095001
-2.613285 1.992725 2.035710 -0.092167 0.035712 -1.628961 56.230000
-2.665799 1.798218 2.036903 -0.106118 0.035832 -1.560668 56.365002
-2.699926 1.592003 2.037906 -0.106523 0.034316 -1.486654 56.505001
-2.715308 1.390353 2.038688 -0.043974 0.046929 -1.496218 56.639999
-2.721437 1.176987 2.039320 -0.030943 0.173387 -1.511067 56.775002
-2.720550 0.956081 2.039800 -0.026732 0.117407 -1.521595 56.900002
-2.716658 0.748964 2.040153 -0.004300 0.073204 -1.552420 57.009998
-2.712576 0.545243 2.005813 0.005649 0.049168 -1.560291 57.115002
-2.709189 0.338457 1.969944 0.019433 0.033877 -1.566542 57.220001
-2.707906 0.130171 1.961882 0.026716 0.027300 -1.571574 57.325001
-2.709460 -0.078877 1.962175 0.026469 0.023272 -1.575662 57.430000
-2.713788 -0.288252 1.962422 0.019538 0.021823 -1.578914 57.535000
-2.721051 -0.527736 1.963544 -0.038217 0.019472 -1.547884 57.654999
-2.723536 -0.756963 2.006870 -0.036974 0.022868 -1.484332 57.770000
-2.720919 -0.956129 2.042375 -0.027178 0.024654 -1.486899 57.869999
-2.715314 -1.155479 2.077401 -0.034414 0.024334 -1.488998 57.970001
-2.706185 -1.354927 2.111162 -0.036321 0.022723 -1.490699 58.070000
-2.693397 -1.554288 2.143344 -0.030727 0.020605 -1.492066 58.169998
-2.677543 -1.753473 2.175719 -0.018880 0.020422 -1.493187 58.270000
-2.659741 -1.952536 2.207747 -0.006563 0.020484 -1.494093 58.369999
-2.641209 -2.151513 2.238788 0.004598 0.009925 -1.494821 58.470001
-2.622227 -2.358781 2.272333 0.012040 -0.042260 -1.495453 58.575001
-2.601566 -2.590676 2.272333 0.026751 -0.289848 -1.626344 58.700001
-2.579299 -2.809753 2.272333 0.066846 -0.278283 -1.783414 58.849998
-2.551980 -3.011437 2.272333 0.083777 -0.155266 -2.003313 59.060001
-2.511781 -3.212244 2.272333 0.056098 -0.033230 -2.458816 59.494999
-2.534880 -3.010834 2.263166 -0.024167 0.157370 1.705721 61.945000
-2.576552 -2.810225 2.263443 -0.019547 0.064358 1.646030 62.095001
-2.619737 -2.611564 2.251320 0.019345 0.037534 1.580103 62.235001
-2.660371 -2.400324 2.250826 0.036410 0.028853 1.519532 62.380001
-2.689846 -2.200598 2.250456 0.049248 0.029607 1.490713 62.514999
-2.709760 -1.998506 2.250158 0.051656 0.024846 1.504731 62.650002
-2.719583 -1.772117 2.249890 0.076445 0.020216 1.466649 62.799999
-2.713516 -1.537983 2.249678 0.034879 0.174596 1.478929 62.950001
-2.701162 -1.337748 2.249546 0.021981 0.126316 1.486188 63.064999
-2.685415 -1.132994 2.249439 0.007604 0.078224 1.491641 63.174999
-2.666489 -0.901641 2.249341 -0.006455 0.048351 1.496326 63.294998
-2.649459 -0.685794 2.224857 -0.014942 0.034447 1.499716 63.404999
-2.635228 -0.487912 2.193421 -0.017431 0.028107 1.502197 63.505001
-2.622485 -0.289143 2.166187 -0.015561 0.024637 1.504191 63.605000
-2.611092 -0.089869 2.197336 -0.011981 0.021844 1.505813 63.705002
-2.600692 0.109638 2.232545 -0.006710 0.020703 1.507133 63.805000
-2.590779 0.309239 2.266990 -0.001409 0.021007 1.508201 63.904999
-2.580867 0.508897 2.280496 0.002489 0.020379 1.509067 64.004997
-2.570593 0.708553 2.312011 0.004500 0.020566 1.509772 64.105003
-2.559215 0.918175 2.313421 0.004783 0.020219 1.510360 64.209999
-2.547213 1.127770 2.313125 0.003542 0.020325 1.510835 64.315002
-2.534722 1.337327 2.312872 0.001642 0.020678 1.511222 64.419998
-2.521956 1.546760 2.312658 -0.008957 -0.000601 1.516946 64.525002
-2.511631 1.753484 2.312475 -0.030481 0.003365 1.585547 64.629997
-2.504792 1.958335 2.312318 -0.011997 0.035376 1.582803 64.735001
-2.499859 2.183423 2.313207 -0.133909 -0.083367 1.829426 64.849998
-2.508886 2.409724 2.314970 -0.156516 -0.073647 1.997248 64.974998
-2.536117 2.613176 2.316415 -0.144427 -0.015890 1.983091 65.099998
-2.584595 2.810718 2.317651 -0.127556 0.000701 1.971769 65.230003
-2.654327 3.005342 2.318690 -0.050347 -0.075331 1.962952 65.364998
-2.731617 3.190554 2.319596 -0.007347 -0.229648 1.955795 65.510002
-2.811838 3.377648 2.319759 -0.014966 -0.185128 2.137821 65.714996
-2.882279 3.566007 2.319759 -0.039928 -0.063077 2.551439 66.110001
-2.853951 3.342028 2.319759 -0.031344 0.134890 -1.377630 68.750000
-2.818759 3.127606 2.319759 -0.045943 0.054334 -1.420809 68.904999
-2.777262 2.925413 2.319759 -0.025215 0.025333 -1.464487 69.044998
-2.724123 2.699121 2.319759 -0.040559 0.012063 -1.471923 69.199997
-2.672089 2.504884 2.319759 -0.022267 0.172193 -1.456672 69.330002
-2.612010 2.279216 2.319759 0.030223 0.130584 -1.444646 69.464996
-2.564465 2.079315 2.319759 0.054544 0.084742 -1.437013 69.574997
-2.523811 1.880412 2.319759 0.058263 0.053372 -1.431250 69.680000
-2.488216 1.657253 2.319759 0.091542 0.037306 -1.504759 69.794998
-2.464225 1.440859 2.319759 0.029162 0.029378 -1.497105 69.904999
-2.444518 1.232988 2.319759 0.011265 0.024896 -1.491080 70.010002
-2.425786 1.024579 2.319759 0.002280 -0.026281 -1.513481 70.114998
-2.407748 0.823610 2.319759 0.024059 -0.236281 -1.623430 70.220001
-2.387439 0.614796 2.319759 0.066355 -0.305860 -1.759557 70.349998
-2.362892 0.416304 2.319759 0.088325 -0.201186 -1.942806 70.525002
-2.328467 0.219064 2.319759 0.076923 -0.075076 -2.262182 70.830002
-2.405875 0.418864 2.335687 0.009375 0.111858 1.726503 73.695000
-2.473965 0.633722 2.353926 0.049290 0.055593 1.634267 73.855003
-2.525097 0.832443 2.359180 0.036917 0.040174 1.606220 73.995003
-2.566782 1.029688 2.357641 0.056798 0.028783 1.612347 74.129997
-2.597685 1.230435 2.356400 0.058423 0.023695 1.582363 74.264999
-2.616512 1.442623 2.355353 0.069421 0.157904 1.551431 74.404999
-2.623418 1.651245 2.354592 0.022168 0.155877 1.549246 74.529999
-2.626101 1.876281 2.354537 -0.007255 -0.079999 1.670296 74.654999
-2.627855 2.077384 2.354537 -0.046720 -0.285722 1.795956 74.775002
-2.626710 2.282405 2.354537 -0.077592 -0.239087 1.963498 74.934998
-2.617596 2.484644 2.354537 -0.081517 -0.110469 2.230517 75.190002
-2.591588 2.683473 2.354537 -0.027571 -0.001590 2.958275 75.885002
-2.598305 2.478157 2.354537 -0.016082 0.319042 -1.614525 77.900002
-2.604079 2.275259 2.354537 -0.020990 0.237238 -1.598486 78.040001
-2.606841 2.066566 2.354537 -0.024277 0.133056 -1.588027 78.160004
-2.606687 1.860453 2.354537 -0.023853 0.077270 -1.580442 78.269997
-2.604022 1.657045 2.354537 -0.019445 0.048719 -1.574666 78.375000
-2.598231 1.410865 2.354537 -0.011367 0.032954 -1.569238 78.500000
-2.593626 1.202516 2.349174 0.049568 0.025928 -1.636842 78.605003
-2.593019 1.003659 2.325206 0.001777 0.025103 -1.627450 78.705002
-2.594808 0.804522 2.293480 0.081243 0.025097 -1.705804 78.805000
-2.602802 0.605688 2.259041 0.012333 0.024764 -1.706367 78.904999
-2.612754 0.406670 2.225283 0.002396 0.023732 -1.694841 79.004997
-2.623327 0.207370 2.192486 0.007286 0.022784 -1.685497 79.105003
-2.634882 0.007931 2.160351 0.011664 0.021389 -1.677901 79.205002
-2.647781 -0.191515 2.128028 0.012538 0.021354 -1.671795 79.305000
-2.662072 -0.390930 2.095924 0.010198 0.021278 -1.666781 79.404999
-2.677511 -0.590315 2.064067 0.005824 0.020705 -1.662753 79.504997
-2.693666 -0.789686 2.043258 0.001211 0.020147 -1.659469 79.605003
-2.711445 -0.988808 1.995220 0.041188 0.018610 -1.718980 79.705002
-2.733355 -1.177073 1.928970 0.090697 0.021601 -1.802465 79.800003
-2.766874 -1.383177 1.858867 0.099799 0.026347 -1.895398 79.904999
-2.809110 -1.576595 1.793851 0.128128 -0.041244 -2.017064 80.004997
-2.862114 -1.767994 1.761499 0.116300 -0.119466 -2.098504 80.110001
-2.926722 -1.956112 1.719448 0.136703 -0.060961 -2.201913 80.224998
-3.020345 -2.159160 1.683419 0.172370 0.002390 -2.354922 80.364998
-3.136654 -2.337017 1.649750 0.165892 0.032953 -2.517061 80.504997
-3.286574 -2.501656 1.614623 0.138488 0.043695 -2.670838 80.654999
-3.451951 -2.637146 1.613513 0.151851 0.045823 -2.859821 80.800003
-3.639895 -2.748369 1.630558 0.144565 0.052134 -3.078276 80.949997
-3.832871 -2.825122 1.642089 0.138089 0.064880 3.008951 81.095001
-4.026846 -2.871357 1.677153 0.129158 0.072033 2.908444 81.235001
-4.254810 -2.889946 1.716843 0.164825 0.076091 2.742824 81.394997
-4.474794 -2.865182 1.754227 0.160911 0.074367 2.587186 81.550003
-4.670056 -2.810397 1.759226 0.081405 -0.175998 2.649724 81.695000
-4.873486 -2.737687 1.759226 0.003039 -0.200457 2.859151 81.894997
-5.058433 -2.658860 1.759226 -0.037370 -0.084444 -3.068009 82.235001
-5.256727 -2.626861 1.759226 0.020477 0.305329 -2.438886 84.550003
-5.424057 -2.755069 1.759226 0.046601 0.315943 -2.555764 84.769997
-5.591773 -2.867925 1.759226 0.015829 0.221080 -2.615258 84.904999
-5.761168 -2.976791 1.759226 0.039186 0.085352 -2.704724 85.019997
-5.932855 -3.080271 1.759226 0.057467 -0.016425 -2.787385 85.129997
-6.134242 -3.192311 1.759226 0.087545 -0.075058 -2.877909 85.260002
-6.318640 -3.283482 1.759226 0.105930 -0.095968 -2.951628 85.385002
-6.509861 -3.362129 1.759226 0.119552 -0.096610 -3.060273 85.525002
-6.704554 -3.421328 1.759226 0.032062 0.076706 -3.040403 85.680000
-6.902924 -3.469266 1.759226 0.042393 0.071955 -2.947137 85.831001
-7.101393 -3.509525 1.759226 0.011209 0.038837 -2.902636 85.970001
-7.298777 -3.546133 1.759226 0.021109 0.023565 -2.875291 86.105003
-7.506057 -3.583851 1.759226 -0.018131 0.017827 -2.831986 86.245003
-7.728569 -3.628262 1.759226 -0.009130 0.015927 -2.847866 86.394997
-7.924750 -3.669817 1.759226 -0.007678 0.167760 -2.858110 86.525002
-8.132469 -3.717333 1.759226 -0.015717 0.136524 -2.865590 86.650002
-8.329646 -3.765676 1.759226 -0.015845 0.087160 -2.870799 86.760002
-8.534324 -3.818751 1.759226 -0.027025 0.055050 -2.856934 86.870003
-8.771062 -3.883926 1.759226 -0.040462 0.034375 -2.836183 86.995003
-8.970856 -3.942663 1.759226 -0.003308 0.027162 -2.820531 87.099998
-9.170872 -4.003778 1.759226 -0.006848 0.022899 -2.798203 87.205002
-9.370895 -4.066533 1.759226 -0.004243 0.022053 -2.800233 87.309998
-9.561435 -4.127354 1.759226 -0.010845 0.020584 -2.801781 87.410004
-9.751708 -4.189662 1.759226 -0.014110 0.019604 -2.803054 87.510002
-9.941540 -4.253655 1.759226 0.013752 0.017973 -2.820490 87.610001
-10.131792 -4.315910 1.773596 0.080642 0.016644 -2.924649 87.709999
-10.332191 -4.377176 1.784273 -0.013199 0.016108 -2.842856 87.815002
-10.531606 -4.440806 1.784466 -0.078851 0.015935 -2.773986 87.919998
-10.728879 -4.509748 1.782718 -0.083455 -0.048664 -2.693783 88.025002
-10.914512 -4.583590 1.764432 -0.134192 -0.133406 -2.502630 88.129997
-11.101410 -4.670915 1.762546 -0.071929 -0.221586 -2.507685 88.250000
-11.284083 -4.763139 1.760697 -0.049105 -0.255327 -2.512444 88.394997
-11.461877 -4.856741 1.758653 -0.034029 -0.202077 -2.517248 88.605003
-11.634550 -4.957899 1.756606 -0.006089 -0.006971 -1.851279 89.559998
