-12.773591 4.000000 1.000000 0.000000 0.245672 0.000000 0.000000
-12.570639 4.000000 1.000000 0.000000 0.049058 0.000000 0.160000
-12.356438 4.000000 1.000000 0.000000 -0.056528 0.000000 0.320000
-12.134835 4.000000 1.000000 0.000000 -0.100746 0.000000 0.500000
-11.924707 4.003281 1.000000 -0.078424 0.138951 0.114123 0.695000
-11.724734 4.027493 1.022958 -0.029468 0.121009 0.273851 0.860000
-11.519307 4.061018 1.045459 0.020918 0.054487 0.325308 1.010000
-11.317589 4.092714 1.069762 -0.008530 0.032345 0.379497 1.150000
-11.119314 4.124832 1.093630 -0.012843 0.026788 0.371713 1.285000
-10.919304 4.160672 1.106115 -0.045476 0.025093 0.364348 1.420000
-10.720037 4.205462 1.100829 -0.063566 0.019885 0.358738 1.555000
-10.508848 4.266334 1.096287 -0.056467 0.015867 0.354277 1.700000
-10.286446 4.344158 1.092412 -0.037354 0.062747 0.350757 1.855000
-10.099280 4.417000 1.089900 -0.017641 0.168920 0.348646 1.980000
-9.909285 4.492523 1.088003 0.074090 0.110702 0.288576 2.095000
-9.714688 4.563196 1.086470 0.037568 0.071979 0.269580 2.205000
-9.521651 4.627495 1.085232 0.029592 0.048477 0.232113 2.310000
-9.324579 4.689483 1.084173 -0.004952 0.035466 0.246840 2.415000
-9.125894 4.752530 1.083276 -0.007264 0.027090 0.258592 2.520000
-8.926523 4.816389 1.082518 0.057180 0.023320 0.224242 2.625000
-8.725547 4.875198 1.081873 0.083089 0.025030 0.143035 2.730000
-8.503236 4.929695 1.081275 0.045446 0.024006 0.077697 2.845000
-8.299236 4.974432 1.080815 -0.007670 0.023251 0.099409 2.950000
-8.094903 5.019770 1.080425 -0.001138 0.022796 0.116905 3.055000
-7.890200 5.065298 1.080090 0.011457 0.022332 0.131119 3.160000
-7.684991 5.109752 1.079808 0.020516 0.022664 0.142488 3.265000
-7.489028 5.150290 1.079581 0.023329 0.020614 0.151122 3.365000
-7.283819 5.190561 1.079376 0.021087 -0.034822 0.158502 3.470000
-7.084517 5.227916 1.079202 0.015030 -0.082649 0.164403 3.575000
-6.854856 5.269442 1.079028 0.042051 0.013625 0.133548 3.700000
-6.655782 5.300575 1.078901 0.044583 -0.097021 0.020717 3.810000
-6.411641 5.331943 1.078763 0.012823 -0.059370 -0.006622 3.955000
-6.205529 5.357087 1.078663 -0.010827 -0.022784 0.017937 4.085000
-6.005301 5.383501 1.078581 -0.003119 -0.002753 0.038878 4.215000
-5.792397 5.412312 1.078511 0.007289 0.006792 0.055937 4.355000
-5.565338 5.441697 1.078449 0.012437 0.010856 0.069425 4.505000
-5.353506 5.466852 1.078404 0.011926 0.011341 0.078747 4.645000
-5.149118 5.489127 1.084100 0.007777 0.051656 0.085468 4.780000
-4.950282 5.509497 1.125654 0.003404 0.167478 0.090195 4.905000
-4.747863 5.529673 1.137193 0.000533 0.117888 0.093578 5.020000
-4.522929 5.552130 1.135485 -0.000170 0.030010 0.122006 5.140000
-4.317534 5.572945 1.135485 -0.023657 -0.189990 0.237197 5.250000
-4.115888 5.592867 1.135485 -0.060768 -0.307393 0.368097 5.375000
-3.907614 5.608970 1.135485 -0.086029 -0.206163 0.556593 5.555000
-3.707688 5.615082 1.135485 -0.076532 -0.078299 0.870751 5.855000
-3.755833 5.813984 1.086919 0.011584 0.188826 2.778748 12.610000
