94.000000 0.000000 0.223000 0.065000
113.000000 0.202751 0.223000 0.170000
124.500000 0.202751 0.223000 0.265000
133.000000 0.433122 0.223000 0.375000
138.125000 0.640661 0.223000 0.470000
144.000000 0.844136 0.223000 0.565000
150.125000 1.051015 0.223000 0.665000
155.500000 1.259654 0.280000 0.765000
161.500000 1.499145 0.280000 0.875000
167.375000 1.729305 0.280000 0.970000
172.625000 1.929392 0.280000 1.070000
176.375000 2.129399 0.280000 1.170000
180.750000 2.329451 0.280000 1.270000
184.750000 2.539374 0.280000 1.375000
188.000000 2.748849 0.280000 1.470000
191.875000 2.958368 0.280000 1.570000
194.500000 3.165226 0.280000 1.670000
197.250000 3.165226 0.282000 1.765000
199.875000 3.392048 0.282000 1.870000
202.750000 3.599017 0.282000 1.970000
207.625000 3.802357 0.282000 2.070000
211.750000 4.016766 0.282000 2.170000
216.875000 4.016766 0.282000 2.265000
220.375000 4.245068 0.282000 2.365000
223.250000 4.448209 0.282000 2.470000
226.875000 4.653123 0.282000 2.570000
230.625000 4.653123 0.282000 2.675000
233.625000 4.878720 0.269000 2.760000
237.500000 5.098027 0.269000 2.875000
239.500000 5.098027 0.269000 2.970000
241.375000 5.317587 0.269000 3.075000
243.375000 5.560431 0.269000 3.170000
245.500000 5.560431 0.269000 3.265000
249.000000 5.765223 0.269000 3.375000
251.125000 6.008016 0.269000 3.465000
254.375000 6.008016 0.269000 3.570000
256.500000 6.243443 0.269000 3.670000
259.125000 6.445019 0.305000 3.770000
262.500000 6.709365 0.305000 3.870000
264.375000 6.918355 0.305000 3.965000
266.500000 7.119032 0.305000 4.075000
268.250000 7.119032 0.305000 4.175000
270.375000 7.320446 0.305000 4.275000
272.000000 7.547287 0.305000 4.370000
273.500000 7.547287 0.305000 4.465000
275.000000 7.748384 0.305000 4.570000
276.000000 7.965852 0.305000 4.670000
276.375000 8.168845 0.302000 4.775000
277.500000 8.168845 0.302000 4.870000
278.625000 8.372479 0.302000 4.975000
279.750000 8.584571 0.302000 5.060000
280.875000 8.584571 0.302000 5.170000
282.250000 8.812438 0.302000 5.275000
283.000000 9.048420 0.302000 5.365000
284.125000 9.250718 0.302000 5.475000
285.000000 9.250718 0.302000 5.570000
286.875000 9.474314 0.302000 5.670000
288.625000 9.682302 0.329000 5.770000
290.125000 9.885174 0.329000 5.870000
291.125000 10.120220 0.329000 5.970000
292.750000 10.120220 0.329000 6.075000
294.750000 10.347332 0.329000 6.170000
296.125000 10.347332 0.329000 6.270000
296.625000 10.550541 0.329000 6.365000
297.250000 10.550541 0.329000 6.470000
297.625000 10.550541 0.329000 6.565000
298.000000 10.550541 0.329000 6.660000
298.625000 10.550541 0.308000 6.770000
299.625000 10.550541 0.308000 6.865000
300.125000 10.750843 0.308000 6.970000
300.375000 10.750843 0.308000 7.060000
301.000000 10.750843 0.308000 7.165000
301.625000 10.750843 0.308000 7.265000
302.250000 10.750843 0.308000 7.370000
302.250000 10.750843 0.308000 7.465000
302.750000 10.750843 0.308000 7.570000
303.125000 10.750843 0.308000 7.670000
303.125000 10.750843 0.300000 7.765000
303.500000 10.750843 0.300000 7.870000
304.000000 10.750843 0.300000 7.970000
304.375000 10.957002 0.300000 8.065000
305.000000 10.957002 0.300000 8.170000
305.500000 11.161325 0.300000 8.275000
306.250000 11.385259 0.300000 8.370000
306.625000 11.385259 0.300000 8.475000
306.875000 11.608110 0.300000 8.560000
307.250000 11.826849 0.300000 8.660000
308.250000 12.033831 0.280000 8.770000
308.625000 12.033831 0.280000 8.870000
308.875000 12.266768 0.280000 8.965000
309.125000 12.480153 0.280000 9.075000
309.500000 12.480153 0.280000 9.170000
310.000000 12.695592 0.280000 9.270000
310.250000 12.695592 0.280000 9.370000
310.250000 12.695592 0.280000 9.465000
310.625000 12.908697 0.280000 9.570000
310.625000 12.908697 0.280000 9.665000
311.000000 12.908697 0.270000 9.775000
311.000000 13.115191 0.270000 9.875000
311.250000 13.115191 0.270000 9.970000
311.375000 13.317641 0.270000 10.075000
311.375000 13.518675 0.270000 10.170000
311.750000 13.518675 0.270000 10.270000
312.375000 13.723566 0.270000 10.370000
312.750000 13.928864 0.270000 10.470000
313.125000 13.928864 0.270000 10.570000
313.250000 14.145938 0.270000 10.670000
313.500000 14.365508 0.268000 10.770000
313.500000 14.365508 0.268000 10.870000
313.500000 14.565970 0.268000 10.970000
313.500000 14.565970 0.268000 11.060000
313.625000 14.766962 0.268000 11.165000
313.625000 14.766962 0.268000 11.275000
313.750000 14.766962 0.268000 11.365000
313.875000 14.766962 0.268000 11.470000
314.000000 14.967957 0.268000 11.565000
314.000000 14.967957 0.268000 11.670000
314.000000 14.967957 0.231000 11.770000
314.000000 14.967957 0.231000 11.865000
314.000000 14.967957 0.231000 11.975000
314.250000 14.967957 0.231000 12.070000
314.250000 14.967957 0.231000 12.170000
314.375000 14.967957 0.231000 12.270000
314.500000 14.967957 0.231000 12.370000
314.500000 14.967957 0.231000 12.465000
314.500000 14.967957 0.231000 12.565000
314.500000 14.967957 0.210000 12.670000
314.500000 14.967957 0.210000 12.765000
314.500000 14.967957 0.210000 12.875000
314.500000 14.967957 0.210000 12.970000
314.500000 14.967957 0.210000 13.065000
314.500000 14.967957 0.210000 13.175000
314.500000 14.967957 0.210000 13.270000
314.500000 14.967957 0.210000 13.365000
314.500000 14.967957 0.210000 13.470000
314.500000 14.967957 0.210000 13.570000
314.500000 14.967957 0.207000 13.670000
314.500000 14.967957 0.207000 13.770000
314.500000 14.967957 0.207000 13.870000
314.500000 14.967957 0.207000 13.970000
314.500000 14.967957 0.207000 14.070000
314.500000 14.967957 0.207000 14.170000
314.500000 14.967957 0.207000 14.265000
314.500000 14.967957 0.207000 14.365000
314.500000 14.967957 0.207000 14.470000
314.500000 15.185687 0.207000 14.570000
314.500000 15.385789 0.207000 14.665000
314.500000 15.385789 0.216000 14.770000
314.500000 15.601178 0.216000 14.870000
314.750000 15.601178 0.216000 14.975000
314.750000 15.826814 0.216000 15.070000
314.750000 15.826814 0.216000 15.170000
314.875000 16.030792 0.216000 15.275000
314.875000 16.030792 0.216000 15.370000
315.000000 16.030792 0.216000 15.465000
315.375000 16.231663 0.216000 15.565000
315.375000 16.231663 0.216000 15.665000
315.375000 16.231663 0.239000 15.765000
315.625000 16.433435 0.239000 15.870000
315.625000 16.433435 0.239000 15.970000
315.625000 16.433435 0.239000 16.070000
315.625000 16.433435 0.239000 16.174999
315.625000 16.433435 0.239000 16.270000
315.625000 16.433435 0.239000 16.370001
315.625000 16.433435 0.239000 16.459999
315.750000 16.433435 0.239000 16.575001
315.750000 16.433435 0.239000 16.670000
315.750000 16.433435 0.273000 16.764999
315.750000 16.433435 0.273000 16.870001
315.750000 16.433435 0.273000 16.969999
315.750000 16.433435 0.273000 17.070000
315.750000 16.433435 0.273000 17.170000
315.750000 16.433435 0.273000 17.270000
315.750000 16.433435 0.273000 17.365000
315.750000 16.433435 0.273000 17.469999
315.750000 16.433435 0.273000 17.570000
315.750000 16.433435 0.273000 17.665001
315.750000 16.433435 0.264000 17.770000
315.750000 16.433435 0.264000 17.870001
315.750000 16.433435 0.264000 17.969999
315.750000 16.433435 0.264000 18.070000
315.750000 16.433435 0.264000 18.170000
315.750000 16.433435 0.264000 18.270000
315.750000 16.433435 0.264000 18.370001
315.750000 16.433435 0.264000 18.469999
315.750000 16.643702 0.264000 18.575001
315.875000 16.643702 0.264000 18.670000
315.875000 16.844349 0.263000 18.770000
315.875000 17.050123 0.263000 18.875000
316.000000 17.050123 0.263000 18.969999
316.000000 17.272203 0.263000 19.070000
316.000000 17.490839 0.263000 19.174999
316.250000 17.693123 0.263000 19.270000
316.500000 17.693123 0.263000 19.375000
316.625000 17.918066 0.263000 19.475000
317.000000 18.122740 0.263000 19.570000
317.125000 18.325626 0.263000 19.660000
317.250000 18.532558 0.278000 19.770000
318.750000 18.798395 0.278000 19.870001
319.750000 19.000490 0.278000 19.965000
321.750000 19.000490 0.278000 20.075001
323.625000 19.200634 0.278000 20.170000
324.625000 19.200634 0.278000 20.275000
325.000000 19.401203 0.278000 20.370001
325.000000 19.401203 0.278000 20.469999
325.375000 19.401203 0.278000 20.575001
325.500000 19.401203 0.278000 20.660000
325.875000 19.401203 0.319000 20.764999
325.875000 19.401203 0.319000 20.870001
326.000000 19.601467 0.319000 20.965000
326.000000 19.601467 0.319000 21.070000
326.125000 19.601467 0.319000 21.171000
326.125000 19.601467 0.319000 21.264999
326.250000 19.601467 0.319000 21.365000
326.375000 19.601467 0.319000 21.465000
326.375000 19.601467 0.319000 21.565001
326.500000 19.601467 0.319000 21.665001
326.500000 19.601467 0.294000 21.764999
327.375000 19.601467 0.294000 21.870001
327.875000 19.817478 0.294000 21.975000
328.250000 19.817478 0.294000 22.070000
328.500000 20.032095 0.294000 22.170000
328.500000 20.235788 0.294000 22.275000
328.750000 20.436968 0.294000 22.370001
329.000000 20.436968 0.294000 22.465000
329.000000 20.640842 0.294000 22.565001
329.250000 20.844250 0.294000 22.665001
329.375000 20.844250 0.292000 22.764999
329.750000 21.063124 0.292000 22.875000
330.000000 21.264700 0.292000 22.965000
330.250000 21.479872 0.292000 23.059999
330.625000 21.684099 0.292000 23.165001
330.875000 21.886400 0.292000 23.270000
331.125000 22.092455 0.292000 23.365000
331.250000 22.300341 0.292000 23.475000
331.375000 22.509079 0.292000 23.570000
332.500000 22.509079 0.292000 23.670000
333.500000 22.748188 0.258000 23.764999
334.750000 22.957731 0.258000 23.865000
336.125000 23.167431 0.258000 23.969999
338.125000 23.376245 0.258000 24.065001
340.000000 23.583786 0.258000 24.165001
343.000000 23.831680 0.258000 24.264999
345.250000 24.038649 0.258000 24.375000
348.750000 24.245359 0.258000 24.459999
351.125000 24.452045 0.258000 24.559999
354.250000 24.655020 0.258000 24.674999
355.875000 24.655020 0.235000 24.760000
357.125000 24.859743 0.235000 24.860001
358.875000 25.079132 0.235000 24.965000
359.375000 25.280682 0.235000 25.065001
360.250000 25.280682 0.235000 25.165001
363.000000 25.517586 0.235000 25.264999
363.625000 25.731312 0.235000 25.370001
365.625000 25.937510 0.235000 25.465000
371.000000 25.937510 0.235000 25.575001
372.000000 26.143921 0.235000 25.670000
373.500000 26.364456 0.329000 25.770000
374.125000 26.566629 0.329000 25.875000
374.625000 26.566629 0.329000 25.969999
374.875000 26.773758 0.329000 26.070000
375.125000 26.978758 0.329000 26.165001
375.625000 27.182215 0.329000 26.264999
376.375000 27.419369 0.329000 26.370001
377.500000 27.648386 0.329000 26.469999
377.875000 27.858128 0.329000 26.570000
378.125000 28.058128 0.329000 26.670000
378.250000 28.267494 0.346000 26.770000
378.375000 28.472940 0.346000 26.870001
378.500000 28.678400 0.346000 26.969999
378.625000 28.678400 0.346000 27.065001
378.625000 28.883163 0.346000 27.174999
378.875000 29.132586 0.346000 27.270000
378.875000 29.132586 0.346000 27.365000
379.250000 29.334820 0.346000 27.475000
379.375000 29.580040 0.346000 27.570000
379.375000 29.580040 0.346000 27.670000
379.375000 29.796728 0.340000 27.770000
379.750000 29.999636 0.340000 27.870001
379.750000 30.202415 0.340000 27.969999
380.000000 30.202415 0.340000 28.065001
380.500000 30.403093 0.340000 28.165001
380.750000 30.608246 0.340000 28.280001
381.000000 30.608246 0.340000 28.375000
381.125000 30.831011 0.340000 28.455000
381.250000 31.050766 0.340000 28.570000
381.500000 31.050766 0.340000 28.670000
381.500000 31.257648 0.294000 28.770000
381.750000 31.480806 0.294000 28.870001
381.875000 31.480806 0.294000 28.975000
382.000000 31.705755 0.294000 29.070000
382.125000 31.909729 0.294000 29.165001
382.125000 31.909729 0.294000 29.275000
382.125000 32.135735 0.294000 29.370001
382.125000 32.339836 0.294000 29.475000
382.250000 32.339836 0.294000 29.570000
382.500000 32.558342 0.294000 29.674999
382.500000 32.784874 0.278000 29.770000
382.625000 32.784874 0.278000 29.875000
382.875000 32.986980 0.278000 29.965000
382.875000 33.190987 0.278000 30.070000
383.000000 33.395657 0.278000 30.170000
383.000000 33.395657 0.278000 30.264999
383.000000 33.601353 0.278000 30.370001
383.000000 33.838989 0.278000 30.475000
383.125000 33.838989 0.278000 30.559999
383.125000 34.046455 0.278000 30.670000
383.250000 34.253094 0.266000 30.760000
383.375000 34.453346 0.266000 30.875000
383.375000 34.662914 0.266000 30.959999
383.375000 34.864853 0.266000 31.070000
383.500000 34.864853 0.266000 31.155001
383.500000 35.070347 0.266000 31.264999
383.500000 35.285255 0.266000 31.370001
383.625000 35.285255 0.266000 31.465000
383.625000 35.513794 0.266000 31.559999
383.750000 35.734089 0.266000 31.670000
383.750000 35.734089 0.252000 31.760000
383.750000 35.961361 0.252000 31.870001
383.875000 36.166412 0.252000 31.969999
383.875000 36.166412 0.252000 32.064999
383.875000 36.370884 0.252000 32.169998
383.875000 36.596687 0.252000 32.264999
384.000000 36.596687 0.252000 32.375000
384.000000 36.822430 0.252000 32.459999
384.000000 37.041153 0.252000 32.564999
384.125000 37.041153 0.252000 32.665001
384.250000 37.259991 0.293000 32.779999
384.250000 37.469715 0.293000 32.860001
384.250000 37.469715 0.293000 32.965000
384.250000 37.674248 0.293000 33.070000
384.375000 37.674248 0.293000 33.160000
384.375000 37.674248 0.293000 33.270000
384.375000 37.882469 0.293000 33.375000
384.375000 37.882469 0.293000 33.465000
384.375000 37.882469 0.293000 33.575001
384.375000 37.882469 0.293000 33.665001
384.375000 37.882469 0.296000 33.759998
384.375000 37.882469 0.296000 33.875000
384.375000 37.882469 0.296000 33.959999
384.375000 37.882469 0.296000 34.070000
384.375000 37.882469 0.296000 34.174999
384.375000 38.082699 0.296000 34.279999
384.375000 38.082699 0.296000 34.369999
384.375000 38.082699 0.296000 34.465000
384.375000 38.082699 0.296000 34.570000
384.375000 38.082699 0.296000 34.660000
384.375000 38.082699 0.278000 34.770000
384.375000 38.082699 0.278000 34.869999
384.375000 38.082699 0.278000 34.970001
384.375000 38.082699 0.278000 35.070000
384.375000 38.082699 0.278000 35.160000
384.375000 38.082699 0.278000 35.270000
384.375000 38.082699 0.278000 35.375000
384.375000 38.082699 0.278000 35.465000
384.375000 38.082699 0.278000 35.575001
384.375000 38.082699 0.278000 35.669998
384.375000 38.082699 0.279000 35.759998
384.375000 38.082699 0.279000 35.875000
384.375000 38.082699 0.279000 35.959999
384.375000 38.082699 0.279000 36.070000
384.375000 38.082699 0.279000 36.169998
384.375000 38.082699 0.279000 36.270000
384.375000 38.082699 0.279000 36.360001
384.375000 38.082699 0.279000 36.470001
384.375000 38.082699 0.279000 36.560001
384.375000 38.082699 0.279000 36.669998
384.375000 38.082699 0.276000 36.775002
384.375000 38.082699 0.276000 36.860001
384.375000 38.082699 0.276000 36.974998
384.375000 38.082699 0.276000 37.060001
384.375000 38.082699 0.276000 37.174999
384.375000 38.082699 0.276000 37.259998
384.375000 38.082699 0.276000 37.369999
384.375000 38.082699 0.276000 37.474998
384.375000 38.082699 0.276000 37.570000
384.375000 38.082699 0.276000 37.669998
384.375000 38.082699 0.264000 37.770000
384.500000 38.283833 0.264000 37.865002
384.500000 38.283833 0.264000 37.970001
384.500000 38.514042 0.264000 38.060001
384.500000 38.726479 0.264000 38.169998
384.625000 38.726479 0.264000 38.270000
384.625000 38.955555 0.264000 38.360001
384.625000 39.175213 0.264000 38.474998
384.625000 39.175213 0.264000 38.560001
384.750000 39.380226 0.264000 38.665001
384.875000 39.584961 0.300000 38.764999
385.000000 39.584961 0.300000 38.860001
385.000000 39.787567 0.300000 38.970001
385.250000 39.787567 0.300000 39.055000
385.250000 39.787567 0.300000 39.169998
385.375000 39.990635 0.300000 39.264999
385.500000 39.990635 0.300000 39.365002
385.500000 40.196014 0.300000 39.474998
385.500000 40.196014 0.300000 39.570000
385.500000 40.400497 0.300000 39.665001
385.625000 40.601665 0.263000 39.770000
385.750000 40.601665 0.263000 39.869999
385.875000 40.802475 0.263000 39.970001
386.000000 41.027275 0.263000 40.070000
386.000000 41.027275 0.263000 40.169998
386.125000 41.230530 0.263000 40.279999
386.750000 41.435490 0.263000 40.360001
388.625000 41.640362 0.263000 40.470001
392.125000 41.640362 0.263000 40.570000
397.500000 41.854984 0.263000 40.674999
405.625000 42.089058 0.234000 40.759998
411.500000 42.089058 0.234000 40.869999
414.500000 42.309368 0.234000 40.959999
418.125000 42.309368 0.234000 41.064999
419.500000 42.527119 0.234000 41.169998
420.625000 42.527119 0.234000 41.270000
422.000000 42.527119 0.234000 41.369999
422.750000 42.527119 0.234000 41.465000
424.000000 42.728119 0.234000 41.564999
425.125000 42.728119 0.234000 41.674999
425.500000 42.728119 0.267000 41.770000
426.000000 42.728119 0.267000 41.869999
426.750000 42.728119 0.267000 41.959999
427.125000 42.728119 0.267000 42.075001
427.500000 42.728119 0.267000 42.165001
428.000000 42.728119 0.267000 42.275002
428.375000 42.728119 0.267000 42.360001
428.500000 42.928772 0.267000 42.465000
429.625000 42.928772 0.267000 42.560001
430.375000 43.135056 0.267000 42.669998
430.625000 43.337074 0.248000 42.775002
431.500000 43.544884 0.248000 42.860001
432.375000 43.748566 0.248000 42.970001
432.625000 43.748566 0.248000 43.075001
433.625000 43.949081 0.248000 43.160000
435.125000 44.155670 0.248000 43.270000
439.625000 44.361832 0.248000 43.369999
443.625000 44.361832 0.248000 43.459999
452.125000 44.566898 0.248000 43.564999
459.500000 44.786163 0.248000 43.669998
469.750000 44.786163 0.263000 43.764999
472.500000 45.016220 0.263000 43.869999
473.875000 45.246658 0.263000 43.965000
476.250000 45.246658 0.263000 44.064999
477.500000 45.450542 0.263000 44.169998
478.125000 45.450542 0.263000 44.259998
479.375000 45.450542 0.263000 44.360001
480.125000 45.656219 0.263000 44.470001
480.375000 45.656219 0.263000 44.570000
481.125000 45.656219 0.263000 44.669998
481.250000 45.656219 0.292000 44.764999
481.500000 45.656219 0.292000 44.869999
481.750000 45.656219 0.292000 44.959999
482.000000 45.656219 0.292000 45.064999
482.000000 45.656219 0.292000 45.169998
482.500000 45.864571 0.292000 45.270000
482.875000 45.864571 0.292000 45.360001
483.125000 46.067215 0.292000 45.470001
483.375000 46.273571 0.292000 45.570000
483.875000 46.480747 0.292000 45.660000
485.000000 46.690216 0.249000 45.764999
485.875000 46.895332 0.249000 45.869999
486.625000 46.895332 0.249000 45.970001
487.875000 47.102943 0.249000 46.064999
490.125000 47.311825 0.249000 46.169998
491.125000 47.531189 0.249000 46.275002
493.250000 47.750893 0.249000 46.365002
494.625000 47.970249 0.249000 46.470001
495.875000 48.179691 0.249000 46.564999
497.125000 48.389214 0.249000 46.669998
498.625000 48.616879 0.299000 46.775002
499.625000 48.820320 0.299000 46.860001
500.625000 49.024479 0.299000 46.970001
502.000000 49.230679 0.299000 47.070000
502.500000 49.438335 0.299000 47.160000
503.750000 49.646996 0.299000 47.264999
504.250000 49.856228 0.299000 47.369999
504.625000 50.065773 0.299000 47.470001
506.000000 50.065773 0.299000 47.570000
507.375000 50.275383 0.299000 47.669998
508.125000 50.501354 0.297000 47.770000
509.500000 50.706692 0.297000 47.860001
509.625000 50.908009 0.297000 47.965000
510.625000 51.115376 0.297000 48.064999
511.125000 51.318470 0.297000 48.169998
511.750000 51.524681 0.297000 48.270000
513.000000 51.742626 0.297000 48.360001
514.250000 51.951622 0.297000 48.465000
515.125000 52.160660 0.297000 48.570000
517.125000 52.368679 0.297000 48.665001
517.500000 52.570862 0.292000 48.770000
518.500000 52.775978 0.292000 48.869999
519.000000 52.775978 0.292000 48.959999
519.375000 52.979660 0.292000 49.064999
519.875000 53.190960 0.292000 49.174999
520.625000 53.398430 0.292000 49.270000
520.750000 53.398430 0.292000 49.375000
520.875000 53.616211 0.292000 49.465000
521.125000 53.844105 0.292000 49.570000
521.375000 53.844105 0.292000 49.669998
521.500000 54.049564 0.243000 49.775002
521.625000 54.269993 0.243000 49.860001
521.750000 54.269993 0.243000 49.965000
533.125000 54.489662 0.243000 50.075001
534.375000 54.701935 0.243000 50.165001
536.750000 54.906227 0.243000 50.279999
537.125000 54.906227 0.243000 50.360001
538.125000 55.110046 0.243000 50.465000
539.000000 55.313877 0.243000 50.575001
539.875000 55.313877 0.243000 50.674999
540.625000 55.518108 0.284000 50.759998
541.375000 55.736801 0.284000 50.865002
542.000000 55.736801 0.284000 50.974998
542.500000 55.940075 0.284000 51.060001
543.000000 55.940075 0.284000 51.169998
543.375000 56.141876 0.284000 51.275002
543.875000 56.141876 0.284000 51.375000
544.000000 56.141876 0.284000 51.474998
544.125000 56.141876 0.284000 51.564999
544.375000 56.141876 0.284000 51.674999
544.500000 56.141876 0.279000 51.764999
544.500000 56.141876 0.279000 51.869999
544.625000 56.141876 0.279000 51.974998
545.000000 56.341972 0.279000 52.060001
545.125000 56.341972 0.279000 52.169998
545.375000 56.341972 0.279000 52.270000
545.500000 56.341972 0.279000 52.365002
545.625000 56.341972 0.279000 52.465000
545.625000 56.341972 0.279000 52.575001
546.000000 56.341972 0.279000 52.669998
546.125000 56.341972 0.287000 52.759998
546.375000 56.341972 0.287000 52.865002
546.500000 56.341972 0.287000 52.970001
546.500000 56.341972 0.287000 53.070000
546.500000 56.341972 0.287000 53.160000
546.500000 56.341972 0.287000 53.270000
546.750000 56.341972 0.287000 53.365002
546.750000 56.341972 0.287000 53.455002
546.750000 56.341972 0.287000 53.560001
546.750000 56.341972 0.287000 53.674999
546.750000 56.341972 0.280000 53.770000
546.750000 56.341972 0.280000 53.865002
546.750000 56.547749 0.280000 53.970001
546.750000 56.547749 0.280000 54.064999
547.000000 56.751671 0.280000 54.169998
547.625000 56.979595 0.280000 54.275002
547.625000 56.979595 0.280000 54.365002
547.750000 57.184868 0.280000 54.465000
547.750000 57.184868 0.280000 54.560001
548.000000 57.384979 0.280000 54.669998
548.125000 57.384979 0.274000 54.770000
548.125000 57.384979 0.274000 54.865002
548.125000 57.586754 0.274000 54.965000
548.500000 57.586754 0.274000 55.070000
548.500000 57.586754 0.274000 55.174999
548.625000 57.586754 0.274000 55.264999
548.625000 57.586754 0.274000 55.369999
548.625000 57.586754 0.274000 55.480000
548.750000 57.586754 0.274000 55.570000
548.875000 57.586754 0.274000 55.669998
549.000000 57.586754 0.252000 55.775002
549.250000 57.586754 0.252000 55.875000
549.375000 57.586754 0.252000 55.976002
549.875000 57.586754 0.252000 56.060001
550.000000 57.586754 0.252000 56.160000
550.000000 57.586754 0.252000 56.270000
550.000000 57.586754 0.252000 56.369999
550.375000 57.586754 0.252000 56.470001
550.500000 57.586754 0.252000 56.560001
550.750000 57.586754 0.252000 56.674999
550.875000 57.586754 0.245000 56.764999
550.875000 57.586754 0.245000 56.860001
550.875000 57.586754 0.245000 56.970001
550.875000 57.586754 0.245000 57.060001
550.875000 57.586754 0.245000 57.160000
550.875000 57.586754 0.245000 57.275002
550.875000 57.586754 0.245000 57.365002
550.875000 57.586754 0.245000 57.470001
550.875000 57.586754 0.245000 57.570000
550.875000 57.586754 0.245000 57.660000
550.875000 57.586754 0.250000 57.770000
551.125000 57.586754 0.250000 57.860001
551.250000 57.787571 0.250000 57.970001
551.500000 57.999878 0.250000 58.075001
551.500000 57.999878 0.250000 58.160000
551.875000 58.205189 0.250000 58.275002
552.125000 58.407906 0.250000 58.369999
552.500000 58.612602 0.250000 58.459999
552.500000 58.612602 0.250000 58.564999
552.750000 58.838707 0.250000 58.669998
553.250000 59.047127 0.242000 58.770000
553.375000 59.251259 0.242000 58.860001
553.625000 59.453522 0.242000 58.970001
554.375000 59.659969 0.242000 59.070000
555.000000 59.888603 0.242000 59.169998
555.750000 60.098423 0.242000 59.259998
556.000000 60.298698 0.242000 59.360001
556.375000 60.498962 0.242000 59.470001
556.750000 60.708836 0.242000 59.560001
557.625000 60.918007 0.300000 59.674999
558.250000 61.125191 0.300000 59.775002
559.000000 61.125191 0.300000 59.860001
560.000000 61.332272 0.300000 59.970001
560.750000 61.570339 0.300000 60.070000
561.125000 61.789574 0.300000 60.165001
562.000000 62.019341 0.300000 60.279999
562.750000 62.229332 0.300000 60.360001
563.000000 62.429436 0.300000 60.470001
564.125000 62.669666 0.300000 60.560001
565.875000 62.879414 0.300000 60.665001
568.125000 63.084553 0.300000 60.759998
572.625000 63.291725 0.337000 60.860001
579.250000 63.491825 0.337000 60.970001
583.875000 63.491825 0.337000 61.070000
586.500000 63.702572 0.337000 61.160000
588.500000 63.909859 0.337000 61.264999
590.125000 64.112617 0.337000 61.369999
592.500000 64.112617 0.337000 61.455002
594.250000 64.337418 0.337000 61.560001
594.875000 64.565559 0.337000 61.674999
596.375000 64.565559 0.337000 61.759998
597.500000 64.768806 0.346000 61.869999
598.500000 64.985176 0.346000 61.959999
598.750000 64.985176 0.346000 62.070000
598.750000 65.188103 0.346000 62.174999
599.125000 65.188103 0.346000 62.259998
599.500000 65.188103 0.346000 62.365002
600.000000 65.188103 0.346000 62.465000
600.125000 65.389587 0.346000 62.570000
600.625000 65.389587 0.346000 62.665001
601.000000 65.389587 0.346000 62.770000
601.375000 65.389587 0.364000 62.875000
601.500000 65.389587 0.364000 62.959999
601.500000 65.389587 0.364000 63.070000
601.500000 65.389587 0.364000 63.154999
601.500000 65.389587 0.364000 63.264999
601.500000 65.389587 0.364000 63.369999
601.875000 65.389587 0.364000 63.474998
601.875000 65.389587 0.364000 63.560001
602.125000 65.389587 0.364000 63.665001
602.125000 65.389587 0.287000 63.755001
602.625000 65.389587 0.287000 63.860001
602.875000 65.389587 0.287000 63.974998
603.000000 65.591812 0.287000 64.055000
603.000000 65.792900 0.287000 64.175003
603.375000 65.792900 0.287000 64.260002
603.500000 65.997276 0.287000 64.370003
603.875000 66.202171 0.287000 64.470001
604.125000 66.202171 0.287000 64.570000
604.125000 66.402359 0.287000 64.669998
604.500000 66.603149 0.274000 64.775002
604.750000 66.804054 0.274000 64.860001
605.000000 66.804054 0.274000 64.964996
605.250000 67.005180 0.274000 65.070000
605.250000 67.222115 0.274000 65.160004
605.625000 67.428902 0.274000 65.275002
605.625000 67.428902 0.274000 65.370003
606.000000 67.632614 0.274000 65.459999
606.500000 67.844673 0.274000 65.570000
607.000000 68.075851 0.274000 65.650002
607.000000 68.291824 0.278000 65.760002
607.375000 68.499443 0.278000 65.864998
608.125000 68.708031 0.278000 65.970001
609.500000 68.917290 0.278000 66.059998
610.750000 69.126938 0.278000 66.165001
611.625000 69.336845 0.278000 66.269997
613.000000 69.336845 0.278000 66.355003
614.750000 69.736961 0.278000 66.470001
616.125000 69.736961 0.278000 66.555000
619.250000 69.937050 0.278000 66.665001
621.750000 70.144913 0.288000 66.764999
623.750000 70.381653 0.288000 66.860001
626.125000 70.587082 0.288000 66.959999
627.625000 70.795052 0.288000 67.070000
629.250000 70.996796 0.288000 67.160004
630.125000 71.203384 0.288000 67.275002
631.250000 71.203384 0.288000 67.360001
632.750000 71.403542 0.288000 67.470001
633.875000 71.616608 0.288000 67.559998
635.000000 71.616608 0.288000 67.669998
635.625000 71.852081 0.288000 67.760002
635.875000 72.079895 0.344000 67.864998
636.625000 72.079895 0.344000 67.970001
636.750000 72.287605 0.344000 68.059998
637.000000 72.490532 0.344000 68.154999
637.750000 72.691895 0.344000 68.260002
638.250000 72.921417 0.344000 68.360001
640.000000 73.126839 0.344000 68.464996
641.125000 73.334488 0.344000 68.574997
642.500000 73.553040 0.344000 68.669998
644.875000 73.761475 0.344000 68.769997
647.875000 73.967918 0.331000 68.870003
648.375000 73.967918 0.331000 68.959999
649.625000 74.184341 0.331000 69.070000
650.250000 74.424660 0.331000 69.184998
651.250000 74.625412 0.331000 69.275002
651.375000 74.827324 0.331000 69.375000
652.500000 74.827324 0.331000 69.459999
654.375000 75.029442 0.331000 69.570000
656.125000 75.236763 0.331000 69.665001
657.625000 75.440720 0.289000 69.760002
658.750000 75.440720 0.289000 69.870003
660.250000 75.657715 0.289000 69.955002
661.500000 75.880524 0.289000 70.065002
662.500000 75.880524 0.289000 70.169998
663.750000 76.087334 0.289000 70.254997
664.000000 76.307663 0.289000 70.364998
664.250000 76.307663 0.289000 70.480003
664.500000 76.532883 0.289000 70.570000
664.875000 76.532883 0.289000 70.654999
665.125000 76.733505 0.270000 70.760002
665.750000 76.733505 0.270000 70.875000
666.000000 76.733505 0.270000 70.970001
666.875000 76.733505 0.270000 71.055000
667.500000 76.937149 0.270000 71.160004
667.500000 76.937149 0.270000 71.269997
668.000000 76.937149 0.270000 71.375000
668.250000 76.937149 0.270000 71.459999
668.250000 76.937149 0.270000 71.570000
668.750000 76.937149 0.270000 71.660004
668.875000 76.937149 0.204000 71.775002
668.875000 76.937149 0.204000 71.864998
669.000000 76.937149 0.204000 71.974998
669.750000 76.937149 0.204000 72.059998
669.875000 76.937149 0.204000 72.169998
669.875000 76.937149 0.204000 72.279999
670.000000 76.937149 0.204000 72.360001
670.250000 76.937149 0.204000 72.470001
670.625000 76.937149 0.204000 72.555000
671.125000 76.937149 0.204000 72.660004
671.125000 76.937149 0.194000 72.769997
671.250000 77.140404 0.194000 72.864998
671.625000 77.140404 0.194000 72.974998
671.875000 77.341507 0.194000 73.065002
672.000000 77.553665 0.194000 73.169998
672.125000 77.553665 0.194000 73.275002
672.375000 77.753883 0.194000 73.360001
672.500000 77.954445 0.194000 73.470001
672.625000 77.954445 0.194000 73.570000
672.625000 78.157097 0.194000 73.675003
672.875000 78.157097 0.254000 73.764999
673.000000 78.157097 0.254000 73.870003
673.000000 78.359482 0.254000 73.980003
673.250000 78.359482 0.254000 74.070000
673.250000 78.568863 0.254000 74.160004
673.500000 78.772041 0.254000 74.269997
673.750000 78.772041 0.254000 74.355003
674.000000 78.972672 0.254000 74.470001
674.000000 78.972672 0.254000 74.555000
674.125000 79.173714 0.254000 74.669998
674.375000 79.173714 0.278000 74.764999
674.500000 79.173714 0.278000 74.875000
674.500000 79.379219 0.278000 74.955002
674.625000 79.379219 0.278000 75.070000
674.625000 79.379219 0.278000 75.154999
674.750000 79.379219 0.278000 75.269997
674.875000 79.580399 0.278000 75.360001
675.125000 79.580399 0.278000 75.470001
675.125000 79.580399 0.278000 75.559998
675.750000 79.580399 0.278000 75.669998
675.750000 79.580399 0.286000 75.760002
675.750000 79.580399 0.286000 75.864998
675.750000 79.580399 0.286000 75.955002
676.125000 79.580399 0.286000 76.065002
676.125000 79.580399 0.286000 76.169998
676.250000 79.580399 0.286000 76.260002
676.250000 79.580399 0.286000 76.370003
676.375000 79.580399 0.286000 76.455002
676.375000 79.580399 0.286000 76.565002
676.500000 79.580399 0.286000 76.669998
676.500000 79.580399 0.260000 76.754997
676.500000 79.580399 0.260000 76.864998
676.625000 79.580399 0.260000 76.955002
676.625000 79.580399 0.260000 77.070000
676.625000 79.580399 0.260000 77.154999
676.625000 79.580399 0.260000 77.264999
676.625000 79.580399 0.260000 77.360001
676.625000 79.580399 0.260000 77.464996
676.750000 79.580399 0.260000 77.570000
676.750000 79.580399 0.260000 77.669998
676.750000 79.580399 0.265000 77.769997
676.750000 79.580399 0.265000 77.870003
676.875000 79.580399 0.265000 77.959999
676.875000 79.580399 0.265000 78.070000
676.875000 79.580399 0.265000 78.175003
676.875000 79.580399 0.265000 78.269997
676.875000 79.580399 0.265000 78.355003
676.875000 79.580399 0.265000 78.459999
677.000000 79.580399 0.265000 78.565002
677.000000 79.580399 0.265000 78.675003
677.125000 79.580399 0.257000 78.760002
677.125000 79.580399 0.257000 78.875000
677.125000 79.580399 0.257000 78.970001
677.125000 79.580399 0.257000 79.074997
677.125000 79.580399 0.257000 79.160004
677.125000 79.580399 0.257000 79.269997
677.125000 79.580399 0.257000 79.360001
677.125000 79.580399 0.257000 79.474998
677.125000 79.580399 0.257000 79.570000
677.250000 79.580399 0.257000 79.660004
677.250000 79.580399 0.257000 79.769997
677.500000 79.580399 0.257000 79.855003
677.500000 79.580399 0.257000 79.970001
677.500000 79.580399 0.257000 80.059998
677.500000 79.580399 0.257000 80.169998
677.500000 79.580399 0.257000 80.260002
677.625000 79.580399 0.257000 80.370003
677.625000 79.580399 0.257000 80.474998
677.625000 79.580399 0.257000 80.559998
677.625000 79.580399 0.257000 80.669998
677.750000 79.580399 0.256000 80.760002
677.750000 79.580399 0.256000 80.875000
677.875000 79.580399 0.256000 80.964996
677.875000 79.580399 0.256000 81.070000
677.875000 79.580399 0.256000 81.160004
677.875000 79.580399 0.256000 81.269997
677.875000 79.580399 0.256000 81.360001
677.875000 79.580399 0.256000 81.470001
677.875000 79.580399 0.256000 81.565002
677.875000 79.580399 0.256000 81.669998
677.875000 79.580399 0.272000 81.764999
678.000000 79.580399 0.272000 81.870003
678.000000 79.580399 0.272000 81.970001
678.000000 79.580399 0.272000 82.059998
678.000000 79.580399 0.272000 82.169998
678.000000 79.580399 0.272000 82.260002
678.000000 79.580399 0.272000 82.370003
678.000000 79.580399 0.272000 82.474998
678.000000 79.580399 0.272000 82.574997
678.000000 79.580399 0.272000 82.669998
678.000000 79.580399 0.278000 82.760002
678.000000 79.580399 0.278000 82.870003
678.000000 79.580399 0.278000 82.959999
678.000000 79.580399 0.278000 83.070000
678.125000 79.580399 0.278000 83.160004
678.375000 79.580399 0.278000 83.269997
678.375000 79.580399 0.278000 83.355003
678.375000 79.580399 0.278000 83.464996
678.375000 79.580399 0.278000 83.570000
678.375000 79.580399 0.278000 83.665001
678.375000 79.580399 0.255000 83.769997
678.375000 79.580399 0.255000 83.855003
678.375000 79.580399 0.255000 83.964996
678.375000 79.580399 0.255000 84.059998
678.375000 79.580399 0.255000 84.165001
678.375000 79.580399 0.255000 84.275002
678.375000 79.580399 0.255000 84.355003
678.375000 79.580399 0.255000 84.464996
678.375000 79.580399 0.255000 84.574997
678.375000 79.580399 0.255000 84.660004
678.375000 79.580399 0.268000 84.775002
678.375000 79.580399 0.268000 84.860001
678.375000 79.580399 0.268000 84.970001
678.375000 79.580399 0.268000 85.074997
678.375000 79.580399 0.268000 85.160004
678.375000 79.580399 0.268000 85.269997
678.375000 79.580399 0.268000 85.360001
678.375000 79.580399 0.268000 85.470001
678.500000 79.580399 0.268000 85.559998
678.500000 79.580399 0.268000 85.669998
678.500000 79.580399 0.265000 85.764999
678.500000 79.580399 0.265000 85.870003
678.500000 79.580399 0.265000 85.955002
678.500000 79.580399 0.265000 86.070000
678.500000 79.580399 0.265000 86.160004
678.500000 79.580399 0.265000 86.264999
678.500000 79.580399 0.265000 86.360001
678.500000 79.580399 0.265000 86.474998
678.500000 79.580399 0.265000 86.559998
678.500000 79.580399 0.265000 86.669998
678.500000 79.580399 0.264000 86.760002
678.500000 79.580399 0.264000 86.875000
678.500000 79.580399 0.264000 86.970001
678.500000 79.580399 0.264000 87.059998
678.500000 79.580399 0.264000 87.165001
678.500000 79.580399 0.264000 87.254997
678.500000 79.580399 0.264000 87.370003
678.625000 79.580399 0.264000 87.459999
678.625000 79.580399 0.264000 87.570000
678.625000 79.580399 0.264000 87.660004
678.625000 79.580399 0.263000 87.769997
678.625000 79.580399 0.263000 87.855003
678.625000 79.580399 0.263000 87.964996
678.625000 79.580399 0.263000 88.070000
678.625000 79.580399 0.263000 88.169998
678.625000 79.580399 0.263000 88.264999
678.625000 79.580399 0.263000 88.360001
678.875000 79.580399 0.263000 88.470001
678.875000 79.580399 0.263000 88.559998
679.000000 79.580399 0.263000 88.669998
679.000000 79.580399 0.262000 88.760002
679.000000 79.580399 0.262000 88.870003
679.000000 79.580399 0.262000 88.955002
679.250000 79.580399 0.262000 89.070000
679.625000 79.580399 0.262000 89.160004
679.750000 79.580399 0.262000 89.269997
679.750000 79.580399 0.262000 89.360001
679.875000 79.580399 0.262000 89.474998
679.875000 79.580399 0.262000 89.559998
680.000000 79.580399 0.262000 89.669998
680.000000 79.580399 0.265000 89.754997
680.000000 79.580399 0.265000 89.860001
680.000000 79.580399 0.265000 89.970001
680.250000 79.580399 0.265000 90.055000
680.250000 79.580399 0.265000 90.160004
680.250000 79.580399 0.265000 90.269997
680.625000 79.580399 0.265000 90.349998
680.750000 79.580399 0.265000 90.464996
680.750000 79.580399 0.265000 90.570000
680.750000 79.580399 0.265000 90.660004
681.000000 79.580399 0.288000 90.764999
681.125000 79.580399 0.288000 90.870003
681.125000 79.580399 0.288000 90.974998
681.125000 79.580399 0.288000 91.070000
681.375000 79.580399 0.288000 91.165001
681.375000 79.580399 0.288000 91.254997
681.375000 79.580399 0.288000 91.370003
681.375000 79.580399 0.288000 91.474998
681.375000 79.580399 0.288000 91.565002
681.375000 79.580399 0.288000 91.669998
681.375000 79.580399 0.265000 91.760002
681.375000 79.580399 0.265000 91.864998
681.375000 79.580399 0.265000 91.974998
681.375000 79.580399 0.265000 92.059998
681.375000 79.580399 0.265000 92.169998
681.375000 79.580399 0.265000 92.254997
681.375000 79.580399 0.265000 92.360001
681.375000 79.580399 0.265000 92.464996
681.375000 79.580399 0.265000 92.559998
681.375000 79.580399 0.265000 92.669998
681.625000 79.580399 0.293000 92.779999
681.625000 79.580399 0.293000 92.860001
681.750000 79.580399 0.293000 92.974998
681.750000 79.580399 0.293000 93.059998
681.750000 79.580399 0.293000 93.165001
681.750000 79.580399 0.293000 93.275002
681.750000 79.580399 0.293000 93.360001
681.750000 79.580399 0.293000 93.470001
681.750000 79.580399 0.293000 93.574997
681.750000 79.580399 0.293000 93.665001
681.750000 79.580399 0.265000 93.769997
681.750000 79.580399 0.265000 93.860001
681.750000 79.580399 0.265000 93.970001
681.750000 79.580399 0.265000 94.059998
681.750000 79.580399 0.265000 94.175003
681.750000 79.580399 0.265000 94.264999
681.750000 79.580399 0.265000 94.370003
681.750000 79.580399 0.265000 94.470001
681.750000 79.580399 0.265000 94.570000
681.750000 79.580399 0.265000 94.669998
681.750000 79.580399 0.293000 94.760002
681.875000 79.580399 0.293000 94.870003
681.875000 79.580399 0.293000 94.959999
681.875000 79.580399 0.293000 95.074997
682.000000 79.580399 0.293000 95.169998
682.000000 79.580399 0.293000 95.254997
682.000000 79.580399 0.293000 95.370003
682.000000 79.580399 0.293000 95.464996
682.000000 79.580399 0.293000 95.570000
682.000000 79.580399 0.293000 95.675003
682.000000 79.580399 0.255000 95.760002
682.000000 79.580399 0.255000 95.864998
682.000000 79.580399 0.255000 95.959999
682.000000 79.580399 0.255000 96.074997
682.000000 79.580399 0.255000 96.160004
682.000000 79.580399 0.255000 96.264999
682.000000 79.580399 0.255000 96.360001
682.000000 79.580399 0.255000 96.480003
682.000000 79.580399 0.255000 96.565002
682.000000 79.580399 0.255000 96.669998
682.000000 79.580399 0.257000 96.775002
682.000000 79.580399 0.257000 96.864998
682.000000 79.580399 0.257000 96.970001
682.000000 79.580399 0.257000 97.055000
682.000000 79.580399 0.257000 97.165001
682.000000 79.580399 0.257000 97.269997
682.000000 79.580399 0.257000 97.360001
682.000000 79.580399 0.257000 97.470001
682.000000 79.580399 0.257000 97.565002
682.000000 79.580399 0.257000 97.669998
682.000000 79.580399 0.257000 97.779999
682.000000 79.580399 0.257000 97.870003
682.000000 79.580399 0.257000 97.959999
682.000000 79.580399 0.257000 98.070000
682.000000 79.580399 0.257000 98.165001
682.000000 79.580399 0.257000 98.264999
682.000000 79.580399 0.257000 98.355003
682.000000 79.580399 0.257000 98.470001
682.000000 79.580399 0.257000 98.574997
682.000000 79.580399 0.257000 98.669998
682.000000 79.580399 0.258000 98.764999
682.000000 79.580399 0.258000 98.860001
682.000000 79.580399 0.258000 98.974998
682.000000 79.580399 0.258000 99.059998
682.000000 79.580399 0.258000 99.169998
682.000000 79.580399 0.258000 99.275002
682.000000 79.580399 0.258000 99.360001
682.000000 79.781548 0.258000 99.474998
682.000000 79.781548 0.258000 99.570000
682.000000 79.986259 0.258000 99.669998
682.000000 80.193199 0.283000 99.769997
682.000000 80.193199 0.283000 99.849998
682.000000 80.393822 0.283000 99.959999
682.000000 80.608307 0.283000 100.070000
682.000000 80.608307 0.283000 100.165001
682.000000 80.815208 0.283000 100.250000
682.000000 81.015518 0.283000 100.364998
682.000000 81.015518 0.283000 100.474998
682.000000 81.015518 0.283000 100.565002
682.000000 81.221619 0.283000 100.669998
682.000000 81.221619 0.266000 100.764999
682.000000 81.221619 0.266000 100.860001
682.000000 81.221619 0.266000 100.970001
682.000000 81.221619 0.266000 101.065002
682.000000 81.221619 0.266000 101.150002
682.125000 81.221619 0.266000 101.260002
682.125000 81.422081 0.266000 101.375000
682.125000 81.422081 0.266000 101.474998
682.125000 81.422081 0.266000 101.565002
682.250000 81.422081 0.266000 101.669998
682.250000 81.422081 0.252000 101.754997
682.250000 81.422081 0.252000 101.864998
682.250000 81.422081 0.252000 101.955002
682.375000 81.422081 0.252000 102.070000
682.375000 81.422081 0.252000 102.160004
682.500000 81.422081 0.252000 102.269997
682.500000 81.422081 0.252000 102.355003
682.500000 81.422081 0.252000 102.459999
682.500000 81.422081 0.252000 102.570000
682.500000 81.422081 0.252000 102.660004
682.500000 81.422081 0.240000 102.769997
682.500000 81.422081 0.240000 102.855003
682.500000 81.422081 0.240000 102.964996
682.500000 81.422081 0.240000 103.070000
682.500000 81.422081 0.240000 103.165001
682.500000 81.422081 0.240000 103.275002
682.500000 81.422081 0.240000 103.360001
682.500000 81.422081 0.240000 103.474998
682.500000 81.422081 0.240000 103.574997
682.500000 81.422081 0.240000 103.669998
682.500000 81.422081 0.244000 103.754997
682.500000 81.422081 0.244000 103.864998
682.500000 81.422081 0.244000 103.974998
682.500000 81.422081 0.244000 104.070000
682.500000 81.422081 0.244000 104.160004
682.500000 81.422081 0.244000 104.264999
682.500000 81.422081 0.244000 104.349998
682.500000 81.422081 0.244000 104.470001
682.500000 81.422081 0.244000 104.555000
682.500000 81.422081 0.244000 104.669998
682.500000 81.422081 0.240000 104.769997
682.500000 81.422081 0.240000 104.864998
682.500000 81.422081 0.240000 104.970001
682.500000 81.422081 0.240000 105.074997
682.500000 81.422081 0.240000 105.165001
682.500000 81.422081 0.240000 105.264999
682.500000 81.422081 0.240000 105.370003
682.500000 81.422081 0.240000 105.464996
682.500000 81.422081 0.240000 105.565002
682.500000 81.422081 0.240000 105.665001
682.500000 81.422081 0.238000 105.760002
682.500000 81.422081 0.238000 105.875000
682.500000 81.422081 0.238000 105.959999
682.500000 81.422081 0.238000 106.070000
682.500000 81.422081 0.238000 106.154999
682.500000 81.422081 0.238000 106.264999
682.500000 81.422081 0.238000 106.375000
682.500000 81.422081 0.238000 106.459999
682.500000 81.422081 0.238000 106.570000
682.500000 81.422081 0.238000 106.669998
682.500000 81.422081 0.245000 106.764999
682.500000 81.422081 0.245000 106.870003
682.500000 81.422081 0.245000 106.974998
682.500000 81.422081 0.245000 107.059998
682.500000 81.422081 0.245000 107.175003
682.500000 81.422081 0.245000 107.260002
682.500000 81.422081 0.245000 107.364998
682.500000 81.422081 0.245000 107.470001
682.500000 81.422081 0.245000 107.555000
682.500000 81.422081 0.245000 107.675003
682.500000 81.422081 0.234000 107.769997
682.500000 81.422081 0.234000 107.855003
682.500000 81.422081 0.234000 107.970001
682.500000 81.422081 0.234000 108.059998
682.500000 81.422081 0.234000 108.169998
682.500000 81.422081 0.234000 108.264999
682.500000 81.422081 0.234000 108.355003
682.500000 81.422081 0.234000 108.459999
682.500000 81.422081 0.234000 108.574997
682.500000 81.422081 0.234000 108.665001
682.500000 81.422081 0.237000 108.769997
682.500000 81.422081 0.237000 108.860001
682.500000 81.422081 0.237000 108.970001
682.500000 81.422081 0.237000 109.055000
682.500000 81.422081 0.237000 109.160004
682.500000 81.422081 0.237000 109.269997
682.500000 81.422081 0.237000 109.360001
682.500000 81.422081 0.237000 109.474998
682.500000 81.422081 0.237000 109.570000
682.500000 81.422081 0.237000 109.654999
682.500000 81.422081 0.239000 109.764999
682.500000 81.422081 0.239000 109.864998
682.500000 81.422081 0.239000 109.974998
682.500000 81.422081 0.239000 110.059998
682.500000 81.422081 0.239000 110.165001
682.500000 81.422081 0.239000 110.260002
682.500000 81.422081 0.239000 110.370003
682.500000 81.422081 0.239000 110.455002
682.500000 81.422081 0.239000 110.570000
682.500000 81.422081 0.239000 110.660004
682.500000 81.422081 0.237000 110.764999
682.500000 81.422081 0.237000 110.875000
682.500000 81.422081 0.237000 110.959999
682.500000 81.422081 0.237000 111.065002
682.500000 81.422081 0.237000 111.175003
682.500000 81.422081 0.237000 111.264999
682.500000 81.422081 0.237000 111.364998
682.500000 81.422081 0.237000 111.470001
682.500000 81.422081 0.237000 111.555000
682.500000 81.422081 0.237000 111.660004
682.500000 81.422081 0.243000 111.775002
682.500000 81.422081 0.243000 111.870003
682.500000 81.422081 0.243000 111.974998
682.500000 81.422081 0.243000 112.059998
682.500000 81.422081 0.243000 112.169998
682.500000 81.422081 0.243000 112.269997
682.500000 81.422081 0.243000 112.360001
682.500000 81.422081 0.243000 112.470001
682.500000 81.422081 0.243000 112.559998
682.500000 81.422081 0.243000 112.669998
682.500000 81.422081 0.235000 112.760002
682.500000 81.422081 0.235000 112.870003
682.500000 81.422081 0.235000 112.955002
682.500000 81.422081 0.235000 113.070000
682.500000 81.422081 0.235000 113.165001
682.500000 81.422081 0.235000 113.275002
682.500000 81.422081 0.235000 113.370003
682.500000 81.422081 0.235000 113.470001
682.500000 81.422081 0.235000 113.574997
682.500000 81.422081 0.235000 113.660004
682.500000 81.422081 0.236000 113.775002
682.500000 81.422081 0.236000 113.860001
682.500000 81.422081 0.236000 113.970001
682.500000 81.422081 0.236000 114.055000
682.500000 81.422081 0.236000 114.165001
682.500000 81.422081 0.236000 114.275002
682.500000 81.422081 0.236000 114.360001
682.500000 81.422081 0.236000 114.474998
682.500000 81.422081 0.236000 114.565002
682.500000 81.422081 0.236000 114.669998
682.500000 81.422081 0.240000 114.769997
682.500000 81.422081 0.240000 114.860001
682.625000 81.422081 0.240000 114.970001
682.625000 81.422081 0.240000 115.059998
682.625000 81.422081 0.240000 115.175003
682.625000 81.422081 0.240000 115.260002
682.625000 81.422081 0.240000 115.370003
682.625000 81.422081 0.240000 115.459999
682.625000 81.422081 0.240000 115.565002
682.625000 81.422081 0.240000 115.669998
682.625000 81.422081 0.238000 115.754997
682.625000 81.422081 0.238000 115.864998
682.625000 81.422081 0.238000 115.964996
682.625000 81.422081 0.238000 116.055000
682.625000 81.422081 0.238000 116.169998
682.625000 81.422081 0.238000 116.254997
682.625000 81.422081 0.238000 116.364998
682.625000 81.422081 0.238000 116.470001
682.625000 81.422081 0.238000 116.555000
682.625000 81.422081 0.238000 116.669998
682.625000 81.422081 0.234000 116.754997
682.625000 81.422081 0.234000 116.875000
682.750000 81.422081 0.234000 116.959999
682.750000 81.422081 0.234000 117.074997
682.750000 81.422081 0.234000 117.165001
682.750000 81.422081 0.234000 117.269997
682.750000 81.422081 0.234000 117.360001
682.750000 81.422081 0.234000 117.470001
682.750000 81.422081 0.234000 117.555000
682.750000 81.422081 0.234000 117.660004
682.750000 81.422081 0.245000 117.769997
682.750000 81.422081 0.245000 117.860001
682.750000 81.422081 0.245000 117.970001
682.750000 81.422081 0.245000 118.065002
682.750000 81.422081 0.245000 118.165001
682.750000 81.422081 0.245000 118.269997
682.750000 81.422081 0.245000 118.355003
682.750000 81.422081 0.245000 118.464996
682.750000 81.422081 0.245000 118.570000
683.000000 81.422081 0.245000 118.675003
683.000000 81.422081 0.244000 118.760002
683.250000 81.422081 0.244000 118.864998
683.500000 81.422081 0.244000 118.949997
683.500000 81.422081 0.244000 119.065002
683.500000 81.422081 0.244000 119.154999
683.875000 81.422081 0.244000 119.275002
683.875000 81.422081 0.244000 119.360001
683.875000 81.422081 0.244000 119.470001
684.125000 81.422081 0.244000 119.559998
684.250000 81.422081 0.244000 119.675003
684.250000 81.422081 0.237000 119.769997
684.500000 81.422081 0.237000 119.860001
684.500000 81.422081 0.237000 119.970001
684.500000 81.422081 0.237000 120.055000
684.500000 81.422081 0.237000 120.169998
684.625000 81.422081 0.237000 120.260002
684.750000 81.422081 0.237000 120.370003
684.750000 81.422081 0.237000 120.474998
684.750000 81.422081 0.237000 120.570000
684.750000 81.422081 0.237000 120.660004
684.750000 81.422081 0.268000 120.764999
684.750000 81.422081 0.268000 120.860001
684.750000 81.422081 0.268000 120.974998
684.750000 81.422081 0.268000 121.065002
684.750000 81.422081 0.268000 121.169998
684.750000 81.422081 0.268000 121.260002
684.750000 81.422081 0.268000 121.370003
684.750000 81.422081 0.268000 121.470001
684.750000 81.422081 0.268000 121.559998
684.750000 81.422081 0.268000 121.665001
684.750000 81.422081 0.237000 121.754997
684.750000 81.422081 0.237000 121.875000
684.875000 81.422081 0.237000 121.959999
684.875000 81.422081 0.237000 122.070000
684.875000 81.422081 0.237000 122.160004
684.875000 81.422081 0.237000 122.269997
684.875000 81.422081 0.237000 122.375000
684.875000 81.422081 0.237000 122.464996
684.875000 81.422081 0.237000 122.574997
684.875000 81.422081 0.237000 122.654999
684.875000 81.422081 0.236000 122.760002
684.875000 81.422081 0.236000 122.860001
684.875000 81.422081 0.236000 122.964996
684.875000 81.422081 0.236000 123.065002
685.000000 81.422081 0.236000 123.169998
685.000000 81.422081 0.236000 123.275002
685.000000 81.422081 0.236000 123.360001
685.125000 81.422081 0.236000 123.470001
685.125000 81.422081 0.236000 123.555000
685.250000 81.422081 0.236000 123.669998
685.250000 81.422081 0.243000 123.760002
685.250000 81.422081 0.243000 123.870003
685.250000 81.422081 0.243000 123.974998
685.250000 81.422081 0.243000 124.065002
685.250000 81.422081 0.243000 124.169998
685.375000 81.422081 0.243000 124.269997
685.375000 81.422081 0.243000 124.360001
685.500000 81.422081 0.243000 124.470001
685.500000 81.422081 0.243000 124.555000
685.500000 81.422081 0.243000 124.665001
685.625000 81.422081 0.247000 124.775002
685.625000 81.422081 0.247000 124.879997
685.625000 81.422081 0.247000 124.970001
685.625000 81.422081 0.247000 125.059998
685.625000 81.422081 0.247000 125.175003
685.625000 81.422081 0.247000 125.269997
685.625000 81.422081 0.247000 125.370003
685.625000 81.422081 0.247000 125.459999
685.625000 81.422081 0.247000 125.570000
685.625000 81.422081 0.247000 125.675003
685.625000 81.422081 0.237000 125.760002
685.625000 81.422081 0.237000 125.870003
685.625000 81.422081 0.237000 125.970001
685.625000 81.422081 0.237000 126.059998
685.625000 81.422081 0.237000 126.165001
685.625000 81.422081 0.237000 126.269997
685.625000 81.422081 0.237000 126.360001
685.625000 81.422081 0.237000 126.470001
685.625000 81.422081 0.237000 126.570000
685.625000 81.422081 0.237000 126.660004
685.625000 81.422081 0.250000 126.769997
685.625000 81.422081 0.250000 126.855003
685.625000 81.422081 0.250000 126.964996
685.625000 81.422081 0.250000 127.059998
685.625000 81.422081 0.250000 127.150002
685.625000 81.422081 0.250000 127.260002
685.625000 81.422081 0.250000 127.370003
685.625000 81.422081 0.250000 127.455002
685.625000 81.422081 0.250000 127.570000
685.625000 81.422081 0.250000 127.675003
685.625000 81.422081 0.234000 127.760002
685.625000 81.422081 0.234000 127.870003
685.625000 81.422081 0.234000 127.959999
685.625000 81.422081 0.234000 128.070007
685.625000 81.422081 0.234000 128.154999
685.625000 81.422081 0.234000 128.259995
685.625000 81.422081 0.234000 128.365005
685.625000 81.422081 0.234000 128.464996
685.625000 81.422081 0.234000 128.574997
685.625000 81.422081 0.234000 128.669998
685.625000 81.422081 0.238000 128.759995
685.625000 81.422081 0.238000 128.865005
685.625000 81.422081 0.238000 128.960007
685.625000 81.422081 0.238000 129.054993
685.625000 81.422081 0.238000 129.160004
685.625000 81.422081 0.238000 129.270004
685.625000 81.422081 0.238000 129.350006
685.625000 81.422081 0.238000 129.464996
685.625000 81.422081 0.238000 129.570007
685.625000 81.422081 0.238000 129.660004
685.625000 81.422081 0.239000 129.764999
685.625000 81.422081 0.239000 129.865005
685.625000 81.422081 0.239000 129.970001
685.625000 81.422081 0.239000 130.059998
685.625000 81.422081 0.239000 130.169998
685.625000 81.422081 0.239000 130.259995
685.625000 81.422081 0.239000 130.365005
685.625000 81.422081 0.239000 130.460007
685.625000 81.422081 0.239000 130.570007
685.625000 81.422081 0.239000 130.654999
685.625000 81.422081 0.237000 130.759995
685.625000 81.422081 0.237000 130.875000
685.625000 81.422081 0.237000 130.979996
685.625000 81.422081 0.237000 131.054993
685.625000 81.422081 0.237000 131.160004
685.625000 81.422081 0.237000 131.270004
685.625000 81.422081 0.237000 131.365005
685.625000 81.422081 0.237000 131.475006
685.625000 81.422081 0.237000 131.559998
685.625000 81.422081 0.237000 131.669998
685.625000 81.422081 0.240000 131.774994
685.625000 81.422081 0.240000 131.865005
685.625000 81.422081 0.240000 131.964996
685.625000 81.422081 0.240000 132.059998
685.625000 81.422081 0.240000 132.169998
685.625000 81.422081 0.240000 132.270004
685.625000 81.422081 0.240000 132.369995
685.625000 81.422081 0.240000 132.455002
685.625000 81.422081 0.240000 132.559998
685.625000 81.422081 0.240000 132.664993
685.625000 81.422081 0.244000 132.779999
685.625000 81.422081 0.244000 132.860001
685.625000 81.422081 0.244000 132.970001
685.625000 81.422081 0.244000 133.059998
685.625000 81.422081 0.244000 133.175003
685.625000 81.422081 0.244000 133.259995
685.625000 81.422081 0.244000 133.369995
685.625000 81.422081 0.244000 133.464996
685.625000 81.422081 0.244000 133.570007
685.750000 81.422081 0.244000 133.660004
685.750000 81.422081 0.263000 133.770004
685.750000 81.422081 0.263000 133.860001
685.750000 81.422081 0.263000 133.966003
685.750000 81.422081 0.263000 134.070007
685.750000 81.422081 0.263000 134.160004
685.750000 81.422081 0.263000 134.270004
685.750000 81.422081 0.263000 134.360001
685.750000 81.422081 0.263000 134.475006
685.750000 81.422081 0.263000 134.559998
685.750000 81.422081 0.263000 134.669998
685.750000 81.422081 0.245000 134.770004
686.000000 81.422081 0.245000 134.860001
686.000000 81.422081 0.245000 134.970001
686.000000 81.422081 0.245000 135.054993
686.000000 81.422081 0.245000 135.160004
686.000000 81.422081 0.245000 135.274994
686.000000 81.422081 0.245000 135.380005
686.000000 81.422081 0.245000 135.479996
686.000000 81.422081 0.245000 135.565002
686.000000 81.422081 0.245000 135.669998
686.000000 81.422081 0.250000 135.774994
686.000000 81.422081 0.250000 135.869995
686.000000 81.422081 0.250000 135.955002
686.000000 81.422081 0.250000 136.070007
686.000000 81.422081 0.250000 136.154999
686.000000 81.422081 0.250000 136.270004
686.000000 81.422081 0.250000 136.360001
686.000000 81.422081 0.250000 136.470001
686.000000 81.422081 0.250000 136.559998
686.000000 81.422081 0.250000 136.675003
686.000000 81.422081 0.246000 136.759995
686.000000 81.422081 0.246000 136.860001
686.000000 81.422081 0.246000 136.975006
686.000000 81.422081 0.246000 137.059998
686.000000 81.422081 0.246000 137.175003
686.000000 81.422081 0.246000 137.264999
686.000000 81.422081 0.246000 137.369995
686.000000 81.422081 0.246000 137.464996
686.000000 81.422081 0.246000 137.559998
686.000000 81.422081 0.246000 137.675003
686.000000 81.422081 0.236000 137.755005
686.000000 81.422081 0.236000 137.869995
686.000000 81.422081 0.236000 137.975006
686.000000 81.422081 0.236000 138.070007
686.000000 81.422081 0.236000 138.164993
686.000000 81.422081 0.236000 138.264999
686.000000 81.422081 0.236000 138.380005
686.000000 81.422081 0.236000 138.460007
686.000000 81.422081 0.236000 138.570007
686.125000 81.422081 0.236000 138.660004
686.125000 81.422081 0.238000 138.764999
686.125000 81.422081 0.238000 138.865005
686.125000 81.422081 0.238000 138.960007
686.125000 81.422081 0.238000 139.065002
686.125000 81.422081 0.238000 139.169998
686.125000 81.422081 0.238000 139.250000
686.125000 81.422081 0.238000 139.369995
686.125000 81.422081 0.238000 139.455002
686.125000 81.422081 0.238000 139.559998
686.125000 81.422081 0.238000 139.669998
686.125000 81.422081 0.236000 139.755005
686.125000 81.422081 0.236000 139.869995
686.125000 81.422081 0.236000 139.955002
686.125000 81.422081 0.236000 140.070007
686.125000 81.422081 0.236000 140.175003
686.125000 81.422081 0.236000 140.259995
686.125000 81.422081 0.236000 140.369995
686.125000 81.422081 0.236000 140.464996
686.125000 81.422081 0.236000 140.570007
686.125000 81.422081 0.236000 140.660004
686.125000 81.422081 0.238000 140.770004
686.125000 81.422081 0.238000 140.869995
686.125000 81.422081 0.238000 140.955002
686.125000 81.422081 0.238000 141.065002
686.125000 81.422081 0.238000 141.175003
686.125000 81.422081 0.238000 141.259995
686.125000 81.422081 0.238000 141.365005
686.125000 81.422081 0.238000 141.470001
686.125000 81.422081 0.238000 141.554993
686.125000 81.422081 0.238000 141.660004
686.125000 81.422081 0.238000 141.770004
686.125000 81.422081 0.238000 141.865005
686.125000 81.422081 0.238000 141.960007
686.125000 81.422081 0.238000 142.070007
686.125000 81.422081 0.238000 142.175003
686.125000 81.422081 0.238000 142.264999
686.125000 81.422081 0.238000 142.375000
686.125000 81.422081 0.238000 142.470001
686.125000 81.422081 0.238000 142.554993
686.125000 81.422081 0.238000 142.660004
686.125000 81.422081 0.241000 142.764999
686.125000 81.422081 0.241000 142.854996
686.125000 81.422081 0.241000 142.975006
686.125000 81.422081 0.241000 143.059998
686.125000 81.422081 0.241000 143.169998
686.125000 81.422081 0.241000 143.270004
686.125000 81.422081 0.241000 143.369995
686.125000 81.422081 0.241000 143.464996
686.125000 81.422081 0.241000 143.559998
686.125000 81.422081 0.241000 143.669998
686.125000 81.422081 0.235000 143.759995
686.125000 81.422081 0.235000 143.854996
686.125000 81.422081 0.235000 143.964996
686.125000 81.422081 0.235000 144.070007
686.125000 81.422081 0.235000 144.160004
686.125000 81.422081 0.235000 144.270004
686.125000 81.422081 0.235000 144.360001
686.125000 81.422081 0.235000 144.475006
686.125000 81.422081 0.235000 144.565002
686.125000 81.422081 0.235000 144.669998
686.125000 81.422081 0.239000 144.774994
686.125000 81.422081 0.239000 144.860001
686.125000 81.422081 0.239000 144.964996
686.125000 81.422081 0.239000 145.054993
686.125000 81.422081 0.239000 145.160004
686.125000 81.422081 0.239000 145.274994
686.125000 81.422081 0.239000 145.360001
686.125000 81.422081 0.239000 145.470001
686.125000 81.422081 0.239000 145.559998
686.125000 81.422081 0.239000 145.664993
686.125000 81.422081 0.244000 145.770004
686.125000 81.422081 0.244000 145.875000
686.125000 81.422081 0.244000 145.960007
686.125000 81.422081 0.244000 146.070007
686.125000 81.422081 0.244000 146.154999
686.125000 81.422081 0.244000 146.270004
686.125000 81.422081 0.244000 146.360001
686.125000 81.422081 0.244000 146.464996
686.125000 81.422081 0.244000 146.559998
686.125000 81.422081 0.244000 146.669998
686.125000 81.422081 0.241000 146.759995
686.125000 81.422081 0.241000 146.869995
686.125000 81.422081 0.241000 146.960007
686.125000 81.422081 0.241000 147.070007
686.125000 81.422081 0.241000 147.160004
686.125000 81.422081 0.241000 147.274994
686.125000 81.422081 0.241000 147.369995
686.125000 81.422081 0.241000 147.460007
686.125000 81.422081 0.241000 147.554993
686.125000 81.422081 0.234000 147.660004
686.125000 81.422081 0.234000 147.764999
686.125000 81.422081 0.234000 147.875000
686.125000 81.422081 0.234000 147.975006
686.125000 81.422081 0.234000 148.070007
686.125000 81.422081 0.234000 148.175003
686.125000 81.422081 0.234000 148.259995
686.125000 81.422081 0.234000 148.369995
686.125000 81.422081 0.234000 148.460007
686.125000 81.422081 0.234000 148.570007
686.125000 81.422081 0.234000 148.660004
686.125000 81.422081 0.256000 148.770004
686.125000 81.422081 0.256000 148.854996
686.250000 81.422081 0.256000 148.964996
686.250000 81.422081 0.256000 149.054993
686.250000 81.422081 0.256000 149.164993
686.250000 81.422081 0.256000 149.270004
686.250000 81.422081 0.256000 149.365005
686.250000 81.422081 0.256000 149.475006
686.250000 81.422081 0.256000 149.574997
686.250000 81.422081 0.256000 149.660004
686.375000 81.422081 0.237000 149.774994
686.375000 81.422081 0.237000 149.854996
686.375000 81.422081 0.237000 149.975006
686.375000 81.422081 0.237000 150.054993
686.375000 81.422081 0.237000 150.169998
686.375000 81.422081 0.237000 150.255005
686.375000 81.422081 0.237000 150.365005
686.375000 81.422081 0.237000 150.470001
686.375000 81.422081 0.237000 150.574997
686.375000 81.422081 0.237000 150.660004
686.375000 81.422081 0.259000 150.770004
686.500000 81.422081 0.259000 150.860001
686.500000 81.422081 0.259000 150.970001
686.500000 81.422081 0.259000 151.059998
686.500000 81.422081 0.259000 151.164993
686.625000 81.422081 0.259000 151.270004
686.750000 81.422081 0.259000 151.360001
686.875000 81.422081 0.259000 151.464996
686.875000 81.422081 0.259000 151.574997
686.875000 81.422081 0.259000 151.660004
686.875000 81.422081 0.240000 151.770004
687.000000 81.422081 0.240000 151.860001
687.125000 81.422081 0.240000 151.964996
687.125000 81.422081 0.240000 152.070007
687.125000 81.422081 0.240000 152.160004
687.125000 81.422081 0.240000 152.274994
687.125000 81.422081 0.240000 152.360001
687.125000 81.422081 0.240000 152.475006
687.125000 81.422081 0.240000 152.559998
687.250000 81.422081 0.240000 152.664993
687.250000 81.422081 0.240000 152.770004
687.250000 81.422081 0.240000 152.860001
687.250000 81.422081 0.240000 152.964996
687.250000 81.422081 0.240000 153.074997
687.250000 81.422081 0.240000 153.160004
687.250000 81.422081 0.240000 153.274994
687.250000 81.422081 0.240000 153.360001
687.250000 81.422081 0.240000 153.470001
687.250000 81.422081 0.240000 153.559998
687.250000 81.422081 0.240000 153.669998
687.250000 81.422081 0.246000 153.759995
687.250000 81.422081 0.246000 153.865005
687.250000 81.422081 0.246000 153.960007
687.250000 81.422081 0.246000 154.065002
687.250000 81.422081 0.246000 154.169998
687.250000 81.422081 0.246000 154.255005
687.250000 81.422081 0.246000 154.369995
687.250000 81.422081 0.246000 154.455002
687.250000 81.422081 0.246000 154.570007
687.250000 81.422081 0.246000 154.660004
687.250000 81.422081 0.235000 154.759995
687.250000 81.422081 0.235000 154.869995
687.250000 81.422081 0.235000 154.975006
687.250000 81.422081 0.235000 155.065002
687.250000 81.422081 0.235000 155.169998
687.250000 81.422081 0.235000 155.255005
687.250000 81.422081 0.235000 155.365005
687.250000 81.422081 0.235000 155.475006
687.250000 81.422081 0.235000 155.554993
687.250000 81.422081 0.235000 155.669998
687.250000 81.422081 0.236000 155.770004
687.250000 81.422081 0.236000 155.860001
687.250000 81.422081 0.236000 155.970001
687.250000 81.422081 0.236000 156.059998
687.250000 81.422081 0.236000 156.169998
687.250000 81.422081 0.236000 156.259995
687.250000 81.422081 0.236000 156.375000
687.250000 81.422081 0.236000 156.455002
687.250000 81.422081 0.236000 156.565002
687.250000 81.422081 0.236000 156.669998
687.250000 81.422081 0.236000 156.759995
687.250000 81.422081 0.236000 156.869995
687.250000 81.422081 0.236000 156.960007
687.250000 81.422081 0.236000 157.065002
687.250000 81.422081 0.236000 157.164993
687.250000 81.422081 0.236000 157.259995
687.250000 81.422081 0.236000 157.369995
687.250000 81.422081 0.236000 157.475006
687.250000 81.422081 0.236000 157.570007
687.250000 81.422081 0.236000 157.654999
687.375000 81.422081 0.254000 157.774994
687.375000 81.422081 0.254000 157.860001
687.375000 81.422081 0.254000 157.970001
687.375000 81.422081 0.254000 158.059998
687.375000 81.422081 0.254000 158.169998
687.375000 81.422081 0.254000 158.259995
687.375000 81.422081 0.254000 158.369995
687.375000 81.422081 0.254000 158.449997
687.500000 81.422081 0.254000 158.559998
687.500000 81.422081 0.254000 158.669998
687.500000 81.422081 0.238000 158.774994
687.500000 81.422081 0.238000 158.869995
687.500000 81.422081 0.238000 158.970001
687.500000 81.422081 0.238000 159.054993
687.500000 81.422081 0.238000 159.160004
687.500000 81.422081 0.238000 159.270004
687.500000 81.422081 0.238000 159.360001
687.500000 81.422081 0.238000 159.475006
687.500000 81.422081 0.238000 159.559998
687.500000 81.422081 0.238000 159.669998
687.500000 81.422081 0.248000 159.759995
687.500000 81.422081 0.248000 159.869995
687.500000 81.422081 0.248000 159.960007
687.500000 81.422081 0.248000 160.070007
687.500000 81.422081 0.248000 160.169998
687.500000 81.422081 0.248000 160.259995
687.500000 81.422081 0.248000 160.375000
687.500000 81.422081 0.248000 160.460007
687.500000 81.422081 0.248000 160.570007
687.500000 81.422081 0.248000 160.654999
687.500000 81.422081 0.246000 160.759995
687.500000 81.422081 0.246000 160.869995
687.500000 81.422081 0.246000 160.955002
687.500000 81.422081 0.246000 161.070007
687.500000 81.422081 0.246000 161.169998
687.500000 81.422081 0.246000 161.270004
687.500000 81.422081 0.246000 161.360001
687.500000 81.422081 0.246000 161.470001
687.500000 81.422081 0.246000 161.559998
687.500000 81.422081 0.246000 161.660004
687.500000 81.422081 0.241000 161.764999
687.500000 81.422081 0.241000 161.854996
687.500000 81.422081 0.241000 161.970001
687.500000 81.422081 0.241000 162.054993
687.500000 81.422081 0.241000 162.164993
687.500000 81.422081 0.241000 162.270004
687.500000 81.422081 0.241000 162.354996
687.625000 81.422081 0.241000 162.460007
687.625000 81.422081 0.241000 162.565002
687.625000 81.422081 0.241000 162.654999
687.625000 81.422081 0.236000 162.759995
687.625000 81.422081 0.236000 162.869995
687.625000 81.422081 0.236000 162.970001
687.625000 81.422081 0.236000 163.059998
687.625000 81.422081 0.236000 163.169998
687.625000 81.422081 0.236000 163.255005
687.625000 81.422081 0.236000 163.365005
687.625000 81.422081 0.236000 163.475006
687.625000 81.422081 0.236000 163.565002
687.625000 81.422081 0.236000 163.669998
687.625000 81.422081 0.263000 163.770004
687.625000 81.422081 0.263000 163.860001
687.625000 81.422081 0.263000 163.975006
687.625000 81.422081 0.263000 164.059998
687.625000 81.422081 0.263000 164.169998
687.625000 81.422081 0.263000 164.259995
687.625000 81.422081 0.263000 164.369995
687.625000 81.422081 0.263000 164.455002
687.625000 81.422081 0.263000 164.559998
687.625000 81.422081 0.263000 164.669998
687.625000 81.422081 0.246000 164.759995
687.625000 81.422081 0.246000 164.869995
687.625000 81.422081 0.246000 164.955002
687.625000 81.422081 0.246000 165.059998
687.625000 81.422081 0.246000 165.169998
687.625000 81.422081 0.246000 165.259995
687.625000 81.422081 0.246000 165.369995
687.625000 81.422081 0.246000 165.464996
687.625000 81.422081 0.246000 165.570007
687.625000 81.422081 0.246000 165.654999
687.625000 81.422081 0.246000 165.770004
687.625000 81.422081 0.246000 165.869995
687.625000 81.422081 0.246000 165.964996
687.625000 81.422081 0.246000 166.070007
687.625000 81.422081 0.246000 166.164993
687.625000 81.422081 0.246000 166.264999
