95.125000 0.000000 0.204000 0.080000
112.625000 0.212734 0.204000 0.180000
123.625000 0.417602 0.204000 0.275000
131.750000 0.417602 0.204000 0.380000
139.500000 0.623627 0.204000 0.475000
147.375000 0.846844 0.204000 0.580000
152.750000 1.053518 0.233000 0.675000
159.750000 1.262507 0.233000 0.770000
167.000000 1.462709 0.233000 0.870000
171.750000 1.672452 0.233000 0.975000
175.750000 1.882383 0.233000 1.070000
180.250000 2.121998 0.233000 1.175000
184.750000 2.331817 0.233000 1.270000
188.625000 2.541813 0.233000 1.375000
192.250000 2.761622 0.233000 1.475000
194.875000 2.971294 0.233000 1.575000
197.625000 3.180581 0.251000 1.670000
200.000000 3.180581 0.251000 1.770000
203.125000 3.412344 0.251000 1.875000
204.625000 3.628142 0.251000 1.980000
207.500000 3.628142 0.251000 2.070000
210.875000 3.830629 0.251000 2.160000
213.000000 3.830629 0.251000 2.260000
215.750000 3.830629 0.251000 2.375000
217.375000 3.830629 0.251000 2.475000
219.250000 3.830629 0.251000 2.570000
221.500000 4.030705 0.242000 2.675000
222.125000 4.030705 0.242000 2.775000
223.625000 4.030705 0.242000 2.875000
224.500000 4.030705 0.242000 2.970000
225.625000 4.030705 0.242000 3.080000
226.875000 4.030705 0.242000 3.175000
227.250000 4.030705 0.242000 3.275000
227.250000 4.030705 0.242000 3.370000
228.125000 4.030705 0.242000 3.470000
228.750000 4.030705 0.200000 3.575000
228.875000 4.030705 0.200000 3.670000
229.000000 4.030705 0.200000 3.775000
229.500000 4.030705 0.200000 3.875000
231.125000 4.030705 0.200000 3.970000
232.750000 4.030705 0.200000 4.070000
234.250000 4.235677 0.200000 4.170000
236.500000 4.235677 0.200000 4.280000
238.125000 4.437907 0.200000 4.365000
239.125000 4.643895 0.200000 4.470000
241.250000 4.643895 0.200000 4.570000
241.875000 4.862042 0.209000 4.670000
242.750000 5.065743 0.209000 4.770000
244.250000 5.065743 0.209000 4.870000
244.750000 5.271193 0.209000 4.960000
246.250000 5.271193 0.209000 5.075000
246.625000 5.471780 0.209000 5.165000
247.625000 5.471780 0.209000 5.275000
248.125000 5.671792 0.209000 5.370000
248.875000 5.671792 0.209000 5.475000
249.625000 5.671792 0.209000 5.570000
250.250000 5.671792 0.235000 5.670000
251.000000 5.873799 0.235000 5.775000
251.250000 5.873799 0.235000 5.875000
251.375000 6.078704 0.235000 5.970000
252.750000 6.078704 0.235000 6.070000
253.250000 6.294655 0.235000 6.170000
254.250000 6.294655 0.235000 6.275000
254.875000 6.497486 0.235000 6.365000
256.375000 6.699471 0.235000 6.465000
257.625000 6.903339 0.235000 6.565000
258.375000 7.104083 0.258000 6.675000
259.250000 7.309308 0.258000 6.770000
260.125000 7.512103 0.258000 6.875000
261.125000 7.512103 0.258000 6.970000
261.875000 7.738424 0.258000 7.075000
263.500000 7.956643 0.258000 7.175000
265.875000 8.165805 0.258000 7.270000
268.000000 8.375505 0.258000 7.365000
270.125000 8.585488 0.258000 7.475000
273.250000 8.785583 0.258000 7.570000
274.875000 9.025405 0.257000 7.675000
276.375000 9.225979 0.257000 7.770000
278.000000 9.432303 0.257000 7.870000
279.625000 9.432303 0.257000 7.975000
281.375000 9.632980 0.257000 8.070000
282.250000 9.632980 0.257000 8.175000
283.375000 9.632980 0.257000 8.275000
284.500000 9.833542 0.257000 8.370000
285.625000 9.833542 0.257000 8.470000
286.125000 9.833542 0.257000 8.570000
286.375000 9.833542 0.254000 8.670000
287.250000 9.833542 0.254000 8.775000
288.375000 9.833542 0.254000 8.870000
289.250000 9.833542 0.254000 8.970000
289.500000 9.833542 0.254000 9.075000
289.750000 9.833542 0.254000 9.170000
290.250000 9.833542 0.254000 9.270000
290.625000 9.833542 0.254000 9.370000
290.875000 9.833542 0.254000 9.475000
291.625000 9.833542 0.254000 9.570000
291.750000 9.833542 0.275000 9.670000
291.875000 9.833542 0.275000 9.770000
292.000000 9.833542 0.275000 9.865000
292.125000 9.833542 0.275000 9.975000
292.500000 9.833542 0.275000 10.075000
292.875000 10.033692 0.275000 10.165000
293.375000 10.242701 0.275000 10.275000
293.875000 10.242701 0.275000 10.370000
294.125000 10.448359 0.275000 10.475000
294.500000 10.672878 0.275000 10.565000
294.750000 10.672878 0.232000 10.670000
295.500000 10.897933 0.232000 10.775000
295.625000 11.099314 0.232000 10.870000
296.250000 11.343476 0.232000 10.975000
296.750000 11.557368 0.232000 11.065000
297.000000 11.774403 0.232000 11.175000
297.125000 11.982965 0.232000 11.275000
297.750000 12.191858 0.232000 11.370000
298.750000 12.400819 0.232000 11.475000
299.500000 12.400819 0.232000 11.560000
300.750000 12.610017 0.261000 11.670000
301.625000 12.819633 0.261000 11.775000
302.625000 13.049554 0.261000 11.860000
303.500000 13.269642 0.261000 11.965000
304.375000 13.499863 0.261000 12.070000
305.750000 13.738631 0.261000 12.175000
306.500000 13.946101 0.261000 12.265000
307.500000 14.152343 0.261000 12.375000
308.500000 14.152343 0.261000 12.455000
309.375000 14.363922 0.261000 12.570000
309.875000 14.573362 0.294000 12.675000
310.750000 14.807340 0.294000 12.780000
311.250000 14.807340 0.294000 12.865000
312.000000 15.011683 0.294000 12.970000
312.625000 15.212726 0.294000 13.075000
313.000000 15.418437 0.294000 13.175000
313.625000 15.418437 0.294000 13.270000
314.125000 15.619451 0.294000 13.370000
314.875000 15.619451 0.294000 13.460000
315.125000 15.821102 0.294000 13.575000
315.375000 15.821102 0.248000 13.665000
315.750000 15.821102 0.248000 13.780000
316.375000 15.821102 0.248000 13.865000
317.500000 15.821102 0.248000 13.975000
317.625000 15.821102 0.248000 14.065000
317.625000 15.821102 0.248000 14.175000
317.750000 16.021345 0.248000 14.260000
318.125000 16.021345 0.248000 14.365000
318.375000 16.021345 0.248000 14.470000
318.500000 16.021345 0.248000 14.560000
318.625000 16.021345 0.230000 14.665000
318.875000 16.021345 0.230000 14.775000
319.250000 16.021345 0.230000 14.855000
319.750000 16.021345 0.230000 14.965000
319.875000 16.224678 0.230000 15.070000
320.375000 16.224678 0.230000 15.160000
320.875000 16.447403 0.230000 15.265000
320.875000 16.447403 0.230000 15.370000
321.875000 16.657263 0.230000 15.475000
322.625000 16.867657 0.230000 15.580000
323.000000 16.867657 0.241000 15.675000
323.750000 17.073965 0.241000 15.765000
324.250000 17.274380 0.241000 15.870000
324.625000 17.476213 0.241000 15.965000
325.000000 17.476213 0.241000 16.075001
325.625000 17.686428 0.241000 16.155001
325.875000 17.889858 0.241000 16.275000
326.625000 18.093939 0.241000 16.360001
327.625000 18.093939 0.241000 16.465000
328.375000 18.323774 0.241000 16.575001
329.000000 18.570803 0.225000 16.674999
330.250000 18.777718 0.225000 16.764999
331.000000 18.980654 0.225000 16.870001
331.625000 19.187469 0.225000 16.975000
332.250000 19.387474 0.225000 17.075001
332.875000 19.387474 0.225000 17.160000
334.125000 19.596382 0.225000 17.264999
334.750000 19.805799 0.225000 17.375000
335.500000 20.025423 0.225000 17.459999
336.625000 20.245157 0.225000 17.570000
338.125000 20.453915 0.215000 17.674999
339.000000 20.659309 0.215000 17.764999
339.750000 20.864544 0.215000 17.875000
341.125000 21.100054 0.215000 17.975000
342.125000 21.326359 0.215000 18.080000
342.750000 21.533121 0.215000 18.174999
343.375000 21.739874 0.215000 18.264999
344.500000 21.946594 0.215000 18.370001
346.000000 21.946594 0.215000 18.469999
347.125000 22.153316 0.215000 18.565001
348.250000 22.360180 0.262000 18.674999
349.250000 22.586313 0.262000 18.770000
350.250000 22.792852 0.262000 18.865000
351.000000 22.998556 0.262000 18.969999
352.250000 23.206738 0.262000 19.075001
352.750000 23.206738 0.262000 19.160000
353.625000 23.407616 0.262000 19.280001
354.750000 23.613214 0.262000 19.365000
356.375000 23.818125 0.262000 19.475000
357.875000 23.818125 0.262000 19.580000
358.750000 24.046299 0.265000 19.665001
359.750000 24.259497 0.265000 19.770000
360.875000 24.259497 0.265000 19.870001
362.375000 24.465921 0.265000 19.969999
363.375000 24.667860 0.265000 20.059999
364.000000 24.883118 0.265000 20.165001
365.375000 25.086432 0.265000 20.275000
366.750000 25.293180 0.265000 20.365000
368.000000 25.501709 0.265000 20.459999
368.625000 25.711105 0.265000 20.570000
368.875000 25.940493 0.222000 20.660000
370.125000 26.156773 0.222000 20.775000
371.250000 26.362701 0.222000 20.865000
372.375000 26.569580 0.222000 20.969999
373.625000 26.777521 0.222000 21.065001
374.250000 26.986315 0.222000 21.170000
374.750000 26.986315 0.222000 21.270000
375.625000 27.195648 0.222000 21.365000
376.125000 27.405308 0.222000 21.475000
377.625000 27.644911 0.222000 21.565001
380.125000 27.860695 0.268000 21.670000
382.250000 28.075266 0.268000 21.775000
384.000000 28.287577 0.268000 21.860001
384.750000 28.506428 0.268000 21.975000
385.625000 28.710501 0.268000 22.080000
386.750000 28.916979 0.268000 22.170000
387.000000 29.124987 0.268000 22.275000
388.250000 29.124987 0.268000 22.365000
389.375000 29.333908 0.268000 22.469999
391.250000 29.573235 0.268000 22.575001
392.375000 29.791288 0.244000 22.665001
393.750000 30.013437 0.244000 22.775000
395.250000 30.246000 0.244000 22.860001
396.625000 30.451832 0.244000 22.965000
398.500000 30.658857 0.244000 23.075001
399.375000 30.866461 0.244000 23.160000
400.375000 31.074934 0.244000 23.264999
402.375000 31.284086 0.244000 23.370001
403.250000 31.284086 0.244000 23.459999
404.125000 31.493290 0.244000 23.565001
405.000000 31.701057 0.264000 23.665001
405.250000 31.930315 0.264000 23.760000
406.250000 32.143124 0.264000 23.865000
406.500000 32.367046 0.264000 23.959999
407.625000 32.367046 0.264000 24.065001
408.375000 32.580616 0.264000 24.170000
409.125000 32.783398 0.264000 24.264999
410.125000 32.990307 0.264000 24.375000
411.500000 32.990307 0.264000 24.459999
412.375000 33.196934 0.264000 24.575001
412.625000 33.419674 0.233000 24.660000
413.500000 33.419674 0.233000 24.764999
415.125000 33.624802 0.233000 24.870001
417.250000 33.825085 0.233000 24.980000
419.000000 34.064762 0.233000 25.075001
420.375000 34.064762 0.233000 25.165001
421.750000 34.279438 0.233000 25.260000
424.500000 34.483463 0.233000 25.375000
426.500000 34.686668 0.233000 25.469999
429.000000 34.686668 0.233000 25.565001
430.500000 34.887314 0.243000 25.674999
432.375000 35.116234 0.243000 25.760000
434.125000 35.319897 0.243000 25.875000
436.250000 35.319897 0.243000 25.959999
437.625000 35.527027 0.243000 26.075001
438.625000 35.730141 0.243000 26.160000
439.625000 35.730141 0.243000 26.275000
440.500000 35.933014 0.243000 26.360001
441.625000 36.152962 0.243000 26.465000
442.250000 36.152962 0.243000 26.570000
443.125000 36.369549 0.228000 26.670000
443.875000 36.595032 0.228000 26.764999
447.125000 36.595032 0.228000 26.870001
447.500000 36.803394 0.228000 26.980000
447.750000 36.803394 0.228000 27.065001
447.750000 36.803394 0.228000 27.174999
448.125000 36.803394 0.228000 27.260000
448.125000 37.005333 0.228000 27.375000
448.125000 37.005333 0.228000 27.469999
448.250000 37.005333 0.228000 27.575001
448.375000 37.005333 0.247000 27.660000
448.375000 37.005333 0.247000 27.764999
448.375000 37.005333 0.247000 27.875000
448.375000 37.005333 0.247000 27.969999
448.375000 37.005333 0.247000 28.075001
448.375000 37.005333 0.247000 28.160000
448.375000 37.005333 0.247000 28.270000
448.500000 37.005333 0.247000 28.370001
448.500000 37.005333 0.247000 28.465000
448.500000 37.206810 0.247000 28.575001
448.750000 37.206810 0.222000 28.660000
448.750000 37.428738 0.222000 28.764999
449.125000 37.630436 0.222000 28.875000
449.125000 37.630436 0.222000 28.959999
449.250000 37.833485 0.222000 29.065001
449.250000 38.035721 0.222000 29.165001
449.375000 38.242043 0.222000 29.280001
449.500000 38.480343 0.222000 29.375000
449.625000 38.689972 0.222000 29.459999
450.000000 38.899837 0.222000 29.565001
450.250000 39.119003 0.292000 29.674999
450.250000 39.347095 0.292000 29.760000
450.750000 39.557312 0.292000 29.875000
450.750000 39.758213 0.292000 29.969999
450.875000 39.758213 0.292000 30.059999
451.000000 39.988262 0.292000 30.174999
451.000000 40.188545 0.292000 30.260000
451.000000 40.188545 0.292000 30.375000
451.000000 40.415249 0.292000 30.469999
451.125000 40.620277 0.292000 30.559999
451.750000 40.620277 0.228000 30.674999
451.750000 40.847645 0.228000 30.754999
451.750000 41.067471 0.228000 30.865000
451.875000 41.067471 0.228000 30.975000
452.000000 41.286865 0.228000 31.059999
452.000000 41.487137 0.228000 31.174999
452.000000 41.694118 0.228000 31.280001
452.250000 41.694118 0.228000 31.370001
452.375000 41.915741 0.228000 31.475000
452.375000 41.915741 0.228000 31.555000
452.500000 42.129383 0.219000 31.674999
452.750000 42.335594 0.219000 31.764999
453.125000 42.556633 0.219000 31.879999
453.125000 42.556633 0.219000 31.965000
453.125000 42.761948 0.219000 32.070000
453.250000 42.761948 0.219000 32.160000
453.250000 42.965794 0.219000 32.264999
453.250000 42.965794 0.219000 32.375000
453.250000 42.965794 0.219000 32.459999
453.250000 43.167126 0.219000 32.564999
453.250000 43.167126 0.196000 32.674999
453.375000 43.167126 0.196000 32.759998
453.375000 43.167126 0.196000 32.869999
453.375000 43.167126 0.196000 32.970001
453.375000 43.167126 0.196000 33.064999
453.375000 43.167126 0.196000 33.180000
453.375000 43.167126 0.196000 33.264999
453.375000 43.167126 0.196000 33.369999
453.375000 43.167126 0.196000 33.459999
453.375000 43.167126 0.196000 33.575001
453.375000 43.167126 0.205000 33.660000
453.375000 43.167126 0.205000 33.775002
453.375000 43.167126 0.205000 33.855000
453.375000 43.167126 0.205000 33.974998
453.375000 43.167126 0.205000 34.064999
453.375000 43.368679 0.205000 34.174999
453.375000 43.368679 0.205000 34.259998
453.375000 43.569283 0.205000 34.375000
453.500000 43.569283 0.205000 34.459999
453.625000 43.775612 0.158000 34.564999
453.750000 43.979393 0.158000 34.669998
453.750000 43.979393 0.158000 34.759998
453.750000 44.188072 0.158000 34.875000
453.750000 44.188072 0.158000 34.980000
453.750000 44.188072 0.158000 35.064999
453.750000 44.188072 0.158000 35.169998
453.750000 44.188072 0.158000 35.279999
453.750000 44.188072 0.158000 35.380001
454.000000 44.188072 0.158000 35.459999
454.000000 44.188072 0.158000 35.570000
454.000000 44.188072 0.158000 35.660000
454.000000 44.188072 0.158000 35.775002
454.000000 44.188072 0.158000 35.865002
454.000000 44.188072 0.158000 35.974998
454.000000 44.188072 0.158000 36.064999
454.000000 44.188072 0.158000 36.174999
454.000000 44.188072 0.158000 36.264999
454.000000 44.188072 0.158000 36.375000
454.000000 44.188072 0.158000 36.465000
454.000000 44.188072 0.163000 36.564999
454.000000 44.188072 0.163000 36.654999
454.000000 44.188072 0.163000 36.775002
454.000000 44.188072 0.163000 36.860001
454.000000 44.188072 0.163000 36.970001
454.000000 44.188072 0.163000 37.055000
454.000000 44.188072 0.163000 37.169998
454.000000 44.188072 0.163000 37.255001
454.000000 44.188072 0.163000 37.375000
454.000000 44.188072 0.163000 37.455002
454.000000 44.188072 0.152000 37.575001
454.000000 44.188072 0.152000 37.660000
454.000000 44.188072 0.152000 37.779999
454.000000 44.188072 0.152000 37.869999
454.000000 44.188072 0.152000 37.959999
454.000000 44.188072 0.152000 38.075001
454.000000 44.188072 0.152000 38.165001
454.000000 44.188072 0.152000 38.270000
454.000000 44.188072 0.152000 38.360001
454.000000 44.188072 0.152000 38.474998
454.000000 44.391289 0.148000 38.564999
454.000000 44.391289 0.148000 38.674999
454.000000 44.594360 0.148000 38.755001
454.000000 44.796230 0.148000 38.865002
454.000000 44.796230 0.148000 38.974998
454.250000 45.017647 0.148000 39.055000
454.250000 45.241158 0.148000 39.165001
454.250000 45.241158 0.148000 39.275002
454.375000 45.473606 0.148000 39.365002
454.375000 45.677277 0.148000 39.470001
454.500000 45.677277 0.163000 39.560001
454.625000 45.882011 0.163000 39.674999
454.625000 46.088829 0.163000 39.759998
454.625000 46.289001 0.163000 39.875000
454.625000 46.498272 0.163000 39.959999
454.875000 46.718216 0.163000 40.075001
455.000000 46.718216 0.163000 40.154999
455.125000 47.134235 0.163000 40.275002
455.375000 47.134235 0.163000 40.365002
455.375000 47.555313 0.163000 40.474998
455.625000 47.555313 0.163000 40.564999
455.750000 47.956135 0.243000 40.674999
455.875000 47.956135 0.243000 40.770000
456.125000 48.175880 0.243000 40.875000
456.250000 48.384155 0.243000 40.965000
456.250000 48.599007 0.243000 41.070000
456.500000 48.599007 0.243000 41.154999
456.500000 48.803017 0.243000 41.264999
456.750000 49.010342 0.243000 41.375000
456.750000 49.211597 0.243000 41.459999
456.875000 49.211597 0.243000 41.570000
456.875000 49.415955 0.203000 41.654999
456.875000 49.623608 0.203000 41.759998
457.000000 49.623608 0.203000 41.869999
457.000000 49.835293 0.203000 41.974998
457.000000 50.049419 0.203000 42.060001
457.125000 50.049419 0.203000 42.174999
457.125000 50.273151 0.203000 42.259998
457.125000 50.506275 0.203000 42.380001
457.125000 50.506275 0.203000 42.465000
457.250000 50.731491 0.203000 42.575001
457.250000 50.936867 0.234000 42.660000
457.375000 50.936867 0.234000 42.764999
457.500000 51.141949 0.234000 42.875000
457.625000 51.362930 0.234000 42.959999
457.625000 51.362930 0.234000 43.070000
457.625000 51.579163 0.234000 43.174999
457.875000 51.785233 0.234000 43.259998
457.875000 51.990196 0.234000 43.375000
458.000000 51.990196 0.234000 43.459999
458.000000 52.218586 0.234000 43.564999
458.000000 52.439632 0.244000 43.674999
458.000000 52.439632 0.244000 43.759998
458.000000 52.645462 0.244000 43.875000
458.125000 52.845646 0.244000 43.959999
458.125000 53.052059 0.244000 44.064999
458.125000 53.052059 0.244000 44.169998
458.125000 53.265842 0.244000 44.275002
458.125000 53.473316 0.244000 44.375000
458.375000 53.673756 0.244000 44.474998
458.500000 53.673756 0.244000 44.570000
458.500000 53.881458 0.246000 44.654999
458.750000 54.084778 0.246000 44.775002
458.875000 54.084778 0.246000 44.865002
459.000000 54.289276 0.246000 44.970001
459.000000 54.289276 0.246000 45.055000
459.125000 54.500057 0.246000 45.165001
459.250000 54.500057 0.246000 45.275002
459.250000 54.500057 0.246000 45.369999
459.375000 54.500057 0.246000 45.474998
459.500000 54.500057 0.246000 45.560001
459.500000 54.500057 0.212000 45.669998
459.625000 54.500057 0.212000 45.759998
459.750000 54.701469 0.212000 45.869999
459.875000 54.701469 0.212000 45.955002
459.875000 54.701469 0.212000 46.070000
460.000000 54.701469 0.212000 46.180000
460.000000 54.701469 0.212000 46.264999
460.000000 54.701469 0.212000 46.369999
460.000000 54.701469 0.212000 46.465000
460.000000 54.701469 0.212000 46.575001
460.000000 54.701469 0.188000 46.669998
460.000000 54.701469 0.188000 46.759998
460.000000 54.701469 0.188000 46.865002
460.000000 54.701469 0.188000 46.974998
460.000000 54.701469 0.188000 47.064999
460.000000 54.701469 0.188000 47.174999
460.000000 54.923824 0.188000 47.270000
460.000000 54.923824 0.188000 47.360001
460.000000 55.149193 0.188000 47.480000
460.000000 55.352123 0.188000 47.564999
460.125000 55.352123 0.183000 47.669998
460.125000 55.565830 0.183000 47.759998
460.125000 55.773075 0.183000 47.875000
460.250000 55.979366 0.183000 47.959999
460.250000 56.188740 0.183000 48.075001
460.250000 56.188740 0.183000 48.169998
460.375000 56.417160 0.183000 48.275002
460.375000 56.631981 0.183000 48.360001
460.500000 56.859402 0.183000 48.474998
460.500000 57.108131 0.183000 48.560001
460.625000 57.317638 0.197000 48.669998
460.750000 57.520287 0.197000 48.755001
460.750000 57.722935 0.197000 48.865002
460.875000 57.925549 0.197000 48.974998
460.875000 58.126785 0.197000 49.060001
461.000000 58.336754 0.197000 49.174999
461.125000 58.546707 0.197000 49.264999
461.250000 58.756634 0.197000 49.375000
461.375000 58.966553 0.197000 49.465000
461.625000 59.176445 0.121000 49.575001
461.625000 59.176445 0.121000 49.660000
462.000000 59.582550 0.121000 49.775002
462.250000 59.782864 0.121000 49.865002
462.875000 59.984684 0.121000 49.974998
464.375000 60.190033 0.121000 50.064999
466.750000 60.390224 0.121000 50.174999
468.500000 60.591362 0.121000 50.279999
469.875000 60.796013 0.121000 50.360001
470.625000 61.005524 0.121000 50.474998
471.625000 61.005524 0.121000 50.564999
472.375000 61.213654 0.121000 50.665001
472.625000 61.421955 0.241000 50.770000
473.250000 61.628983 0.241000 50.855000
473.375000 61.830032 0.241000 50.965000
473.375000 61.830032 0.241000 51.075001
473.500000 61.830032 0.241000 51.165001
473.750000 62.032032 0.241000 51.270000
473.750000 62.032032 0.241000 51.365002
474.000000 62.032032 0.241000 51.465000
474.000000 62.032032 0.135000 51.564999
474.000000 62.032032 0.135000 51.674999
474.000000 62.233837 0.135000 51.764999
474.000000 62.233837 0.135000 51.875000
474.000000 62.233837 0.135000 51.959999
474.000000 62.233837 0.135000 52.075001
474.125000 62.233837 0.135000 52.160000
474.250000 62.233837 0.135000 52.270000
474.250000 62.233837 0.135000 52.365002
474.250000 62.233837 0.135000 52.470001
474.250000 62.233837 0.127000 52.555000
474.250000 62.233837 0.127000 52.669998
474.250000 62.233837 0.127000 52.759998
474.250000 62.441280 0.127000 52.875000
474.375000 62.660946 0.127000 52.970001
474.375000 62.660946 0.127000 53.060001
474.375000 62.862133 0.127000 53.174999
474.750000 63.062534 0.127000 53.259998
474.875000 63.265770 0.127000 53.365002
474.875000 63.265770 0.127000 53.474998
475.000000 63.499786 0.139000 53.560001
475.000000 63.706310 0.139000 53.669998
475.000000 63.943314 0.139000 53.775002
475.125000 64.176849 0.139000 53.875000
475.125000 64.383560 0.139000 53.959999
476.000000 64.591774 0.139000 54.070000
476.125000 64.591774 0.139000 54.150002
477.125000 64.800598 0.139000 54.259998
477.250000 65.009888 0.139000 54.369999
477.375000 65.249496 0.139000 54.459999
477.375000 65.479294 0.145000 54.570000
477.500000 65.697418 0.145000 54.674999
477.500000 65.944122 0.145000 54.764999
478.000000 66.162231 0.145000 54.875000
478.625000 66.371033 0.145000 54.959999
478.625000 66.579880 0.145000 55.075001
478.875000 66.579880 0.145000 55.160000
479.000000 67.008575 0.145000 55.279999
479.125000 67.008575 0.145000 55.365002
479.500000 67.218330 0.145000 55.474998
480.250000 67.438164 0.146000 55.560001
480.875000 67.666115 0.146000 55.669998
480.875000 67.873489 0.146000 55.759998
481.000000 68.081718 0.146000 55.875000
481.000000 68.330544 0.146000 55.965000
481.000000 68.550034 0.146000 56.075001
481.250000 68.759758 0.146000 56.165001
481.750000 68.969566 0.146000 56.270000
482.000000 69.179413 0.146000 56.375000
482.125000 69.179413 0.146000 56.459999
482.250000 69.389275 0.155000 56.575001
482.375000 69.626762 0.155000 56.660000
482.500000 69.861389 0.155000 56.775002
482.625000 70.097778 0.155000 56.855000
483.000000 70.316002 0.155000 56.965000
483.125000 70.524948 0.155000 57.070000
483.250000 70.734291 0.155000 57.160000
484.250000 70.943848 0.155000 57.275002
484.625000 70.943848 0.155000 57.360001
484.750000 71.362907 0.155000 57.474998
484.875000 71.362907 0.155000 57.560001
485.000000 71.569221 0.171000 57.674999
485.250000 71.803955 0.171000 57.759998
485.375000 72.022987 0.171000 57.875000
487.500000 72.255318 0.171000 57.965000
496.125000 72.456413 0.171000 58.075001
503.375000 72.456413 0.171000 58.165001
508.875000 72.659706 0.171000 58.275002
514.875000 72.873535 0.171000 58.360001
519.375000 73.076515 0.171000 58.474998
521.500000 73.076515 0.155000 58.560001
525.000000 73.288010 0.155000 58.674999
527.500000 73.493088 0.155000 58.764999
529.125000 73.493088 0.155000 58.860001
531.250000 73.698669 0.155000 58.965000
532.250000 73.904892 0.155000 59.070000
532.875000 74.111687 0.155000 59.174999
533.750000 74.111687 0.155000 59.259998
535.500000 74.318459 0.155000 59.375000
537.250000 74.556435 0.155000 59.465000
538.375000 74.759216 0.144000 59.575001
539.500000 74.759216 0.144000 59.665001
539.750000 74.963562 0.144000 59.775002
540.125000 75.166115 0.144000 59.860001
540.875000 75.372192 0.144000 59.974998
541.250000 75.574760 0.144000 60.064999
541.375000 75.574760 0.144000 60.145000
541.875000 75.809845 0.144000 60.275002
542.000000 76.012703 0.144000 60.365002
542.750000 76.012703 0.144000 60.445000
543.000000 76.215408 0.125000 60.564999
543.250000 76.434288 0.125000 60.674999
543.375000 76.640640 0.125000 60.759998
543.375000 76.640640 0.125000 60.875000
543.500000 76.847160 0.125000 60.959999
543.750000 77.051781 0.125000 61.075001
544.250000 77.252213 0.125000 61.160000
544.875000 77.466148 0.125000 61.275002
545.250000 77.667854 0.125000 61.360001
545.625000 77.872986 0.125000 61.474998
546.125000 77.872986 0.125000 61.560001
546.250000 78.299034 0.188000 61.680000
546.250000 78.299034 0.188000 61.764999
546.750000 78.503395 0.188000 61.875000
546.875000 78.705063 0.188000 61.959999
546.875000 78.915138 0.188000 62.064999
547.125000 78.915138 0.188000 62.160000
547.250000 79.116959 0.188000 62.270000
547.250000 79.359901 0.188000 62.365002
547.375000 79.359901 0.188000 62.470001
547.375000 79.587418 0.188000 62.564999
547.500000 79.793381 0.192000 62.674999
547.500000 79.793381 0.192000 62.764999
547.875000 80.005157 0.192000 62.845001
548.000000 80.231827 0.192000 62.959999
548.000000 80.231827 0.192000 63.075001
548.125000 80.457741 0.192000 63.160000
548.375000 80.661987 0.192000 63.275002
548.500000 80.661987 0.192000 63.369999
548.625000 80.889870 0.192000 63.455002
548.875000 81.090820 0.192000 63.575001
549.375000 81.292763 0.201000 63.665001
549.500000 81.292763 0.201000 63.770000
549.625000 81.494904 0.201000 63.860001
549.750000 81.494904 0.201000 63.974998
549.875000 81.707870 0.201000 64.065002
550.125000 81.707870 0.201000 64.169998
550.125000 81.707870 0.201000 64.254997
550.375000 81.707870 0.201000 64.370003
550.375000 81.707870 0.201000 64.464996
550.500000 81.908897 0.201000 64.559998
550.500000 81.908897 0.181000 64.660004
550.625000 81.908897 0.181000 64.775002
550.625000 81.908897 0.181000 64.860001
550.875000 81.908897 0.181000 64.974998
550.875000 81.908897 0.181000 65.059998
550.875000 81.908897 0.181000 65.175003
551.000000 82.112526 0.181000 65.264999
551.125000 82.112526 0.181000 65.375000
551.750000 82.315010 0.181000 65.459999
552.125000 82.517807 0.181000 65.574997
552.375000 82.749702 0.177000 65.660004
552.625000 82.962440 0.177000 65.775002
552.625000 83.168854 0.177000 65.860001
552.750000 83.377090 0.177000 65.974998
553.000000 83.377090 0.177000 66.059998
553.000000 83.806313 0.177000 66.175003
553.250000 83.806313 0.177000 66.269997
553.625000 84.036942 0.177000 66.360001
553.750000 84.237686 0.177000 66.470001
553.875000 84.458633 0.177000 66.570000
554.000000 84.668213 0.199000 66.660004
554.125000 84.880188 0.199000 66.775002
554.250000 85.081635 0.199000 66.855003
554.500000 85.081635 0.199000 66.970001
554.750000 85.285927 0.199000 67.055000
554.875000 85.285927 0.199000 67.165001
554.875000 85.488541 0.199000 67.275002
555.125000 85.488541 0.199000 67.370003
555.250000 85.488541 0.199000 67.470001
555.250000 85.488541 0.199000 67.565002
555.250000 85.488541 0.186000 67.680000
555.250000 85.488541 0.186000 67.764999
555.250000 85.488541 0.186000 67.870003
555.250000 85.488541 0.186000 67.955002
555.250000 85.488541 0.186000 68.065002
555.250000 85.689903 0.186000 68.144997
555.250000 85.689903 0.186000 68.264999
555.250000 85.689903 0.186000 68.370003
555.250000 85.689903 0.186000 68.470001
555.250000 85.689903 0.186000 68.565002
555.250000 85.689903 0.194000 68.675003
555.375000 85.689903 0.194000 68.764999
555.375000 85.689903 0.194000 68.870003
555.375000 85.689903 0.194000 68.964996
555.375000 85.689903 0.194000 69.074997
555.500000 85.689903 0.194000 69.160004
555.625000 85.689903 0.194000 69.275002
555.625000 85.908974 0.194000 69.360001
555.625000 85.908974 0.194000 69.470001
555.750000 86.136017 0.194000 69.559998
555.750000 86.346649 0.188000 69.665001
555.875000 86.581245 0.188000 69.760002
555.875000 86.784027 0.188000 69.870003
556.250000 86.988747 0.188000 69.955002
556.375000 87.194603 0.188000 70.074997
556.375000 87.194603 0.188000 70.154999
556.625000 87.619263 0.188000 70.269997
556.875000 87.619263 0.188000 70.355003
556.875000 87.828033 0.188000 70.470001
557.000000 88.067276 0.188000 70.565002
557.000000 88.305634 0.206000 70.675003
557.125000 88.513962 0.206000 70.764999
557.125000 88.722054 0.206000 70.845001
557.125000 88.960274 0.206000 70.964996
557.250000 88.960274 0.206000 71.044998
557.250000 89.388977 0.206000 71.160004
557.375000 89.598724 0.206000 71.275002
557.500000 89.598724 0.206000 71.360001
557.500000 89.818542 0.206000 71.474998
557.625000 90.067963 0.206000 71.565002
557.750000 90.302345 0.184000 71.669998
558.000000 90.513916 0.184000 71.769997
558.375000 90.513916 0.184000 71.855003
558.500000 90.715698 0.184000 71.974998
559.000000 90.715698 0.184000 72.059998
559.375000 90.918198 0.184000 72.175003
559.750000 90.918198 0.184000 72.264999
559.875000 90.918198 0.184000 72.370003
559.875000 90.918198 0.184000 72.474998
559.875000 90.918198 0.184000 72.555000
559.875000 90.918198 0.211000 72.669998
560.000000 91.118683 0.211000 72.764999
560.125000 91.118683 0.211000 72.875000
560.250000 91.118683 0.211000 72.955002
560.250000 91.118683 0.211000 73.070000
560.250000 91.118683 0.211000 73.160004
560.250000 91.118683 0.211000 73.269997
560.250000 91.118683 0.211000 73.355003
560.250000 91.118683 0.211000 73.474998
560.250000 91.118683 0.211000 73.565002
560.250000 91.118683 0.196000 73.675003
560.250000 91.118683 0.196000 73.760002
560.375000 91.118683 0.196000 73.875000
560.375000 91.118683 0.196000 73.959999
560.375000 91.118683 0.196000 74.074997
560.375000 91.118683 0.196000 74.160004
560.500000 91.329636 0.196000 74.275002
560.500000 91.329636 0.196000 74.360001
560.500000 91.530304 0.196000 74.470001
560.625000 91.732040 0.196000 74.559998
561.000000 91.938278 0.201000 74.675003
561.125000 92.189514 0.201000 74.760002
561.250000 92.404572 0.201000 74.875000
561.250000 92.613434 0.201000 74.959999
561.250000 92.613434 0.201000 75.070000
561.500000 92.847153 0.201000 75.154999
561.500000 93.047897 0.201000 75.269997
561.625000 93.248962 0.201000 75.355003
561.625000 93.248962 0.201000 75.464996
561.750000 93.454605 0.201000 75.580002
561.750000 93.659294 0.191000 75.675003
561.750000 93.864029 0.191000 75.760002
562.000000 93.864029 0.191000 75.875000
562.000000 94.077499 0.191000 75.959999
562.000000 94.283104 0.191000 76.075996
562.125000 94.508957 0.191000 76.165001
562.250000 94.717598 0.191000 76.279999
562.250000 94.920921 0.191000 76.364998
562.250000 95.126022 0.191000 76.464996
562.500000 95.126022 0.203000 76.559998
562.625000 95.330803 0.203000 76.650002
562.625000 95.562584 0.203000 76.760002
562.750000 95.766472 0.203000 76.875000
562.750000 95.766472 0.203000 76.970001
562.750000 95.766472 0.203000 77.055000
562.750000 95.967979 0.203000 77.175003
562.750000 95.967979 0.203000 77.260002
562.750000 95.967979 0.203000 77.375000
562.750000 95.967979 0.203000 77.459999
562.750000 95.967979 0.203000 77.574997
562.750000 96.168427 0.189000 77.660004
562.750000 96.168427 0.189000 77.769997
562.750000 96.168427 0.189000 77.860001
562.750000 96.168427 0.189000 77.974998
562.750000 96.168427 0.189000 78.065002
562.750000 96.168427 0.189000 78.154999
562.750000 96.168427 0.189000 78.275002
562.750000 96.168427 0.189000 78.360001
562.750000 96.168427 0.189000 78.474998
562.750000 96.168427 0.189000 78.559998
562.750000 96.168427 0.181000 78.675003
562.750000 96.168427 0.181000 78.764999
562.750000 96.168427 0.181000 78.879997
562.875000 96.168427 0.181000 78.964996
562.875000 96.168427 0.181000 79.074997
562.875000 96.391106 0.181000 79.165001
562.875000 96.597969 0.181000 79.275002
563.000000 96.802063 0.181000 79.370003
563.125000 97.009148 0.181000 79.464996
563.375000 97.212418 0.181000 79.565002
563.375000 97.418846 0.203000 79.669998
563.500000 97.418846 0.203000 79.764999
563.500000 97.845726 0.203000 79.879997
563.500000 97.845726 0.203000 79.964996
563.625000 98.055031 0.203000 80.074997
563.625000 98.274574 0.203000 80.160004
563.750000 98.514305 0.203000 80.269997
563.875000 98.754135 0.203000 80.355003
564.000000 98.993980 0.203000 80.474998
564.000000 99.203056 0.203000 80.565002
564.250000 99.405472 0.188000 80.675003
564.375000 99.405472 0.188000 80.775002
564.375000 99.634712 0.188000 80.860001
564.375000 99.844193 0.188000 80.974998
564.500000 100.049675 0.188000 81.065002
564.500000 100.049675 0.188000 81.180000
564.500000 100.263832 0.188000 81.275002
564.500000 100.468422 0.188000 81.370003
564.625000 100.468422 0.188000 81.455002
564.750000 100.672829 0.188000 81.565002
564.750000 100.900024 0.211000 81.660004
564.750000 100.900024 0.211000 81.764999
564.750000 101.105919 0.211000 81.860001
564.875000 101.105919 0.211000 81.959999
564.875000 101.307816 0.211000 82.059998
565.000000 101.307816 0.211000 82.180000
565.125000 101.307816 0.211000 82.275002
565.125000 101.307816 0.211000 82.370003
565.125000 101.509590 0.211000 82.459999
565.125000 101.509590 0.211000 82.580002
565.375000 101.509590 0.188000 82.665001
565.375000 101.509590 0.188000 82.775002
565.375000 101.509590 0.188000 82.875000
565.375000 101.509590 0.188000 82.955002
565.375000 101.509590 0.188000 83.074997
565.375000 101.509590 0.188000 83.160004
565.375000 101.509590 0.188000 83.275002
565.375000 101.509590 0.188000 83.370003
565.500000 101.509590 0.188000 83.459999
565.500000 101.509590 0.188000 83.570000
565.625000 101.509590 0.187000 83.665001
565.625000 101.509590 0.187000 83.750000
565.625000 101.509590 0.187000 83.875000
565.625000 101.509590 0.187000 83.964996
565.625000 101.509590 0.187000 84.074997
565.625000 101.509590 0.187000 84.160004
565.625000 101.509590 0.187000 84.279999
565.625000 101.509590 0.187000 84.364998
565.625000 101.509590 0.187000 84.474998
565.625000 101.509590 0.187000 84.565002
565.625000 101.509590 0.180000 84.675003
565.625000 101.509590 0.180000 84.760002
565.875000 101.509590 0.180000 84.875000
566.000000 101.710686 0.180000 84.964996
566.250000 101.917442 0.180000 85.070000
566.250000 102.124741 0.180000 85.154999
566.375000 102.343788 0.180000 85.275002
566.375000 102.548927 0.180000 85.360001
566.500000 102.755875 0.180000 85.474998
566.625000 102.755875 0.180000 85.565002
566.625000 102.973717 0.216000 85.675003
566.750000 103.207817 0.216000 85.760002
567.000000 103.411728 0.216000 85.875000
567.000000 103.411728 0.216000 85.959999
567.000000 103.612640 0.216000 86.065002
567.125000 103.612640 0.216000 86.165001
567.125000 103.812981 0.216000 86.275002
567.125000 103.812981 0.216000 86.360001
567.125000 103.812981 0.216000 86.480003
567.125000 103.812981 0.216000 86.574997
567.125000 103.812981 0.185000 86.669998
567.125000 103.812981 0.185000 86.775002
567.125000 103.812981 0.185000 86.864998
567.125000 103.812981 0.185000 86.980003
567.125000 104.013458 0.185000 87.065002
567.125000 104.013458 0.185000 87.175003
567.250000 104.013458 0.185000 87.260002
567.250000 104.013458 0.185000 87.375000
567.375000 104.013458 0.185000 87.464996
567.375000 104.013458 0.185000 87.574997
567.375000 104.013458 0.182000 87.660004
567.375000 104.217094 0.182000 87.775002
567.375000 104.217094 0.182000 87.864998
567.500000 104.424690 0.182000 87.974998
567.500000 104.638863 0.182000 88.065002
567.500000 104.871468 0.182000 88.184998
567.625000 105.102341 0.182000 88.264999
567.625000 105.306908 0.182000 88.375000
567.750000 105.513504 0.182000 88.459999
567.875000 105.721504 0.182000 88.574997
567.875000 105.930237 0.192000 88.665001
568.250000 106.139442 0.192000 88.769997
568.875000 106.139442 0.192000 88.860001
569.000000 106.348984 0.192000 88.974998
569.000000 106.598740 0.192000 89.070000
569.000000 106.808716 0.192000 89.184998
569.125000 107.008789 0.192000 89.264999
569.250000 107.208839 0.192000 89.349998
569.500000 107.428841 0.192000 89.464996
569.500000 107.687439 0.192000 89.565002
569.750000 107.888702 0.192000 89.675003
569.875000 108.091751 0.192000 89.764999
569.875000 108.091751 0.192000 89.875000
570.125000 108.301727 0.192000 89.959999
570.250000 108.507538 0.192000 90.074997
570.250000 108.507538 0.192000 90.160004
570.250000 108.707878 0.192000 90.279999
570.250000 108.913536 0.192000 90.375000
570.750000 109.118576 0.192000 90.470001
570.875000 109.118576 0.192000 90.555000
571.125000 109.324463 0.196000 90.675003
571.125000 109.548622 0.196000 90.769997
571.125000 109.548622 0.196000 90.849998
571.375000 109.750313 0.196000 90.970001
571.375000 109.750313 0.196000 91.059998
571.375000 109.750313 0.196000 91.175003
571.500000 109.750313 0.196000 91.260002
571.500000 109.950737 0.196000 91.375000
571.875000 109.950737 0.196000 91.459999
571.875000 109.950737 0.196000 91.570000
571.875000 109.950737 0.195000 91.660004
571.875000 109.950737 0.195000 91.769997
571.875000 109.950737 0.195000 91.855003
572.000000 109.950737 0.195000 91.974998
572.125000 109.950737 0.195000 92.065002
572.125000 109.950737 0.195000 92.175003
572.375000 109.950737 0.195000 92.260002
572.500000 109.950737 0.195000 92.370003
572.500000 109.950737 0.195000 92.455002
572.500000 109.950737 0.195000 92.570000
572.500000 109.950737 0.185000 92.654999
572.500000 109.950737 0.185000 92.775002
572.500000 109.950737 0.185000 92.860001
572.500000 109.950737 0.185000 92.974998
572.500000 109.950737 0.185000 93.065002
572.500000 109.950737 0.185000 93.165001
572.750000 109.950737 0.185000 93.260002
572.750000 109.950737 0.185000 93.375000
572.750000 110.152023 0.185000 93.464996
572.750000 110.152023 0.185000 93.565002
572.750000 110.358543 0.183000 93.669998
572.750000 110.562439 0.183000 93.754997
573.000000 110.775711 0.183000 93.875000
573.000000 110.982376 0.183000 93.959999
573.000000 111.190674 0.183000 94.074997
573.000000 111.430222 0.183000 94.160004
573.000000 111.630608 0.183000 94.275002
573.000000 111.831314 0.183000 94.360001
573.000000 112.052269 0.183000 94.474998
573.000000 112.252815 0.183000 94.559998
573.000000 112.460609 0.204000 94.675003
573.125000 112.460609 0.204000 94.760002
573.125000 112.665878 0.204000 94.875000
573.125000 112.872368 0.204000 94.964996
573.125000 112.872368 0.204000 95.074997
573.125000 113.077194 0.204000 95.160004
573.250000 113.077194 0.204000 95.269997
573.250000 113.077194 0.204000 95.360001
573.250000 113.278908 0.204000 95.474998
573.375000 113.278908 0.204000 95.555000
573.375000 113.278908 0.205000 95.675003
573.375000 113.278908 0.205000 95.760002
573.375000 113.278908 0.205000 95.875000
573.375000 113.278908 0.205000 95.959999
573.375000 113.278908 0.205000 96.070000
573.375000 113.278908 0.205000 96.150002
573.375000 113.278908 0.205000 96.264999
573.375000 113.278908 0.205000 96.379997
573.375000 113.278908 0.205000 96.470001
573.375000 113.278908 0.205000 96.570000
573.375000 113.278908 0.192000 96.675003
573.375000 113.278908 0.192000 96.769997
573.375000 113.278908 0.192000 96.855003
573.375000 113.278908 0.192000 96.970001
573.375000 113.480797 0.192000 97.055000
573.375000 113.480797 0.192000 97.165001
573.375000 113.684647 0.192000 97.275002
573.500000 113.894104 0.192000 97.375000
573.500000 114.100716 0.192000 97.464996
573.625000 114.304619 0.192000 97.570000
573.625000 114.531479 0.203000 97.654999
573.750000 114.741867 0.203000 97.769997
573.875000 114.741867 0.203000 97.860001
573.875000 114.958244 0.203000 97.970001
574.125000 115.163734 0.203000 98.059998
574.375000 115.388138 0.203000 98.175003
574.500000 115.388138 0.203000 98.264999
574.625000 115.592995 0.203000 98.375000
574.625000 115.811813 0.203000 98.459999
574.750000 115.811813 0.203000 98.565002
574.750000 116.016785 0.191000 98.669998
574.750000 116.223419 0.191000 98.764999
574.875000 116.429665 0.191000 98.875000
575.125000 116.429665 0.191000 98.964996
575.250000 116.634743 0.191000 99.074997
575.250000 116.846588 0.191000 99.165001
575.375000 116.846588 0.191000 99.275002
575.375000 117.080307 0.191000 99.370003
575.375000 117.284363 0.191000 99.464996
575.375000 117.284363 0.191000 99.574997
575.500000 117.502083 0.212000 99.660004
575.500000 117.727631 0.212000 99.775002
575.500000 117.727631 0.212000 99.864998
575.625000 117.928444 0.212000 99.974998
575.625000 118.131851 0.212000 100.070000
575.625000 118.334846 0.212000 100.180000
575.750000 118.334846 0.212000 100.264999
575.750000 118.536736 0.212000 100.345001
575.750000 118.767120 0.212000 100.464996
575.750000 118.767120 0.212000 100.574997
575.875000 118.990173 0.193000 100.660004
575.875000 119.192795 0.193000 100.769997
575.875000 119.192795 0.193000 100.860001
575.875000 119.399696 0.193000 100.970001
577.000000 119.399696 0.193000 101.059998
577.000000 119.399696 0.193000 101.169998
577.250000 119.604820 0.193000 101.264999
577.375000 119.604820 0.193000 101.375000
577.375000 119.604820 0.193000 101.470001
577.375000 119.604820 0.193000 101.570000
577.500000 119.604820 0.201000 101.665001
577.500000 119.604820 0.201000 101.775002
577.750000 119.604820 0.201000 101.860001
577.750000 119.604820 0.201000 101.974998
578.125000 119.604820 0.201000 102.059998
578.125000 119.604820 0.201000 102.175003
578.125000 119.604820 0.201000 102.260002
578.125000 119.604820 0.201000 102.375000
578.125000 119.604820 0.201000 102.459999
578.125000 119.604820 0.201000 102.570000
578.125000 119.604820 0.199000 102.660004
578.125000 119.604820 0.199000 102.764999
578.250000 119.604820 0.199000 102.875000
578.250000 119.604820 0.199000 102.974998
578.250000 119.604820 0.199000 103.070000
578.250000 119.604820 0.199000 103.154999
578.250000 119.604820 0.199000 103.264999
578.250000 119.604820 0.199000 103.370003
578.250000 119.604820 0.199000 103.464996
578.250000 119.604820 0.199000 103.574997
578.250000 119.604820 0.198000 103.665001
578.250000 119.604820 0.198000 103.769997
578.250000 119.604820 0.198000 103.860001
578.250000 119.604820 0.198000 103.974998
578.250000 119.604820 0.198000 104.059998
578.250000 119.604820 0.198000 104.169998
578.375000 119.604820 0.198000 104.264999
578.375000 119.604820 0.198000 104.375000
578.375000 119.604820 0.198000 104.459999
578.375000 119.604820 0.198000 104.574997
578.375000 119.604820 0.199000 104.660004
578.375000 119.808250 0.199000 104.775002
578.750000 119.808250 0.199000 104.860001
578.875000 120.012527 0.199000 104.974998
579.250000 120.218384 0.199000 105.055000
579.500000 120.421745 0.199000 105.175003
579.625000 120.421745 0.199000 105.264999
579.625000 120.628731 0.199000 105.375000
579.750000 120.861923 0.199000 105.464996
579.750000 121.069054 0.199000 105.574997
580.000000 121.277313 0.188000 105.660004
580.125000 121.485901 0.188000 105.775002
580.375000 121.689407 0.188000 105.864998
580.375000 121.689407 0.188000 105.949997
580.375000 121.891243 0.188000 106.070000
580.375000 121.891243 0.188000 106.160004
580.500000 121.891243 0.188000 106.275002
580.500000 121.891243 0.188000 106.360001
580.625000 122.092857 0.188000 106.474998
580.625000 122.092857 0.188000 106.570000
580.625000 122.092857 0.188000 106.660004
580.625000 122.092857 0.188000 106.769997
580.625000 122.092857 0.188000 106.864998
580.625000 122.092857 0.188000 106.980003
580.625000 122.092857 0.188000 107.074997
580.625000 122.092857 0.188000 107.160004
580.625000 122.092857 0.188000 107.269997
580.625000 122.092857 0.188000 107.355003
580.625000 122.092857 0.188000 107.474998
580.625000 122.092857 0.188000 107.559998
580.625000 122.296501 0.188000 107.675003
580.625000 122.296501 0.188000 107.760002
580.750000 122.499313 0.188000 107.870003
580.750000 122.701820 0.188000 107.959999
580.750000 122.904305 0.188000 108.074997
580.875000 123.104782 0.188000 108.160004
581.000000 123.308754 0.188000 108.275002
581.000000 123.308754 0.188000 108.364998
581.000000 123.527405 0.188000 108.474998
581.000000 123.766998 0.188000 108.565002
581.125000 123.968140 0.188000 108.675003
581.250000 124.170273 0.188000 108.760002
581.375000 124.372993 0.188000 108.870003
581.500000 124.575890 0.188000 108.959999
581.625000 124.776894 0.188000 109.074997
581.625000 124.979820 0.188000 109.165001
581.875000 125.211533 0.188000 109.285004
582.000000 125.417381 0.188000 109.370003
582.125000 125.417381 0.188000 109.455002
582.125000 125.626617 0.188000 109.574997
582.250000 125.626617 0.188000 109.660004
582.375000 125.827095 0.188000 109.769997
583.250000 125.827095 0.188000 109.860001
583.250000 126.041557 0.188000 109.970001
583.375000 126.041557 0.188000 110.070000
583.625000 126.041557 0.188000 110.165001
583.625000 126.241821 0.188000 110.275002
583.625000 126.241821 0.188000 110.364998
583.625000 126.241821 0.188000 110.474998
583.625000 126.241821 0.188000 110.570000
583.750000 126.241821 0.188000 110.654999
583.750000 126.444283 0.188000 110.775002
583.750000 126.444283 0.188000 110.870003
583.750000 126.444283 0.188000 110.955002
583.750000 126.444283 0.188000 111.065002
583.750000 126.444283 0.188000 111.169998
583.750000 126.444283 0.188000 111.260002
583.750000 126.444283 0.188000 111.375000
583.750000 126.444283 0.188000 111.464996
583.750000 126.444283 0.188000 111.574997
583.750000 126.444283 0.188000 111.665001
583.750000 126.444283 0.188000 111.775002
583.750000 126.444283 0.188000 111.860001
583.750000 126.444283 0.188000 111.974998
583.750000 126.444283 0.188000 112.059998
583.750000 126.444283 0.188000 112.175003
583.750000 126.444283 0.188000 112.260002
583.750000 126.444283 0.188000 112.370003
583.750000 126.444283 0.188000 112.459999
583.750000 126.444283 0.188000 112.574997
583.750000 126.444283 0.188000 112.654999
583.750000 126.444283 0.188000 112.775002
583.750000 126.444283 0.188000 112.855003
583.750000 126.444283 0.188000 112.974998
583.750000 126.444283 0.188000 113.070000
583.750000 126.444283 0.188000 113.150002
583.750000 126.444283 0.188000 113.264999
583.750000 126.444283 0.188000 113.355003
583.750000 126.444283 0.188000 113.474998
583.750000 126.444283 0.188000 113.559998
583.750000 126.444283 0.188000 113.675003
583.750000 126.444283 0.188000 113.760002
583.750000 126.444283 0.188000 113.875000
583.750000 126.444283 0.188000 113.964996
583.750000 126.444283 0.188000 114.074997
583.750000 126.444283 0.188000 114.160004
583.750000 126.444283 0.188000 114.254997
583.750000 126.444283 0.188000 114.364998
583.750000 126.444283 0.188000 114.474998
583.750000 126.444283 0.188000 114.559998
583.750000 126.444283 0.188000 114.675003
583.750000 126.444283 0.188000 114.760002
583.750000 126.444283 0.188000 114.875000
583.750000 126.444283 0.188000 114.959999
583.750000 126.444283 0.188000 115.074997
583.750000 126.444283 0.188000 115.165001
583.750000 126.444283 0.188000 115.275002
583.750000 126.444283 0.188000 115.364998
583.750000 126.444283 0.188000 115.474998
583.750000 126.444283 0.188000 115.559998
583.750000 126.444283 0.188000 115.669998
583.750000 126.444283 0.188000 115.764999
583.750000 126.444283 0.188000 115.875000
583.750000 126.444283 0.188000 115.964996
583.750000 126.444283 0.188000 116.074997
583.750000 126.444283 0.188000 116.160004
583.750000 126.444283 0.188000 116.275002
583.750000 126.444283 0.188000 116.360001
583.750000 126.444283 0.188000 116.470001
583.750000 126.444283 0.188000 116.555000
583.750000 126.444283 0.188000 116.675003
583.750000 126.444283 0.188000 116.764999
583.750000 126.444283 0.188000 116.894997
583.750000 126.444283 0.188000 116.985001
583.750000 126.444283 0.188000 117.074997
583.750000 126.444283 0.188000 117.175003
583.750000 126.444283 0.188000 117.260002
583.750000 126.444283 0.188000 117.370003
583.750000 126.444283 0.188000 117.459999
583.750000 126.444283 0.188000 117.574997
583.750000 126.444283 0.188000 117.675003
583.750000 126.444283 0.188000 117.764999
583.750000 126.444283 0.188000 117.870003
583.750000 126.444283 0.188000 117.964996
583.750000 126.444283 0.188000 118.074997
583.750000 126.444283 0.188000 118.165001
583.750000 126.444283 0.188000 118.275002
583.750000 126.444283 0.188000 118.370003
583.750000 126.444283 0.188000 118.459999
583.750000 126.444283 0.188000 118.574997
583.750000 126.444283 0.188000 118.660004
583.750000 126.444283 0.188000 118.775002
583.750000 126.444283 0.188000 118.860001
583.750000 126.444283 0.188000 118.974998
583.750000 126.444283 0.179000 119.059998
583.750000 126.444283 0.179000 119.169998
583.750000 126.444283 0.179000 119.260002
583.750000 126.444283 0.179000 119.375000
583.750000 126.658470 0.179000 119.459999
583.750000 126.658470 0.179000 119.574997
583.875000 126.884697 0.179000 119.660004
583.875000 127.084969 0.179000 119.775002
583.875000 127.311760 0.179000 119.864998
584.000000 127.522202 0.112000 119.980003
584.000000 127.727715 0.112000 120.070000
584.125000 127.935493 0.112000 120.175003
584.125000 127.935493 0.112000 120.260002
584.125000 128.154419 0.112000 120.370003
584.250000 128.393906 0.112000 120.459999
584.250000 128.643494 0.112000 120.574997
584.500000 128.893204 0.112000 120.665001
584.500000 128.893204 0.112000 120.745003
584.500000 129.322952 0.112000 120.864998
584.625000 129.532700 0.120000 120.980003
584.625000 129.741211 0.120000 121.070000
584.875000 129.741211 0.120000 121.165001
584.875000 130.158936 0.120000 121.279999
584.875000 130.158936 0.120000 121.375000
585.000000 130.388397 0.120000 121.464996
585.000000 130.598129 0.120000 121.570000
585.125000 130.807953 0.120000 121.665001
585.125000 131.037872 0.120000 121.775002
585.250000 131.267838 0.120000 121.855003
585.375000 131.506882 0.120000 121.974998
585.500000 131.712463 0.129000 122.059998
585.500000 131.918411 0.129000 122.169998
585.625000 131.918411 0.129000 122.264999
585.625000 132.135818 0.129000 122.375000
585.750000 132.374313 0.129000 122.459999
585.750000 132.613586 0.129000 122.574997
585.875000 132.814209 0.129000 122.669998
586.000000 133.053986 0.129000 122.754997
586.000000 133.273834 0.129000 122.864998
586.125000 133.484375 0.129000 122.974998
586.125000 133.690201 0.000000 123.059998
586.125000 133.897446 0.000000 123.180000
586.125000 133.897446 0.000000 123.275002
586.125000 134.107590 0.000000 123.360001
586.125000 134.107590 0.000000 123.474998
586.125000 134.107590 0.000000 123.555000
586.125000 134.312057 0.000000 123.665001
586.125000 134.312057 0.000000 123.779999
586.125000 134.312057 0.000000 123.870003
586.125000 134.312057 0.000000 123.959999
586.125000 134.312057 0.000000 124.074997
586.125000 134.312057 0.000000 124.160004
586.125000 134.312057 0.000000 124.260002
586.125000 134.512314 0.000000 124.375000
586.125000 134.512314 0.000000 124.455002
586.125000 134.512314 0.000000 124.574997
586.125000 134.512314 0.000000 124.665001
586.125000 134.512314 0.000000 124.769997
586.125000 134.512314 0.000000 124.864998
586.125000 134.512314 0.000000 124.974998
586.125000 134.512314 0.000000 125.055000
586.125000 134.512314 0.000000 125.169998
586.125000 134.512314 0.000000 125.260002
586.125000 134.512314 0.000000 125.364998
586.125000 134.512314 0.000000 125.464996
586.125000 134.512314 0.000000 125.559998
586.125000 134.512314 0.000000 125.675003
586.125000 134.512314 0.000000 125.764999
586.125000 134.512314 0.000000 125.870003
586.125000 134.512314 0.000000 125.959999
586.125000 134.512314 0.000000 126.074997
586.125000 134.512314 0.000000 126.165001
586.250000 134.718506 0.000000 126.269997
586.250000 134.956421 0.000000 126.364998
586.250000 135.157776 0.000000 126.474998
586.250000 135.157776 0.000000 126.559998
586.250000 135.363358 0.000000 126.669998
586.250000 135.585373 0.000000 126.775002
586.250000 135.801590 0.000000 126.860001
586.250000 136.039536 0.000000 126.980003
586.250000 136.248520 0.000000 127.059998
586.250000 136.457870 0.000000 127.175003
586.250000 136.697433 0.000000 127.264999
586.250000 136.907242 0.000000 127.375000
586.375000 137.117111 0.000000 127.459999
586.375000 137.326965 0.000000 127.574997
586.375000 137.326965 0.000000 127.660004
586.500000 137.556732 0.000000 127.775002
586.500000 137.766434 0.000000 127.864998
586.625000 137.976181 0.000000 127.974998
586.625000 138.196030 0.000000 128.065002
586.625000 138.405930 0.000000 128.175003
586.750000 138.616867 0.000000 128.274994
586.750000 138.816864 0.000000 128.365005
586.750000 139.046768 0.000000 128.475006
586.750000 139.286652 0.000000 128.559998
586.750000 139.516510 0.000000 128.675003
586.750000 139.726410 0.000000 128.759995
586.750000 139.936295 0.000000 128.869995
586.750000 139.936295 0.000000 128.955002
586.750000 140.353653 0.000000 129.074997
586.750000 140.353653 0.000000 129.164993
586.750000 140.562531 0.000000 129.274994
586.750000 140.799835 0.000000 129.365005
586.750000 141.036636 0.000000 129.475006
586.750000 141.246078 0.000000 129.565002
586.750000 141.246078 0.000000 129.669998
586.750000 141.477570 0.000000 129.759995
586.750000 141.680557 0.000000 129.875000
586.750000 141.680557 0.000000 129.955002
586.750000 141.889877 0.000000 130.070007
586.750000 141.889877 0.000000 130.164993
586.750000 141.889877 0.000000 130.274994
586.750000 142.094604 0.000000 130.365005
586.750000 142.094604 0.000000 130.475006
586.750000 142.094604 0.000000 130.559998
586.750000 142.299057 0.000000 130.675003
586.750000 142.299057 0.000000 130.764999
586.750000 142.299057 0.000000 130.869995
586.750000 142.299057 0.000000 130.960007
586.750000 142.299057 0.000000 131.065002
586.750000 142.299057 0.000000 131.154999
586.750000 142.499344 0.000000 131.274994
586.750000 142.499344 0.000000 131.365005
586.750000 142.499344 0.000000 131.475006
586.750000 142.499344 0.000000 131.559998
586.750000 142.499344 0.000000 131.669998
586.750000 142.499344 0.000000 131.774994
586.750000 142.499344 0.000000 131.865005
586.750000 142.499344 0.000000 131.975006
586.750000 142.499344 0.000000 132.059998
586.750000 142.499344 0.000000 132.169998
586.750000 142.499344 0.000000 132.259995
586.750000 142.499344 0.000000 132.375000
586.750000 142.499344 0.000000 132.460007
586.750000 142.499344 0.000000 132.574997
586.750000 142.499344 0.000000 132.654999
586.750000 142.499344 0.000000 132.774994
586.750000 142.499344 0.000000 132.869995
586.750000 142.499344 0.000000 132.955002
586.750000 142.499344 0.000000 133.074997
586.750000 142.499344 0.000000 133.164993
586.750000 142.499344 0.000000 133.259995
586.750000 142.499344 0.000000 133.369995
586.750000 142.499344 0.000000 133.455002
586.750000 142.499344 0.000000 133.574997
586.750000 142.499344 0.000000 133.664993
586.750000 142.499344 0.000000 133.774994
586.750000 142.499344 0.000000 133.860001
586.750000 142.499344 0.000000 133.970001
586.750000 142.499344 0.000000 134.065002
586.750000 142.499344 0.000000 134.169998
586.750000 142.499344 0.000000 134.259995
586.750000 142.499344 0.000000 134.375000
586.750000 142.499344 0.000000 134.464996
586.750000 142.499344 0.000000 134.574997
586.750000 142.499344 0.000000 134.660004
586.750000 142.499344 0.000000 134.779999
586.750000 142.499344 0.000000 134.875000
586.750000 142.499344 0.000000 134.964996
586.750000 142.499344 0.000000 135.074997
586.750000 142.499344 0.000000 135.160004
586.750000 142.499344 0.000000 135.274994
586.750000 142.499344 0.000000 135.360001
586.750000 142.499344 0.000000 135.479996
586.750000 142.499344 0.000000 135.565002
586.750000 142.499344 0.000000 135.675003
586.750000 142.499344 0.000000 135.764999
586.750000 142.499344 0.000000 135.875000
586.750000 142.499344 0.000000 135.970001
586.750000 142.499344 0.000000 136.059998
586.750000 142.499344 0.000000 136.175003
586.750000 142.499344 0.000000 136.259995
586.750000 142.499344 0.000000 136.375000
586.750000 142.499344 0.000000 136.460007
586.750000 142.499344 0.000000 136.574997
586.750000 142.499344 0.000000 136.664993
586.750000 142.499344 0.000000 136.774994
586.750000 142.499344 0.000000 136.869995
586.750000 142.499344 0.000000 136.955002
586.750000 142.499344 0.000000 137.074997
586.750000 142.499344 0.000000 137.160004
586.750000 142.499344 0.000000 137.270004
586.750000 142.499344 0.000000 137.360001
586.750000 142.499344 0.000000 137.470001
586.750000 142.499344 0.000000 137.559998
586.750000 142.499344 0.000000 137.675003
586.750000 142.499344 0.000000 137.759995
586.750000 142.499344 0.000000 137.869995
586.750000 142.499344 0.000000 137.955002
586.750000 142.499344 0.000000 138.065002
586.750000 142.499344 0.000000 138.179993
586.750000 142.499344 0.000000 138.264999
586.750000 142.499344 0.000000 138.360001
586.750000 142.499344 0.000000 138.475006
586.750000 142.499344 0.000000 138.565002
586.750000 142.499344 0.000000 138.669998
586.750000 142.499344 0.000000 138.764999
586.750000 142.499344 0.000000 138.869995
586.750000 142.499344 0.000000 138.964996
586.750000 142.499344 0.000000 139.074997
586.750000 142.499344 0.000000 139.160004
586.750000 142.499344 0.000000 139.270004
586.750000 142.499344 0.000000 139.365005
586.750000 142.499344 0.000000 139.475006
586.750000 142.499344 0.000000 139.565002
586.750000 142.499344 0.000000 139.675003
586.750000 142.499344 0.000000 139.764999
586.750000 142.499344 0.000000 139.880005
586.750000 142.499344 0.000000 139.964996
586.750000 142.499344 0.000000 140.070007
586.750000 142.499344 0.000000 140.160004
586.750000 142.499344 0.000000 140.270004
586.750000 142.499344 0.000000 140.350006
586.750000 142.499344 0.000000 140.464996
586.750000 142.499344 0.000000 140.559998
586.750000 142.499344 0.000000 140.675003
586.750000 142.499344 0.000000 140.759995
586.750000 142.499344 0.000000 140.865005
586.750000 142.499344 0.000000 140.960007
