94.125000 0.000000 0.233000 0.030000
113.875000 0.000000 0.227000 0.125000
124.375000 0.206273 0.227000 0.230000
133.000000 0.423283 0.227000 0.330000
139.125000 0.423283 0.227000 0.430000
146.375000 0.643795 0.227000 0.515000
151.125000 0.870081 0.227000 0.630000
156.125000 0.870081 0.227000 0.725000
159.750000 1.088079 0.227000 0.820000
164.000000 1.299435 0.227000 0.925000
168.375000 1.504087 0.227000 1.025000
174.250000 1.504087 0.260000 1.130000
178.125000 1.708750 0.260000 1.225000
181.625000 1.911428 0.260000 1.330000
185.500000 1.911428 0.260000 1.430000
188.875000 2.113115 0.260000 1.525000
191.250000 2.113115 0.260000 1.625000
192.875000 2.113115 0.260000 1.720000
195.250000 2.113115 0.260000 1.825000
197.000000 2.113115 0.260000 1.920000
197.750000 2.314138 0.260000 2.020000
198.375000 2.314138 0.308000 2.130000
199.875000 2.314138 0.308000 2.225000
200.250000 2.314138 0.308000 2.320000
200.875000 2.314138 0.308000 2.425000
202.250000 2.314138 0.308000 2.525000
203.250000 2.314138 0.308000 2.620000
203.875000 2.314138 0.308000 2.725000
204.250000 2.314138 0.308000 2.830000
204.500000 2.314138 0.308000 2.925000
205.000000 2.314138 0.308000 3.026000
205.750000 2.314138 0.242000 3.130000
206.000000 2.314138 0.242000 3.225000
206.500000 2.314138 0.242000 3.325000
207.125000 2.314138 0.242000 3.425000
208.000000 2.314138 0.242000 3.530000
208.875000 2.518659 0.242000 3.625000
210.000000 2.518659 0.242000 3.730000
211.000000 2.726723 0.242000 3.825000
212.000000 2.965514 0.242000 3.920000
213.125000 3.174057 0.242000 4.025000
215.625000 3.378770 0.264000 4.125000
217.875000 3.586147 0.264000 4.220000
218.750000 3.794894 0.264000 4.320000
220.625000 4.004322 0.264000 4.420000
222.500000 4.214139 0.264000 4.525000
223.750000 4.214139 0.264000 4.620000
225.625000 4.454186 0.264000 4.730000
227.000000 4.664407 0.264000 4.825000
229.125000 4.864672 0.264000 4.925000
231.000000 5.064936 0.264000 5.025000
234.625000 5.274051 0.273000 5.130000
238.250000 5.477314 0.273000 5.220000
241.875000 5.678735 0.273000 5.315000
243.750000 5.882765 0.273000 5.420000
246.125000 6.108916 0.273000 5.525000
247.375000 6.317066 0.273000 5.630000
249.875000 6.546063 0.273000 5.725000
251.625000 6.755622 0.273000 5.820000
254.875000 6.965341 0.273000 5.925000
258.875000 7.174621 0.273000 6.025000
261.375000 7.380216 0.294000 6.125000
264.125000 7.380216 0.294000 6.220000
266.750000 7.591594 0.294000 6.330000
270.000000 7.824662 0.294000 6.425000
272.500000 8.031205 0.294000 6.520000
274.500000 8.238907 0.294000 6.625000
276.750000 8.507098 0.294000 6.725000
278.375000 8.715646 0.294000 6.825000
280.750000 8.924284 0.294000 6.925000
284.000000 9.133693 0.294000 7.025000
287.500000 9.343181 0.325000 7.125000
290.875000 9.553070 0.325000 7.225000
292.375000 9.754598 0.325000 7.325000
294.375000 9.955786 0.325000 7.425000
296.000000 10.156706 0.325000 7.525000
297.375000 10.360478 0.325000 7.625000
299.375000 10.360478 0.325000 7.725000
301.125000 10.591189 0.325000 7.825000
301.875000 10.799497 0.325000 7.925000
302.750000 11.002763 0.325000 8.020000
303.250000 11.203378 0.325000 8.130000
304.000000 11.203378 0.327000 8.230000
305.250000 11.412549 0.327000 8.330000
306.375000 11.614117 0.327000 8.415000
307.500000 11.614117 0.327000 8.515000
308.500000 11.815870 0.327000 8.630000
309.500000 12.023154 0.327000 8.715000
310.625000 12.230506 0.327000 8.825000
311.500000 12.230506 0.327000 8.920000
312.625000 12.431386 0.327000 9.025000
314.000000 12.655303 0.247000 9.115000
314.500000 12.655303 0.247000 9.220000
315.500000 12.855820 0.247000 9.325000
316.125000 13.058033 0.247000 9.415000
316.875000 13.260258 0.247000 9.520000
318.125000 13.260258 0.247000 9.625000
318.750000 13.480761 0.247000 9.715000
319.125000 13.700626 0.247000 9.825000
319.375000 13.700626 0.247000 9.915000
319.500000 13.906493 0.247000 10.025000
319.875000 14.121389 0.285000 10.130000
320.250000 14.121389 0.285000 10.215000
320.500000 14.322442 0.285000 10.325000
321.500000 14.528210 0.285000 10.430000
322.000000 14.741199 0.285000 10.530000
322.625000 14.741199 0.285000 10.615000
323.500000 14.946321 0.285000 10.725000
323.750000 15.151239 0.285000 10.810000
324.875000 15.355910 0.285000 10.915000
326.000000 15.556233 0.285000 11.025000
326.500000 15.761067 0.228000 11.125000
326.875000 15.966589 0.228000 11.230000
327.250000 15.966589 0.228000 11.315000
327.500000 16.376263 0.228000 11.430000
328.375000 16.376263 0.228000 11.525000
328.500000 16.608013 0.228000 11.615000
328.875000 16.817480 0.228000 11.715000
329.500000 17.037189 0.228000 11.825000
330.125000 17.247049 0.228000 11.930000
331.375000 17.456955 0.228000 12.015000
332.250000 17.666012 0.269000 12.125000
333.125000 17.889408 0.269000 12.230000
334.250000 18.102396 0.269000 12.320000
334.375000 18.307343 0.269000 12.425000
334.750000 18.513399 0.269000 12.515000
334.875000 18.719912 0.269000 12.625000
335.000000 18.926483 0.269000 12.725000
335.500000 18.926483 0.269000 12.815000
335.625000 19.133047 0.269000 12.920000
336.125000 19.369923 0.269000 13.025000
336.500000 19.577911 0.247000 13.115000
336.750000 19.800373 0.247000 13.225000
337.625000 20.021347 0.247000 13.315000
337.750000 20.021347 0.247000 13.420000
337.875000 20.221619 0.247000 13.530000
338.000000 20.221619 0.247000 13.625000
338.375000 20.221619 0.247000 13.710000
338.375000 20.422241 0.247000 13.815000
338.500000 20.422241 0.247000 13.925000
338.750000 20.422241 0.247000 14.015000
339.375000 20.422241 0.264000 14.125000
339.500000 20.422241 0.264000 14.215000
339.625000 20.422241 0.264000 14.330000
339.750000 20.422241 0.264000 14.415000
339.875000 20.622280 0.264000 14.525000
340.125000 20.622280 0.264000 14.625000
340.250000 20.622280 0.264000 14.715000
340.500000 20.622280 0.264000 14.825000
340.625000 20.622280 0.264000 14.930000
341.000000 20.622280 0.264000 15.025000
341.000000 20.622280 0.269000 15.115000
341.000000 20.622280 0.269000 15.220000
341.125000 20.622280 0.269000 15.325000
341.250000 20.622280 0.269000 15.425000
341.500000 20.622280 0.269000 15.515000
341.500000 20.622280 0.269000 15.625000
341.750000 20.622280 0.269000 15.725000
341.875000 20.622280 0.269000 15.830000
341.875000 20.622280 0.269000 15.915000
341.875000 20.622280 0.269000 16.025000
341.875000 20.843435 0.242000 16.115000
341.875000 20.843435 0.242000 16.225000
342.125000 21.047472 0.242000 16.309999
342.250000 21.269951 0.242000 16.424999
342.250000 21.269951 0.242000 16.514999
342.375000 21.499361 0.242000 16.625000
342.750000 21.704231 0.242000 16.725000
342.750000 21.909042 0.242000 16.830000
342.750000 21.909042 0.242000 16.924999
342.875000 22.112913 0.242000 17.014999
343.000000 22.318003 0.255000 17.125000
343.000000 22.318003 0.255000 17.209999
343.000000 22.525965 0.255000 17.325001
343.000000 22.744493 0.255000 17.410000
343.125000 22.953976 0.255000 17.514999
343.375000 23.167961 0.255000 17.625000
343.500000 23.413948 0.255000 17.719999
343.625000 23.622185 0.255000 17.815001
343.625000 23.831182 0.255000 17.924999
343.625000 24.040558 0.255000 18.014999
343.625000 24.249197 0.238000 18.120001
343.750000 24.454626 0.238000 18.225000
343.750000 24.454626 0.238000 18.315001
343.750000 24.670971 0.238000 18.424999
343.750000 24.670971 0.238000 18.520000
344.000000 24.871061 0.238000 18.625000
344.125000 24.871061 0.238000 18.709999
344.250000 24.871061 0.238000 18.815001
344.250000 24.871061 0.238000 18.924999
344.250000 25.072491 0.238000 19.004999
344.625000 25.072491 0.248000 19.125000
344.625000 25.072491 0.248000 19.215000
344.750000 25.072491 0.248000 19.320000
344.875000 25.072491 0.248000 19.424999
344.875000 25.072491 0.248000 19.525000
344.875000 25.072491 0.248000 19.615000
345.000000 25.072491 0.248000 19.725000
345.000000 25.072491 0.248000 19.809999
345.000000 25.072491 0.248000 19.920000
345.000000 25.072491 0.248000 20.020000
345.000000 25.072491 0.231000 20.125000
345.000000 25.072491 0.231000 20.215000
345.000000 25.072491 0.231000 20.320000
345.000000 25.072491 0.231000 20.424999
345.000000 25.072491 0.231000 20.510000
345.000000 25.072491 0.231000 20.625000
345.000000 25.072491 0.231000 20.715000
345.000000 25.072491 0.231000 20.820000
345.000000 25.072491 0.231000 20.930000
345.250000 25.072491 0.231000 21.014999
345.250000 25.072491 0.219000 21.125000
345.250000 25.272894 0.219000 21.215000
345.375000 25.478825 0.219000 21.325001
345.625000 25.686710 0.219000 21.410000
346.125000 25.908592 0.219000 21.530001
346.250000 26.114302 0.219000 21.620001
346.375000 26.321972 0.219000 21.730000
347.000000 26.321972 0.219000 21.815001
347.000000 26.737999 0.219000 21.924999
347.125000 26.737999 0.219000 22.014999
347.250000 26.945087 0.252000 22.120001
347.250000 27.170395 0.252000 22.225000
347.375000 27.372694 0.252000 22.315001
347.500000 27.573236 0.252000 22.424999
347.500000 27.777378 0.252000 22.520000
347.750000 27.777378 0.252000 22.620001
347.750000 27.983505 0.252000 22.725000
347.750000 28.210436 0.252000 22.809999
348.000000 28.414377 0.252000 22.924999
348.125000 28.414377 0.252000 23.010000
348.125000 28.618343 0.246000 23.125000
348.125000 28.823486 0.246000 23.225000
348.250000 28.823486 0.246000 23.315001
348.250000 29.029039 0.246000 23.424999
348.375000 29.233437 0.246000 23.530001
348.625000 29.437948 0.246000 23.620001
348.625000 29.437948 0.246000 23.725000
348.750000 29.657824 0.246000 23.815001
349.125000 29.862888 0.246000 23.930000
349.500000 30.067896 0.246000 24.014999
349.500000 30.067896 0.296000 24.120001
349.625000 30.272392 0.296000 24.225000
350.125000 30.491726 0.296000 24.315001
351.000000 30.491726 0.296000 24.420000
352.375000 30.693140 0.296000 24.514999
353.250000 30.899603 0.296000 24.625000
354.375000 31.103769 0.296000 24.719999
355.625000 31.306049 0.296000 24.825001
357.000000 31.511608 0.296000 24.910000
357.250000 31.718262 0.296000 25.020000
357.875000 31.935091 0.275000 25.129999
361.250000 32.160641 0.275000 25.215000
363.375000 32.365501 0.275000 25.325001
365.000000 32.365501 0.275000 25.415001
365.500000 32.574654 0.275000 25.520000
366.250000 32.574654 0.275000 25.625000
367.000000 32.776867 0.275000 25.730000
367.375000 32.776867 0.275000 25.815001
367.750000 32.983761 0.275000 25.924999
368.000000 32.983761 0.275000 26.025000
368.125000 32.983761 0.265000 26.115000
368.125000 33.184261 0.265000 26.225000
368.500000 33.184261 0.265000 26.330000
368.875000 33.394375 0.265000 26.415001
368.875000 33.394375 0.265000 26.530001
369.625000 33.602505 0.265000 26.625000
369.875000 33.807735 0.265000 26.709999
369.875000 33.807735 0.265000 26.825001
370.125000 34.024837 0.265000 26.920000
370.250000 34.241840 0.265000 27.030001
370.875000 34.241840 0.246000 27.115000
372.000000 34.443073 0.246000 27.219999
372.250000 34.643173 0.246000 27.330000
372.625000 34.643173 0.246000 27.415001
372.750000 34.850475 0.246000 27.525000
373.250000 35.052258 0.246000 27.620001
373.625000 35.255135 0.246000 27.715000
374.125000 35.255135 0.246000 27.825001
375.250000 35.459171 0.246000 27.910000
375.875000 35.693047 0.246000 28.025000
377.250000 35.693047 0.224000 28.115000
377.625000 35.899616 0.224000 28.225000
377.875000 36.121723 0.224000 28.320000
378.625000 36.121723 0.224000 28.424999
379.125000 36.344429 0.224000 28.525000
379.500000 36.568756 0.224000 28.615000
379.875000 36.568756 0.224000 28.725000
380.500000 36.794052 0.224000 28.830000
380.750000 36.997150 0.224000 28.930000
380.875000 37.200325 0.224000 29.014999
381.125000 37.200325 0.238000 29.125000
382.000000 37.403797 0.238000 29.209999
382.375000 37.607281 0.238000 29.325001
382.500000 37.810509 0.238000 29.415001
382.875000 37.810509 0.238000 29.520000
383.000000 38.046791 0.238000 29.615000
383.375000 38.262985 0.238000 29.725000
383.875000 38.505909 0.238000 29.809999
384.000000 38.713070 0.238000 29.915001
384.250000 38.931557 0.238000 30.025000
384.375000 39.140793 0.254000 30.115000
385.000000 39.349930 0.254000 30.219999
385.375000 39.559223 0.254000 30.330000
385.750000 39.559223 0.254000 30.415001
386.375000 39.978455 0.254000 30.530001
386.875000 39.978455 0.254000 30.615000
387.125000 40.188271 0.254000 30.725000
387.750000 40.418144 0.254000 30.815001
388.000000 40.637959 0.254000 30.924999
388.375000 40.847176 0.254000 31.010000
388.500000 41.053707 0.249000 31.129999
388.625000 41.292629 0.249000 31.225000
388.750000 41.292629 0.249000 31.309999
388.875000 41.514870 0.249000 31.415001
388.875000 41.514870 0.249000 31.530001
388.875000 41.715714 0.249000 31.615000
389.000000 41.715714 0.249000 31.719999
389.000000 41.715714 0.249000 31.825001
389.125000 41.715714 0.249000 31.915001
389.250000 41.916046 0.249000 32.020000
389.375000 41.916046 0.248000 32.115002
389.375000 41.916046 0.248000 32.224998
389.375000 41.916046 0.248000 32.314999
389.375000 41.916046 0.248000 32.424999
389.375000 41.916046 0.248000 32.509998
389.375000 41.916046 0.248000 32.625000
389.500000 41.916046 0.248000 32.715000
389.500000 41.916046 0.248000 32.825001
389.625000 41.916046 0.248000 32.924999
389.625000 41.916046 0.248000 33.014999
389.625000 41.916046 0.223000 33.130001
389.625000 41.916046 0.223000 33.215000
389.625000 41.916046 0.223000 33.325001
389.625000 41.916046 0.223000 33.410000
389.625000 41.916046 0.223000 33.520000
389.625000 41.916046 0.223000 33.625000
389.625000 41.916046 0.223000 33.715000
389.750000 42.116966 0.223000 33.825001
389.875000 42.320766 0.223000 33.915001
389.875000 42.529461 0.223000 34.025002
389.875000 42.529461 0.246000 34.115002
390.000000 42.730808 0.246000 34.224998
390.000000 42.956017 0.246000 34.310001
390.125000 43.173782 0.246000 34.415001
390.375000 43.403057 0.246000 34.529999
390.625000 43.603252 0.246000 34.625000
390.625000 43.803841 0.246000 34.720001
390.750000 44.004597 0.246000 34.830002
391.000000 44.205444 0.246000 34.915001
391.250000 44.405891 0.246000 35.025002
391.625000 44.643070 0.258000 35.110001
391.875000 44.857319 0.258000 35.224998
392.000000 44.857319 0.258000 35.314999
392.000000 45.063698 0.258000 35.419998
392.125000 45.063698 0.258000 35.525002
392.250000 45.264629 0.258000 35.619999
392.375000 45.264629 0.258000 35.730000
392.500000 45.264629 0.258000 35.825001
392.625000 45.469196 0.258000 35.910000
392.625000 45.469196 0.258000 36.014999
392.625000 45.469196 0.280000 36.130001
392.625000 45.469196 0.280000 36.215000
392.625000 45.469196 0.280000 36.325001
392.625000 45.469196 0.280000 36.415001
392.625000 45.469196 0.280000 36.520000
392.625000 45.469196 0.280000 36.619999
392.625000 45.469196 0.280000 36.715000
392.625000 45.469196 0.280000 36.825001
392.750000 45.469196 0.280000 36.935001
392.750000 45.469196 0.280000 37.025002
392.750000 45.469196 0.261000 37.105000
392.750000 45.469196 0.261000 37.224998
392.750000 45.469196 0.261000 37.305000
392.875000 45.469196 0.261000 37.419998
392.875000 45.469196 0.261000 37.525002
392.875000 45.469196 0.261000 37.605000
392.875000 45.469196 0.261000 37.715000
392.875000 45.469196 0.261000 37.825001
393.000000 45.469196 0.261000 37.915001
393.000000 45.469196 0.261000 38.025002
393.000000 45.469196 0.246000 38.115002
393.000000 45.469196 0.246000 38.224998
393.125000 45.469196 0.246000 38.310001
393.375000 45.671413 0.246000 38.419998
393.625000 45.871712 0.246000 38.525002
393.625000 46.076077 0.246000 38.630001
393.875000 46.279556 0.246000 38.730000
394.000000 46.486034 0.246000 38.814999
394.125000 46.694248 0.246000 38.924999
394.250000 46.933712 0.246000 39.025002
394.625000 47.154099 0.239000 39.119999
394.750000 47.362206 0.239000 39.220001
394.750000 47.563061 0.239000 39.314999
394.750000 47.563061 0.239000 39.430000
395.125000 47.786015 0.239000 39.514999
395.125000 47.988937 0.239000 39.625000
395.125000 48.194904 0.239000 39.715000
395.250000 48.194904 0.239000 39.825001
395.500000 48.399387 0.239000 39.915001
395.500000 48.634560 0.239000 40.025002
395.500000 48.634560 0.281000 40.110001
395.625000 48.839859 0.281000 40.215000
396.000000 49.045338 0.281000 40.314999
396.000000 49.251579 0.281000 40.430000
396.125000 49.453281 0.281000 40.520000
396.250000 49.453281 0.281000 40.625000
396.500000 49.687378 0.281000 40.715000
396.625000 49.910416 0.281000 40.825001
397.375000 50.117374 0.281000 40.930000
398.500000 50.325878 0.281000 41.014999
399.125000 50.535130 0.250000 41.125000
399.750000 50.764313 0.250000 41.209999
401.500000 50.982727 0.250000 41.320000
402.500000 51.190685 0.250000 41.430000
404.000000 51.398766 0.250000 41.520000
404.750000 51.607300 0.250000 41.625000
405.000000 51.607300 0.250000 41.709999
406.375000 52.025860 0.250000 41.825001
406.875000 52.025860 0.250000 41.904999
408.000000 52.235458 0.250000 42.025002
408.625000 52.463070 0.229000 42.110001
409.000000 52.683758 0.229000 42.220001
410.000000 52.898903 0.229000 42.325001
410.375000 53.102776 0.229000 42.410000
411.750000 53.102776 0.229000 42.520000
412.500000 53.309349 0.229000 42.625000
412.875000 53.531639 0.229000 42.709999
414.000000 53.531639 0.229000 42.820000
414.500000 53.737251 0.229000 42.924999
414.875000 53.972107 0.229000 43.009998
416.125000 53.972107 0.245000 43.125000
416.125000 54.206978 0.245000 43.215000
416.625000 54.409248 0.245000 43.325001
416.625000 54.409248 0.245000 43.424999
417.000000 54.409248 0.245000 43.514999
417.250000 54.621235 0.245000 43.625000
417.625000 54.621235 0.245000 43.724998
418.250000 54.621235 0.245000 43.814999
418.500000 54.621235 0.245000 43.924999
418.500000 54.621235 0.245000 44.014999
418.875000 54.621235 0.245000 44.119999
419.250000 54.621235 0.245000 44.224998
419.250000 54.821629 0.245000 44.314999
419.250000 54.821629 0.245000 44.430000
419.375000 54.821629 0.245000 44.525002
419.375000 54.821629 0.245000 44.625000
419.375000 54.821629 0.245000 44.724998
419.500000 54.821629 0.245000 44.825001
419.625000 54.821629 0.245000 44.935001
419.875000 54.821629 0.245000 45.014999
419.875000 54.821629 0.232000 45.125000
419.875000 54.821629 0.232000 45.230000
419.875000 54.821629 0.232000 45.314999
419.875000 54.821629 0.232000 45.419998
419.875000 54.821629 0.232000 45.514999
419.875000 54.821629 0.232000 45.625000
419.875000 54.821629 0.232000 45.715000
419.875000 54.821629 0.232000 45.825001
419.875000 55.024590 0.232000 45.915001
420.125000 55.227119 0.232000 46.025002
420.125000 55.436146 0.219000 46.115002
420.250000 55.642803 0.219000 46.224998
420.375000 55.642803 0.219000 46.320000
420.625000 56.053520 0.219000 46.430000
421.000000 56.053520 0.219000 46.520000
421.250000 56.262051 0.219000 46.630001
421.375000 56.501518 0.219000 46.724998
421.500000 56.711521 0.219000 46.814999
421.875000 56.911743 0.219000 46.919998
421.875000 57.112114 0.219000 47.029999
422.000000 57.312508 0.271000 47.125000
422.000000 57.521420 0.271000 47.209999
422.250000 57.724487 0.271000 47.330002
422.375000 57.945450 0.271000 47.415001
422.500000 58.149059 0.271000 47.525002
422.500000 58.149059 0.271000 47.615002
422.500000 58.374695 0.271000 47.730000
422.500000 58.580032 0.271000 47.814999
422.500000 58.580032 0.271000 47.919998
422.500000 58.806210 0.271000 48.020000
422.500000 59.009270 0.261000 48.125000
422.625000 59.009270 0.261000 48.215000
422.625000 59.212845 0.261000 48.325001
422.625000 59.417339 0.261000 48.410000
422.750000 59.618916 0.261000 48.520000
422.750000 59.823570 0.261000 48.610001
422.750000 60.031212 0.261000 48.724998
422.875000 60.235447 0.261000 48.810001
422.875000 60.442783 0.261000 48.915001
422.875000 60.651699 0.261000 49.029999
422.875000 60.651699 0.265000 49.119999
422.875000 61.067520 0.265000 49.230000
423.000000 61.067520 0.265000 49.325001
423.125000 61.275948 0.265000 49.404999
423.125000 61.476135 0.265000 49.514999
423.125000 61.689808 0.265000 49.625000
423.250000 61.689808 0.265000 49.709999
423.250000 61.891064 0.265000 49.825001
423.250000 62.098442 0.265000 49.910000
423.250000 62.305168 0.265000 50.014999
423.250000 62.305168 0.289000 50.125000
423.500000 62.534626 0.289000 50.215000
423.750000 62.774059 0.289000 50.325001
423.875000 62.774059 0.289000 50.410000
423.875000 62.977268 0.289000 50.529999
423.875000 63.178635 0.289000 50.625000
424.000000 63.398533 0.289000 50.715000
424.125000 63.633904 0.289000 50.830002
424.250000 63.872295 0.289000 50.910000
424.375000 64.092072 0.289000 51.025002
424.375000 64.292366 0.295000 51.125000
424.500000 64.502129 0.295000 51.224998
424.500000 64.702667 0.295000 51.325001
424.500000 64.911064 0.295000 51.424999
424.625000 65.119102 0.295000 51.514999
424.875000 65.326500 0.295000 51.625000
424.875000 65.326500 0.295000 51.709999
424.875000 65.533707 0.295000 51.825001
425.000000 65.738655 0.295000 51.931000
425.125000 65.968552 0.295000 52.014999
425.125000 66.168610 0.293000 52.125000
425.125000 66.168610 0.293000 52.224998
425.125000 66.370430 0.293000 52.320000
425.375000 66.370430 0.293000 52.424999
425.375000 66.571968 0.293000 52.511002
425.375000 66.571968 0.293000 52.625000
425.375000 66.571968 0.293000 52.715000
425.375000 66.774734 0.293000 52.825001
425.375000 66.774734 0.293000 52.915001
425.375000 66.774734 0.293000 53.020000
425.375000 66.774734 0.267000 53.110001
425.375000 66.774734 0.267000 53.220001
425.375000 66.774734 0.267000 53.320000
425.375000 66.774734 0.267000 53.410000
425.375000 66.774734 0.267000 53.525002
425.500000 66.774734 0.267000 53.610001
425.500000 66.774734 0.267000 53.724998
425.500000 66.774734 0.267000 53.820000
425.500000 66.774734 0.267000 53.910000
425.500000 66.774734 0.267000 54.020000
425.500000 66.774734 0.234000 54.130001
425.500000 66.774734 0.234000 54.220001
425.500000 66.774734 0.234000 54.320000
425.500000 66.774734 0.234000 54.404999
425.500000 66.774734 0.234000 54.514999
425.500000 66.774734 0.234000 54.630001
425.500000 66.774734 0.234000 54.715000
425.625000 66.774734 0.234000 54.825001
425.625000 66.774734 0.234000 54.904999
425.625000 66.774734 0.234000 55.029999
425.750000 66.774734 0.232000 55.130001
425.750000 66.774734 0.232000 55.220001
425.750000 66.774734 0.232000 55.310001
425.750000 66.774734 0.232000 55.419998
425.750000 66.774734 0.232000 55.525002
425.750000 66.774734 0.232000 55.610001
425.750000 66.774734 0.232000 55.720001
425.875000 66.774734 0.232000 55.825001
425.875000 66.774734 0.232000 55.919998
425.875000 66.774734 0.232000 56.029999
425.875000 66.774734 0.237000 56.119999
425.875000 66.774734 0.237000 56.230000
425.875000 66.774734 0.237000 56.325001
426.000000 66.774734 0.237000 56.424999
426.000000 66.774734 0.237000 56.514999
426.125000 66.980179 0.237000 56.625000
426.375000 66.980179 0.237000 56.715000
426.500000 67.180939 0.237000 56.825001
426.625000 67.180939 0.237000 56.930000
426.750000 67.385468 0.237000 57.014999
426.750000 67.591812 0.233000 57.125000
426.875000 67.796700 0.233000 57.220001
427.000000 67.999504 0.233000 57.310001
427.125000 68.205978 0.233000 57.415001
427.125000 68.413780 0.233000 57.525002
427.250000 68.622452 0.233000 57.615002
427.375000 68.827591 0.233000 57.730000
427.500000 68.827591 0.233000 57.814999
427.500000 69.033173 0.233000 57.930000
427.750000 69.236191 0.233000 58.014999
427.750000 69.236191 0.274000 58.130001
427.750000 69.236191 0.274000 58.220001
427.750000 69.441490 0.274000 58.325001
427.750000 69.441490 0.274000 58.424999
427.750000 69.441490 0.274000 58.514999
428.000000 69.441490 0.274000 58.625000
428.000000 69.441490 0.274000 58.709999
428.000000 69.441490 0.274000 58.825001
428.125000 69.441490 0.274000 58.915001
428.125000 69.441490 0.274000 59.020000
428.375000 69.641853 0.249000 59.125000
428.500000 69.641853 0.249000 59.224998
428.500000 69.641853 0.249000 59.314999
428.500000 69.641853 0.249000 59.424999
428.500000 69.641853 0.249000 59.514999
428.500000 69.641853 0.249000 59.625000
428.500000 69.641853 0.249000 59.730000
428.500000 69.641853 0.249000 59.830002
428.500000 69.641853 0.249000 59.930000
428.500000 69.641853 0.249000 60.014999
428.500000 69.641853 0.211000 60.119999
428.500000 69.641853 0.211000 60.215000
428.500000 69.641853 0.211000 60.320000
428.500000 69.641853 0.211000 60.424999
428.500000 69.641853 0.211000 60.520000
428.500000 69.641853 0.211000 60.625000
428.750000 69.641853 0.211000 60.709999
429.375000 69.844749 0.211000 60.825001
429.625000 70.051956 0.211000 60.924999
429.750000 70.256447 0.211000 61.014999
429.750000 70.459908 0.232000 61.119999
429.875000 70.661430 0.232000 61.220001
429.875000 70.661430 0.232000 61.314999
430.000000 70.865723 0.232000 61.424999
430.125000 71.100182 0.232000 61.529999
430.125000 71.306473 0.232000 61.615002
430.375000 71.513771 0.232000 61.720001
430.375000 71.742012 0.232000 61.825001
430.375000 71.981148 0.232000 61.910000
430.500000 72.200684 0.232000 62.020000
430.625000 72.410454 0.245000 62.125000
430.625000 72.614014 0.245000 62.230000
430.750000 72.614014 0.245000 62.314999
431.000000 72.821205 0.245000 62.419998
431.000000 73.024612 0.245000 62.525002
431.000000 73.024612 0.245000 62.619999
431.125000 73.024612 0.245000 62.724998
431.375000 73.229034 0.245000 62.814999
431.375000 73.229034 0.245000 62.919998
431.375000 73.229034 0.245000 63.025002
431.375000 73.229034 0.245000 63.110001
431.375000 73.229034 0.245000 63.215000
431.375000 73.229034 0.245000 63.330002
431.500000 73.229034 0.245000 63.419998
431.500000 73.229034 0.245000 63.525002
431.500000 73.229034 0.245000 63.619999
431.500000 73.229034 0.245000 63.724998
431.500000 73.229034 0.245000 63.810001
431.500000 73.229034 0.245000 63.930000
431.625000 73.429070 0.245000 64.014999
431.625000 73.429070 0.231000 64.125000
431.625000 73.429070 0.231000 64.214996
431.625000 73.429070 0.231000 64.324997
431.625000 73.429070 0.231000 64.425003
431.625000 73.429070 0.231000 64.529999
431.625000 73.429070 0.231000 64.614998
431.625000 73.429070 0.231000 64.724998
431.750000 73.429070 0.231000 64.824997
431.750000 73.429070 0.231000 64.919998
431.750000 73.429070 0.231000 65.010002
431.750000 73.429070 0.221000 65.114998
431.750000 73.429070 0.221000 65.224998
431.750000 73.429070 0.221000 65.330002
431.750000 73.429070 0.221000 65.415001
431.875000 73.650558 0.221000 65.525002
431.875000 73.858116 0.221000 65.614998
431.875000 73.858116 0.221000 65.724998
431.875000 74.093391 0.221000 65.820000
431.875000 74.299683 0.221000 65.925003
431.875000 74.502640 0.221000 66.010002
431.875000 74.709236 0.221000 66.120003
431.875000 74.917397 0.258000 66.220001
431.875000 75.124817 0.258000 66.330002
432.000000 75.326393 0.258000 66.415001
432.000000 75.326393 0.258000 66.525002
432.000000 75.526810 0.258000 66.625000
432.000000 75.526810 0.258000 66.720001
432.000000 75.526810 0.258000 66.824997
432.000000 75.526810 0.258000 66.925003
432.000000 75.727768 0.258000 67.014999
432.000000 75.727768 0.254000 67.125000
432.000000 75.727768 0.254000 67.214996
432.000000 75.727768 0.254000 67.330002
432.000000 75.727768 0.254000 67.425003
432.125000 75.727768 0.254000 67.514999
432.125000 75.727768 0.254000 67.625000
432.125000 75.727768 0.254000 67.724998
432.125000 75.727768 0.254000 67.830002
432.125000 75.727768 0.254000 67.919998
432.125000 75.727768 0.254000 68.019997
432.125000 75.727768 0.268000 68.129997
432.250000 75.727768 0.268000 68.214996
432.250000 75.727768 0.268000 68.324997
432.250000 75.727768 0.268000 68.425003
432.250000 75.727768 0.268000 68.519997
432.250000 75.727768 0.268000 68.629997
432.250000 75.727768 0.268000 68.720001
432.250000 75.727768 0.268000 68.824997
432.250000 75.727768 0.268000 68.925003
432.250000 75.727768 0.268000 69.014999
432.250000 75.727768 0.265000 69.129997
432.250000 75.727768 0.265000 69.224998
432.250000 75.727768 0.265000 69.324997
432.250000 75.727768 0.265000 69.419998
432.250000 75.931198 0.265000 69.525002
432.375000 76.164352 0.265000 69.625000
432.375000 76.395210 0.265000 69.709999
432.375000 76.597076 0.265000 69.815002
432.625000 76.802795 0.265000 69.930000
432.625000 77.010437 0.265000 70.014999
432.875000 77.218628 0.245000 70.125000
433.000000 77.419601 0.245000 70.209999
433.125000 77.620598 0.245000 70.315002
433.250000 77.821495 0.245000 70.425003
433.750000 78.023087 0.245000 70.529999
434.000000 78.224831 0.245000 70.620003
434.000000 78.426697 0.245000 70.720001
434.125000 78.628899 0.245000 70.824997
434.375000 78.831337 0.245000 70.915001
434.500000 79.032761 0.245000 71.025002
434.625000 79.237762 0.237000 71.129997
434.875000 79.445679 0.237000 71.230003
435.000000 79.445679 0.237000 71.330002
435.000000 79.661415 0.237000 71.415001
435.250000 79.867836 0.237000 71.525002
435.250000 80.072380 0.237000 71.614998
435.625000 80.072380 0.237000 71.730003
435.750000 80.272621 0.237000 71.815002
436.000000 80.501282 0.237000 71.925003
436.500000 80.501282 0.237000 72.014999
436.500000 80.730385 0.237000 72.125000
436.875000 80.934860 0.306000 72.209999
437.000000 80.934860 0.306000 72.324997
437.250000 81.146698 0.306000 72.425003
437.375000 81.365959 0.306000 72.514999
437.375000 81.365959 0.306000 72.629997
437.625000 81.592598 0.306000 72.714996
437.875000 81.813637 0.306000 72.820000
438.000000 81.813637 0.306000 72.930000
438.375000 82.044403 0.306000 73.025002
438.625000 82.253777 0.278000 73.114998
438.625000 82.456184 0.278000 73.230003
439.250000 82.456184 0.278000 73.315002
439.625000 82.659897 0.278000 73.425003
439.750000 82.864059 0.278000 73.514999
439.875000 82.864059 0.278000 73.625000
440.250000 83.081764 0.278000 73.709999
440.500000 83.282402 0.278000 73.824997
440.625000 83.489204 0.278000 73.925003
441.250000 83.489204 0.278000 74.019997
441.250000 83.703629 0.288000 74.125000
441.250000 83.910881 0.288000 74.214996
441.375000 83.910881 0.288000 74.320000
441.625000 84.112991 0.288000 74.425003
442.125000 84.347603 0.288000 74.514999
442.125000 84.347603 0.288000 74.625000
442.750000 84.553001 0.288000 74.714996
443.125000 84.766289 0.288000 74.824997
443.875000 84.972237 0.288000 74.925003
444.500000 84.972237 0.288000 75.010002
445.000000 85.203613 0.303000 75.114998
445.250000 85.406502 0.303000 75.224998
445.625000 85.608528 0.303000 75.315002
445.875000 85.809502 0.303000 75.425003
446.125000 86.014305 0.303000 75.525002
446.625000 86.221581 0.303000 75.625000
447.125000 86.430557 0.303000 75.714996
447.500000 86.640495 0.303000 75.824997
447.875000 86.840889 0.303000 75.915001
448.000000 87.041512 0.303000 76.019997
448.125000 87.250565 0.291000 76.125000
448.625000 87.250565 0.291000 76.209999
449.250000 87.455460 0.291000 76.320000
449.750000 87.660873 0.291000 76.430000
450.625000 87.892227 0.291000 76.514999
450.875000 88.093521 0.291000 76.625000
451.000000 88.297653 0.291000 76.714996
451.125000 88.498566 0.291000 76.830002
451.375000 88.498566 0.291000 76.915001
451.375000 88.712288 0.291000 77.025002
451.500000 88.918785 0.297000 77.129997
451.750000 88.918785 0.297000 77.235001
452.000000 89.124153 0.297000 77.324997
452.250000 89.358902 0.297000 77.415001
452.375000 89.562149 0.297000 77.529999
452.500000 89.562149 0.297000 77.610001
452.500000 89.763985 0.297000 77.730003
452.625000 89.964256 0.297000 77.815002
452.625000 89.964256 0.297000 77.925003
452.625000 90.184532 0.297000 78.014999
453.000000 90.411354 0.243000 78.129997
453.625000 90.411354 0.243000 78.220001
453.750000 90.617882 0.243000 78.330002
454.000000 90.847084 0.243000 78.425003
454.000000 90.847084 0.243000 78.519997
454.500000 91.048454 0.243000 78.625000
456.125000 91.282204 0.243000 78.709999
457.500000 91.282204 0.243000 78.815002
460.375000 91.486168 0.243000 78.925003
462.500000 91.691971 0.243000 79.014999
463.500000 91.905113 0.265000 79.125000
464.875000 91.905113 0.265000 79.214996
466.125000 92.110367 0.265000 79.324997
467.375000 92.337463 0.265000 79.430000
468.500000 92.541512 0.265000 79.519997
470.125000 92.541512 0.265000 79.629997
471.750000 92.745384 0.265000 79.720001
472.750000 92.971611 0.265000 79.824997
473.875000 92.971611 0.265000 79.925003
474.375000 93.197922 0.265000 80.014999
475.000000 93.417450 0.240000 80.125000
475.625000 93.417450 0.240000 80.214996
477.000000 93.621727 0.240000 80.324997
477.625000 93.826111 0.240000 80.410004
478.375000 94.026894 0.240000 80.519997
479.375000 94.232353 0.240000 80.625000
480.125000 94.435265 0.240000 80.714996
481.250000 94.651505 0.240000 80.830002
481.625000 94.859726 0.240000 80.915001
482.125000 95.068817 0.240000 81.029999
482.750000 95.278221 0.243000 81.120003
483.125000 95.487778 0.243000 81.224998
484.000000 95.487778 0.243000 81.315002
485.125000 95.697205 0.243000 81.419998
485.500000 95.905228 0.243000 81.525002
486.625000 96.126198 0.243000 81.635002
487.250000 96.126198 0.243000 81.720001
487.750000 96.326912 0.243000 81.830002
488.250000 96.326912 0.243000 81.915001
488.250000 96.326912 0.243000 82.019997
489.000000 96.326912 0.249000 82.110001
489.250000 96.530731 0.249000 82.224998
489.875000 96.530731 0.249000 82.320000
490.500000 96.530731 0.249000 82.425003
490.625000 96.530731 0.249000 82.510002
490.875000 96.530731 0.249000 82.620003
491.375000 96.530731 0.249000 82.724998
491.750000 96.530731 0.249000 82.824997
492.250000 96.530731 0.249000 82.925003
492.500000 96.530731 0.249000 83.014999
492.750000 96.530731 0.257000 83.120003
493.000000 96.530731 0.257000 83.205002
493.000000 96.530731 0.257000 83.320000
493.500000 96.530731 0.257000 83.415001
493.750000 96.530731 0.257000 83.529999
494.250000 96.530731 0.257000 83.614998
494.750000 96.530731 0.257000 83.720001
494.875000 96.530731 0.257000 83.824997
495.250000 96.530731 0.257000 83.915001
496.000000 96.530731 0.257000 84.019997
496.375000 96.530731 0.227000 84.114998
496.875000 96.735336 0.227000 84.230003
497.375000 96.735336 0.227000 84.315002
497.875000 96.936241 0.227000 84.425003
498.625000 96.936241 0.227000 84.514999
499.000000 97.142189 0.227000 84.629997
499.375000 97.343452 0.227000 84.714996
500.000000 97.545486 0.227000 84.824997
500.375000 97.545486 0.227000 84.910004
500.875000 97.749405 0.227000 85.019997
501.125000 97.749405 0.242000 85.125000
501.375000 97.749405 0.242000 85.214996
501.750000 97.749405 0.242000 85.324997
501.875000 97.749405 0.242000 85.415001
502.500000 97.949409 0.242000 85.525002
502.875000 97.949409 0.242000 85.614998
503.000000 97.949409 0.242000 85.730003
503.250000 97.949409 0.242000 85.815002
503.625000 97.949409 0.242000 85.930000
503.625000 97.949409 0.242000 86.019997
504.000000 97.949409 0.237000 86.125000
504.250000 97.949409 0.237000 86.220001
504.625000 97.949409 0.237000 86.324997
505.375000 97.949409 0.237000 86.415001
505.875000 97.949409 0.237000 86.525002
506.500000 98.152649 0.237000 86.610001
507.125000 98.152649 0.237000 86.724998
508.875000 98.355049 0.237000 86.809998
509.250000 98.579254 0.237000 86.925003
509.375000 98.579254 0.237000 87.004997
509.375000 98.791473 0.236000 87.114998
509.500000 99.199280 0.236000 87.224998
509.750000 99.199280 0.236000 87.315002
509.750000 99.406105 0.236000 87.430000
510.125000 99.643097 0.236000 87.514999
510.125000 99.871414 0.236000 87.625000
510.125000 100.080566 0.236000 87.714996
510.375000 100.289917 0.236000 87.824997
510.375000 100.519371 0.236000 87.930000
510.500000 100.738914 0.236000 88.025002
510.750000 100.947784 0.288000 88.110001
510.875000 101.151505 0.288000 88.220001
512.000000 101.151505 0.288000 88.324997
512.375000 101.377357 0.288000 88.425003
512.375000 101.581078 0.288000 88.525002
512.625000 101.581078 0.288000 88.625000
512.625000 101.581078 0.288000 88.714996
512.750000 101.783081 0.288000 88.824997
512.750000 101.783081 0.288000 88.915001
512.750000 101.783081 0.288000 89.025002
513.375000 101.783081 0.239000 89.125000
513.375000 101.783081 0.239000 89.224998
513.375000 101.783081 0.239000 89.315002
513.375000 101.783081 0.239000 89.425003
513.375000 101.783081 0.239000 89.510002
513.375000 101.783081 0.239000 89.614998
513.375000 101.783081 0.239000 89.724998
513.375000 101.783081 0.239000 89.824997
513.500000 101.983185 0.239000 89.919998
513.500000 101.983185 0.239000 90.029999
513.625000 101.983185 0.228000 90.114998
513.625000 101.983185 0.228000 90.220001
513.625000 101.983185 0.228000 90.330002
513.625000 101.983185 0.228000 90.415001
513.625000 101.983185 0.228000 90.519997
513.625000 101.983185 0.228000 90.610001
513.625000 101.983185 0.228000 90.720001
513.625000 101.983185 0.228000 90.830002
513.625000 101.983185 0.228000 90.930000
513.625000 101.983185 0.228000 91.019997
513.625000 101.983185 0.251000 91.125000
513.625000 101.983185 0.251000 91.209999
513.625000 102.183502 0.251000 91.320000
513.625000 102.183502 0.251000 91.430000
513.625000 102.414062 0.251000 91.514999
513.625000 102.414062 0.251000 91.625000
513.625000 102.627495 0.251000 91.724998
513.625000 102.848106 0.251000 91.824997
513.625000 103.049362 0.251000 91.930000
513.625000 103.049362 0.251000 92.014999
513.750000 103.253754 0.251000 92.125000
513.750000 103.459053 0.251000 92.230003
513.750000 103.459053 0.251000 92.315002
513.750000 103.663780 0.251000 92.430000
513.750000 103.870300 0.251000 92.519997
513.750000 104.071045 0.251000 92.625000
513.875000 104.271667 0.251000 92.714996
513.875000 104.472198 0.251000 92.824997
513.875000 104.677338 0.251000 92.915001
513.875000 104.884247 0.251000 93.025002
513.875000 104.884247 0.259000 93.110001
513.875000 105.091599 0.259000 93.214996
514.000000 105.298889 0.259000 93.324997
514.000000 105.535400 0.259000 93.425003
514.125000 105.751801 0.259000 93.514999
515.000000 105.967903 0.259000 93.625000
515.125000 106.213287 0.259000 93.709999
515.375000 106.429298 0.259000 93.824997
515.375000 106.635696 0.259000 93.930000
515.625000 106.842392 0.259000 94.014999
515.750000 107.048920 0.272000 94.129997
515.750000 107.048920 0.272000 94.214996
516.000000 107.253487 0.272000 94.324997
516.625000 107.482117 0.272000 94.415001
516.750000 107.688492 0.272000 94.525002
517.125000 107.888863 0.272000 94.610001
517.375000 107.888863 0.272000 94.724998
517.500000 108.112396 0.272000 94.815002
517.625000 108.340736 0.272000 94.925003
517.625000 108.340736 0.272000 95.014999
517.750000 108.540771 0.257000 95.129997
518.125000 108.774940 0.257000 95.220001
518.500000 108.774940 0.257000 95.315002
518.500000 108.977615 0.257000 95.425003
518.625000 108.977615 0.257000 95.525002
519.000000 108.977615 0.257000 95.620003
519.500000 109.179276 0.257000 95.714996
519.750000 109.179276 0.257000 95.824997
519.750000 109.179276 0.257000 95.925003
519.750000 109.179276 0.257000 96.010002
519.750000 109.179276 0.250000 96.114998
519.875000 109.179276 0.250000 96.220001
520.250000 109.179276 0.250000 96.324997
520.250000 109.179276 0.250000 96.410004
520.375000 109.179276 0.250000 96.525002
520.500000 109.179276 0.250000 96.614998
520.500000 109.179276 0.250000 96.724998
520.625000 109.179276 0.250000 96.815002
520.750000 109.179276 0.250000 96.925003
520.875000 109.179276 0.250000 97.029999
520.875000 109.379349 0.245000 97.129997
520.875000 109.379349 0.245000 97.220001
520.875000 109.379349 0.245000 97.320000
520.875000 109.379349 0.245000 97.425003
520.875000 109.379349 0.245000 97.514999
520.875000 109.379349 0.245000 97.620003
520.875000 109.379349 0.245000 97.709999
521.000000 109.379349 0.245000 97.820000
521.000000 109.379349 0.245000 97.930000
521.250000 109.379349 0.245000 98.019997
521.250000 109.379349 0.244000 98.125000
521.500000 109.379349 0.244000 98.224998
521.750000 109.583076 0.244000 98.315002
521.875000 109.789795 0.244000 98.425003
521.875000 109.789795 0.244000 98.519997
521.875000 109.994278 0.244000 98.625000
522.000000 110.216339 0.244000 98.714996
522.125000 110.437332 0.244000 98.824997
522.125000 110.681786 0.244000 98.930000
522.125000 110.899132 0.244000 99.019997
522.125000 111.107658 0.231000 99.129997
522.250000 111.311501 0.231000 99.220001
522.250000 111.513847 0.231000 99.330002
522.250000 111.513847 0.231000 99.415001
522.250000 111.727615 0.231000 99.529999
522.250000 111.727615 0.231000 99.610001
522.250000 111.727615 0.231000 99.724998
522.250000 111.934364 0.231000 99.815002
522.250000 111.934364 0.231000 99.925003
522.250000 111.934364 0.231000 100.029999
522.250000 111.934364 0.265000 100.114998
522.250000 111.934364 0.265000 100.230003
522.500000 111.934364 0.265000 100.315002
522.500000 111.934364 0.265000 100.430000
522.500000 111.934364 0.265000 100.519997
522.500000 111.934364 0.265000 100.629997
522.500000 111.934364 0.265000 100.714996
522.500000 111.934364 0.265000 100.824997
522.625000 111.934364 0.265000 100.919998
522.625000 112.134743 0.265000 101.019997
522.625000 112.134743 0.259000 101.125000
522.625000 112.134743 0.259000 101.224998
522.625000 112.134743 0.259000 101.320000
522.625000 112.134743 0.259000 101.430000
522.625000 112.134743 0.259000 101.525002
522.625000 112.134743 0.259000 101.625000
522.625000 112.134743 0.259000 101.720001
522.750000 112.134743 0.259000 101.824997
522.750000 112.134743 0.259000 101.930000
522.875000 112.340813 0.259000 102.019997
523.000000 112.545341 0.262000 102.125000
523.000000 112.545341 0.262000 102.214996
523.125000 112.760513 0.262000 102.320000
523.125000 112.966980 0.262000 102.425003
523.250000 112.966980 0.262000 102.514999
523.375000 113.173775 0.262000 102.620003
523.500000 113.373993 0.262000 102.709999
523.625000 113.575226 0.262000 102.820000
523.750000 113.575226 0.262000 102.910004
523.750000 113.777855 0.262000 103.029999
523.875000 113.980171 0.228000 103.114998
524.000000 114.183762 0.228000 103.224998
524.000000 114.183762 0.228000 103.309998
524.000000 114.388016 0.228000 103.419998
524.125000 114.592857 0.228000 103.525002
524.125000 114.795097 0.228000 103.610001
524.125000 115.001846 0.228000 103.724998
524.250000 115.001846 0.228000 103.809998
524.250000 115.205917 0.228000 103.919998
524.500000 115.409180 0.228000 104.029999
524.500000 115.638023 0.201000 104.120003
524.500000 115.876671 0.201000 104.224998
524.500000 116.125229 0.201000 104.320000
524.500000 116.333916 0.201000 104.425003
524.500000 116.333916 0.201000 104.504997
524.500000 116.746567 0.201000 104.629997
524.500000 116.746567 0.201000 104.714996
524.500000 116.964577 0.201000 104.830002
524.500000 117.170547 0.201000 104.930000
524.500000 117.170547 0.201000 105.019997
524.750000 117.371407 0.241000 105.129997
524.750000 117.571526 0.241000 105.214996
525.000000 117.571526 0.241000 105.324997
525.250000 117.774979 0.241000 105.415001
525.250000 117.774979 0.241000 105.525002
525.500000 117.982666 0.241000 105.629997
525.625000 117.982666 0.241000 105.724998
526.000000 117.982666 0.241000 105.809998
526.125000 117.982666 0.241000 105.925003
526.125000 117.982666 0.241000 106.010002
526.250000 117.982666 0.250000 106.125000
526.375000 118.183212 0.250000 106.235001
526.500000 118.183212 0.250000 106.315002
526.625000 118.183212 0.250000 106.425003
526.625000 118.183212 0.250000 106.529999
526.625000 118.183212 0.250000 106.629997
526.750000 118.183212 0.250000 106.724998
526.750000 118.183212 0.250000 106.809998
526.750000 118.183212 0.250000 106.925003
526.875000 118.183212 0.250000 107.014999
527.125000 118.183212 0.246000 107.125000
527.125000 118.183212 0.246000 107.209999
527.500000 118.395920 0.246000 107.320000
528.250000 118.598129 0.246000 107.430000
528.750000 118.598129 0.246000 107.519997
529.875000 118.802780 0.246000 107.629997
531.625000 119.047546 0.246000 107.724998
532.750000 119.248657 0.246000 107.824997
534.000000 119.451691 0.246000 107.915001
535.375000 119.656914 0.246000 108.025002
535.875000 119.893280 0.238000 108.125000
536.875000 120.111382 0.238000 108.220001
537.500000 120.320412 0.238000 108.330002
539.625000 120.529869 0.238000 108.419998
539.750000 120.739517 0.238000 108.529999
540.000000 120.739517 0.238000 108.614998
540.000000 120.959236 0.238000 108.720001
540.250000 121.179024 0.238000 108.824997
540.250000 121.398712 0.238000 108.925003
540.250000 121.617966 0.238000 109.014999
540.625000 121.846901 0.238000 109.129997
540.750000 122.052269 0.304000 109.224998
540.875000 122.278984 0.304000 109.320000
540.875000 122.507240 0.304000 109.425003
540.875000 122.716743 0.304000 109.525002
541.000000 122.920883 0.304000 109.614998
541.125000 122.920883 0.304000 109.724998
541.125000 123.142509 0.304000 109.824997
541.250000 123.345688 0.304000 109.915001
541.250000 123.562447 0.304000 110.025002
541.250000 123.562447 0.274000 110.120003
541.500000 123.767487 0.274000 110.220001
541.625000 123.984711 0.274000 110.315002
541.625000 123.984711 0.274000 110.430000
541.625000 124.186432 0.274000 110.514999
541.625000 124.186432 0.274000 110.629997
541.625000 124.186432 0.274000 110.714996
541.625000 124.186432 0.274000 110.830002
541.875000 124.387566 0.274000 110.915001
542.250000 124.387566 0.274000 111.025002
542.375000 124.387566 0.235000 111.129997
542.375000 124.387566 0.235000 111.224998
542.375000 124.387566 0.235000 111.315002
542.375000 124.387566 0.235000 111.425003
542.375000 124.387566 0.235000 111.514999
542.375000 124.387566 0.235000 111.625000
542.375000 124.387566 0.235000 111.714996
542.375000 124.387566 0.235000 111.824997
542.375000 124.387566 0.235000 111.930000
542.375000 124.387566 0.235000 112.014999
542.375000 124.387566 0.222000 112.129997
542.375000 124.387566 0.222000 112.220001
542.375000 124.387566 0.222000 112.330002
542.375000 124.387566 0.222000 112.415001
542.375000 124.387566 0.222000 112.525002
542.375000 124.387566 0.222000 112.635002
542.375000 124.387566 0.222000 112.714996
542.375000 124.387566 0.222000 112.820000
542.375000 124.387566 0.222000 112.915001
542.375000 124.387566 0.222000 113.025002
542.375000 124.387566 0.218000 113.129997
542.375000 124.592270 0.218000 113.214996
542.375000 124.592270 0.218000 113.320000
542.500000 124.799911 0.218000 113.430000
542.500000 125.019974 0.218000 113.519997
542.500000 125.249825 0.218000 113.635002
542.625000 125.497314 0.218000 113.720001
542.625000 125.707443 0.218000 113.830002
542.750000 125.908340 0.218000 113.925003
542.750000 126.116707 0.218000 114.014999
542.875000 126.319321 0.244000 114.125000
543.000000 126.319321 0.244000 114.224998
543.000000 126.537560 0.244000 114.315002
543.000000 126.744461 0.244000 114.419998
543.125000 126.946007 0.244000 114.525002
543.250000 126.946007 0.244000 114.614998
543.250000 127.153030 0.244000 114.730003
543.250000 127.389572 0.244000 114.830002
543.250000 127.389572 0.244000 114.915001
543.250000 127.595497 0.244000 115.014999
543.250000 127.802216 0.264000 115.129997
543.250000 128.023605 0.264000 115.209999
543.250000 128.230270 0.264000 115.320000
543.250000 128.432770 0.264000 115.410004
543.875000 128.637756 0.264000 115.514999
544.000000 128.843811 0.264000 115.620003
544.375000 129.050568 0.264000 115.720001
544.375000 129.050568 0.264000 115.815002
545.125000 129.258057 0.264000 115.919998
545.625000 129.476425 0.264000 116.029999
545.750000 129.705353 0.264000 116.114998
545.875000 129.930908 0.264000 116.224998
546.375000 130.157242 0.264000 116.309998
546.500000 130.362534 0.264000 116.419998
546.750000 130.362534 0.264000 116.519997
546.750000 130.570831 0.264000 116.614998
546.875000 130.772934 0.264000 116.724998
547.000000 130.979782 0.264000 116.834999
547.125000 130.979782 0.264000 116.930000
547.125000 131.185623 0.264000 117.019997
547.125000 131.391022 0.273000 117.120003
547.125000 131.391022 0.273000 117.235001
547.250000 131.618103 0.273000 117.334999
547.250000 131.833450 0.273000 117.425003
547.250000 131.833450 0.273000 117.525002
547.375000 132.059357 0.273000 117.614998
547.375000 132.278992 0.273000 117.724998
547.375000 132.278992 0.273000 117.820000
547.375000 132.483963 0.273000 117.930000
547.500000 132.689209 0.273000 118.019997
547.500000 132.894608 0.272000 118.129997
547.500000 132.894608 0.272000 118.214996
547.625000 133.101883 0.272000 118.330002
547.625000 133.338135 0.272000 118.425003
547.625000 133.338135 0.272000 118.514999
547.625000 133.542435 0.272000 118.625000
547.875000 133.746597 0.272000 118.714996
548.000000 133.949478 0.272000 118.820000
548.125000 133.949478 0.272000 118.919998
548.250000 134.170166 0.272000 119.025002
548.250000 134.398682 0.258000 119.114998
548.250000 134.398682 0.258000 119.224998
548.250000 134.635742 0.258000 119.320000
548.375000 134.867386 0.258000 119.419998
548.500000 134.867386 0.258000 119.525002
548.500000 135.068726 0.258000 119.620003
548.625000 135.294342 0.258000 119.730003
548.625000 135.530228 0.258000 119.815002
548.750000 135.739136 0.258000 119.925003
548.750000 135.942337 0.258000 120.010002
548.750000 136.147247 0.266000 120.114998
548.875000 136.349335 0.266000 120.230003
548.875000 136.349335 0.266000 120.320000
549.000000 136.554489 0.266000 120.430000
549.125000 136.764008 0.266000 120.525002
549.375000 136.764008 0.266000 120.610001
549.375000 136.764008 0.266000 120.714996
549.375000 136.965637 0.266000 120.830002
549.375000 136.965637 0.266000 120.915001
549.375000 136.965637 0.266000 121.019997
549.375000 136.965637 0.240000 121.129997
549.375000 136.965637 0.240000 121.224998
549.375000 136.965637 0.240000 121.324997
549.375000 136.965637 0.240000 121.419998
549.500000 137.165863 0.240000 121.519997
549.500000 137.165863 0.240000 121.625000
549.500000 137.165863 0.240000 121.709999
549.500000 137.165863 0.240000 121.820000
549.500000 137.165863 0.240000 121.915001
549.500000 137.165863 0.240000 122.025002
549.500000 137.165863 0.242000 122.120003
549.500000 137.165863 0.242000 122.209999
549.500000 137.165863 0.242000 122.324997
549.500000 137.165863 0.242000 122.410004
549.500000 137.165863 0.242000 122.514999
549.500000 137.165863 0.242000 122.625000
549.500000 137.165863 0.242000 122.730003
549.500000 137.165863 0.242000 122.820000
549.500000 137.165863 0.242000 122.919998
549.500000 137.165863 0.242000 123.029999
549.500000 137.165863 0.242000 123.125000
549.500000 137.165863 0.242000 123.214996
549.500000 137.165863 0.242000 123.320000
549.500000 137.165863 0.242000 123.430000
549.500000 137.165863 0.242000 123.514999
549.500000 137.165863 0.242000 123.620003
549.500000 137.165863 0.242000 123.720001
549.500000 137.367630 0.242000 123.830002
549.500000 137.569214 0.242000 123.919998
549.500000 137.569214 0.242000 124.019997
549.500000 137.777588 0.238000 124.125000
549.500000 137.983658 0.238000 124.214996
549.500000 138.205994 0.238000 124.330002
549.625000 138.412323 0.238000 124.410004
549.625000 138.620773 0.238000 124.519997
549.625000 138.870438 0.238000 124.620003
549.625000 139.070831 0.238000 124.714996
549.750000 139.271561 0.238000 124.820000
549.750000 139.472473 0.238000 124.919998
549.750000 139.673431 0.238000 125.010002
549.750000 139.881546 0.245000 125.114998
549.750000 140.082260 0.245000 125.230003
549.750000 140.082260 0.245000 125.320000
549.750000 140.295975 0.245000 125.430000
549.750000 140.295975 0.245000 125.519997
549.750000 140.497955 0.245000 125.610001
549.750000 140.497955 0.245000 125.714996
549.750000 140.497955 0.245000 125.815002
549.875000 140.497955 0.245000 125.910004
550.125000 140.699005 0.276000 126.014999
550.125000 140.699005 0.276000 126.110001
550.125000 140.699005 0.276000 126.209999
550.125000 140.699005 0.276000 126.320000
550.125000 140.699005 0.276000 126.419998
550.125000 140.699005 0.276000 126.519997
550.125000 140.699005 0.276000 126.629997
550.125000 140.699005 0.276000 126.714996
550.125000 140.699005 0.276000 126.824997
550.125000 140.699005 0.276000 126.915001
550.125000 140.699005 0.276000 127.019997
550.125000 140.699005 0.283000 127.125000
550.125000 140.699005 0.283000 127.209999
550.125000 140.699005 0.283000 127.320000
550.125000 140.699005 0.283000 127.430000
550.125000 140.699005 0.283000 127.519997
550.125000 140.699005 0.283000 127.625000
550.125000 140.699005 0.283000 127.714996
550.125000 140.699005 0.283000 127.830002
550.125000 140.699005 0.283000 127.915001
550.125000 140.699005 0.283000 128.024994
550.125000 140.699005 0.284000 128.115005
550.125000 140.699005 0.284000 128.225006
550.125000 140.699005 0.284000 128.320007
550.125000 140.699005 0.284000 128.425003
550.125000 140.907379 0.284000 128.524994
550.125000 141.114990 0.284000 128.615005
550.125000 141.315201 0.284000 128.729996
550.125000 141.517975 0.284000 128.809998
550.250000 141.732742 0.284000 128.929993
550.250000 141.940399 0.284000 129.029999
550.250000 142.149033 0.249000 129.125000
550.250000 142.350784 0.249000 129.214996
550.375000 142.552063 0.249000 129.320007
550.375000 142.752472 0.249000 129.419998
550.500000 142.953140 0.249000 129.514999
550.500000 143.153992 0.249000 129.630005
550.500000 143.354935 0.249000 129.710007
550.500000 143.555923 0.249000 129.824997
550.625000 143.756897 0.249000 129.919998
550.625000 143.966583 0.249000 130.024994
550.625000 144.170090 0.241000 130.134995
550.625000 144.170090 0.241000 130.220001
550.750000 144.377655 0.241000 130.330002
550.875000 144.607697 0.241000 130.414993
551.000000 144.822006 0.241000 130.524994
551.125000 145.028366 0.241000 130.610001
551.125000 145.236176 0.241000 130.725006
551.125000 145.474594 0.241000 130.830002
551.250000 145.693527 0.241000 130.919998
551.375000 145.902969 0.241000 131.024994
551.500000 146.109497 0.266000 131.130005
551.500000 146.310898 0.266000 131.214996
551.500000 146.513489 0.266000 131.330002
551.625000 146.513489 0.266000 131.410004
551.750000 146.718094 0.266000 131.529999
551.750000 146.953918 0.266000 131.610001
551.875000 147.159958 0.266000 131.720001
551.875000 147.367889 0.266000 131.824997
551.875000 147.367889 0.266000 131.914993
551.875000 147.567917 0.266000 132.024994
552.000000 147.772873 0.267000 132.115005
552.250000 147.978226 0.267000 132.229996
552.375000 148.184021 0.267000 132.335007
552.500000 148.184021 0.267000 132.425003
552.500000 148.427826 0.267000 132.514999
552.750000 148.427826 0.267000 132.619995
552.750000 148.634232 0.267000 132.714996
553.000000 148.836258 0.267000 132.830002
553.250000 149.051056 0.267000 132.919998
553.375000 149.253174 0.267000 133.020004
553.375000 149.458939 0.261000 133.130005
553.500000 149.666504 0.261000 133.225006
553.625000 149.898407 0.261000 133.335007
553.750000 149.898407 0.261000 133.419998
554.250000 150.103668 0.261000 133.524994
554.250000 150.103668 0.261000 133.630005
554.250000 150.316620 0.261000 133.720001
554.375000 150.316620 0.261000 133.824997
554.375000 150.316620 0.261000 133.914993
554.375000 150.316620 0.261000 134.029999
554.375000 150.519485 0.260000 134.115005
554.500000 150.519485 0.260000 134.225006
554.500000 150.519485 0.260000 134.309998
554.500000 150.519485 0.260000 134.425003
554.500000 150.519485 0.260000 134.509995
554.500000 150.519485 0.260000 134.615005
554.500000 150.519485 0.260000 134.725006
554.500000 150.519485 0.260000 134.830002
554.500000 150.519485 0.260000 134.914993
554.500000 150.519485 0.260000 135.029999
554.500000 150.519485 0.242000 135.115005
554.500000 150.519485 0.242000 135.220001
554.500000 150.519485 0.242000 135.330002
554.500000 150.519485 0.242000 135.414993
554.500000 150.519485 0.242000 135.524994
554.500000 150.519485 0.242000 135.610001
554.500000 150.519485 0.242000 135.725006
554.500000 150.519485 0.242000 135.815002
554.625000 150.720551 0.242000 135.925003
554.750000 150.920837 0.242000 136.014999
554.875000 150.920837 0.241000 136.125000
554.875000 151.136658 0.241000 136.225006
555.000000 151.358170 0.241000 136.315002
555.000000 151.562668 0.241000 136.429993
555.000000 151.562668 0.241000 136.509995
555.125000 151.772369 0.241000 136.619995
555.125000 151.982956 0.241000 136.729996
555.125000 152.222763 0.241000 136.815002
555.250000 152.428665 0.241000 136.925003
555.250000 152.636566 0.241000 137.024994
555.500000 152.845520 0.278000 137.115005
555.625000 153.055008 0.278000 137.225006
555.625000 153.055008 0.278000 137.309998
555.750000 153.474625 0.278000 137.429993
555.750000 153.474625 0.278000 137.524994
555.875000 153.714752 0.278000 137.615005
556.000000 153.945541 0.278000 137.725006
556.000000 154.154266 0.278000 137.815002
556.125000 154.363419 0.278000 137.925003
556.125000 154.614456 0.278000 138.024994
556.125000 154.823257 0.277000 138.115005
556.250000 155.023422 0.277000 138.225006
556.250000 155.023422 0.277000 138.324997
556.250000 155.225494 0.277000 138.419998
556.500000 155.427643 0.277000 138.524994
556.500000 155.427643 0.277000 138.630005
556.875000 155.427643 0.277000 138.714996
557.125000 155.628326 0.277000 138.820007
557.125000 155.628326 0.277000 138.925003
557.250000 155.628326 0.277000 139.014999
557.250000 155.628326 0.271000 139.119995
557.375000 155.628326 0.271000 139.229996
557.375000 155.628326 0.271000 139.315002
557.375000 155.628326 0.271000 139.419998
557.375000 155.628326 0.271000 139.520004
557.375000 155.628326 0.271000 139.625000
557.375000 155.628326 0.271000 139.714996
557.500000 155.628326 0.271000 139.824997
557.500000 155.628326 0.271000 139.914993
557.500000 155.628326 0.271000 140.014999
557.500000 155.628326 0.271000 140.130005
557.500000 155.628326 0.271000 140.235001
557.625000 155.628326 0.271000 140.320007
557.625000 155.628326 0.271000 140.425003
557.750000 155.628326 0.271000 140.514999
557.875000 155.628326 0.271000 140.619995
557.875000 155.846252 0.271000 140.725006
558.000000 155.846252 0.271000 140.820007
558.000000 156.054413 0.271000 140.914993
558.000000 156.272125 0.271000 141.020004
558.125000 156.272125 0.256000 141.125000
558.125000 156.487030 0.256000 141.210007
558.125000 156.702103 0.256000 141.324997
558.125000 156.702103 0.256000 141.429993
558.250000 156.904587 0.256000 141.514999
558.250000 156.904587 0.256000 141.625000
558.250000 157.126602 0.256000 141.714996
558.250000 157.126602 0.256000 141.830002
558.250000 157.126602 0.256000 141.914993
558.250000 157.328140 0.256000 142.020004
558.500000 157.328140 0.253000 142.130005
558.750000 157.328140 0.253000 142.214996
558.875000 157.530762 0.253000 142.324997
558.875000 157.732132 0.253000 142.425003
559.000000 157.732132 0.253000 142.514999
559.125000 157.938477 0.253000 142.630005
559.250000 157.938477 0.253000 142.714996
559.250000 158.140884 0.253000 142.824997
559.500000 158.357498 0.253000 142.910004
559.750000 158.357498 0.253000 143.014999
559.750000 158.560287 0.276000 143.125000
559.750000 158.763229 0.276000 143.229996
559.875000 158.763229 0.276000 143.320007
559.875000 158.970139 0.276000 143.429993
559.875000 159.191193 0.276000 143.514999
560.125000 159.191193 0.276000 143.619995
560.250000 159.397873 0.276000 143.725006
560.375000 159.626724 0.276000 143.809998
560.375000 159.626724 0.276000 143.919998
560.500000 159.831863 0.276000 144.029999
560.625000 160.037888 0.237000 144.115005
560.625000 160.244110 0.237000 144.220001
560.625000 160.244110 0.237000 144.324997
560.625000 160.450974 0.237000 144.410004
560.625000 160.679520 0.237000 144.524994
560.750000 160.679520 0.237000 144.634995
560.750000 160.900894 0.237000 144.714996
560.750000 161.123993 0.237000 144.824997
560.875000 161.123993 0.237000 144.914993
560.875000 161.326874 0.237000 145.020004
561.000000 161.553406 0.223000 145.125000
561.000000 161.553406 0.223000 145.214996
561.125000 161.758377 0.223000 145.330002
561.125000 161.963989 0.223000 145.414993
561.125000 162.178802 0.223000 145.520004
561.250000 162.178802 0.223000 145.625000
561.375000 162.406418 0.223000 145.714996
561.375000 162.608643 0.223000 145.820007
561.375000 162.810165 0.223000 145.925003
561.625000 162.810165 0.223000 146.029999
561.625000 163.037247 0.183000 146.119995
561.750000 163.238937 0.183000 146.225006
561.875000 163.238937 0.183000 146.315002
561.875000 163.440033 0.183000 146.419998
561.875000 163.440033 0.183000 146.529999
561.875000 163.440033 0.183000 146.615005
562.125000 163.440033 0.183000 146.725006
562.375000 163.440033 0.183000 146.809998
562.375000 163.640411 0.183000 146.914993
562.375000 163.640411 0.183000 147.024994
562.375000 163.640411 0.178000 147.110001
562.375000 163.640411 0.178000 147.225006
562.500000 163.640411 0.178000 147.330002
562.500000 163.640411 0.178000 147.414993
562.500000 163.640411 0.178000 147.520004
562.500000 163.640411 0.178000 147.615005
562.625000 163.640411 0.178000 147.725006
562.750000 163.640411 0.178000 147.830002
562.750000 163.640411 0.178000 147.914993
562.750000 163.640411 0.159000 148.020004
562.750000 163.640411 0.159000 148.130005
562.750000 163.640411 0.159000 148.214996
562.750000 163.640411 0.159000 148.330002
562.750000 163.640411 0.159000 148.419998
562.750000 163.640411 0.159000 148.529999
562.750000 163.640411 0.159000 148.615005
562.750000 163.846100 0.159000 148.710007
562.875000 163.846100 0.159000 148.820007
563.000000 164.052277 0.159000 148.919998
563.000000 164.255203 0.159000 149.029999
563.000000 164.462082 0.224000 149.125000
563.125000 164.665726 0.224000 149.220001
563.125000 164.902161 0.224000 149.320007
564.250000 165.130600 0.224000 149.425003
564.250000 165.349884 0.224000 149.520004
564.250000 165.559525 0.224000 149.630005
564.500000 165.769348 0.224000 149.714996
564.500000 165.979263 0.224000 149.824997
564.625000 166.189163 0.224000 149.925003
564.625000 166.399033 0.224000 150.035004
564.625000 166.399033 0.234000 150.119995
564.750000 166.608002 0.234000 150.225006
564.750000 166.839661 0.234000 150.330002
564.875000 167.071671 0.234000 150.434998
564.875000 167.273804 0.234000 150.520004
565.000000 167.476013 0.234000 150.625000
565.125000 167.708771 0.234000 150.735001
565.125000 167.911148 0.234000 150.824997
565.125000 168.113647 0.234000 150.934998
565.250000 168.354233 0.234000 151.020004
565.250000 168.556015 0.275000 151.134995
565.375000 168.759079 0.275000 151.220001
565.375000 168.759079 0.275000 151.324997
565.375000 168.978638 0.275000 151.434998
565.375000 168.978638 0.275000 151.520004
565.375000 169.180038 0.275000 151.634995
565.500000 169.180038 0.275000 151.725006
565.500000 169.180038 0.275000 151.824997
565.500000 169.180038 0.275000 151.919998
565.500000 169.180038 0.275000 152.035004
565.500000 169.180038 0.188000 152.119995
565.500000 169.380951 0.188000 152.229996
565.500000 169.380951 0.188000 152.320007
565.500000 169.380951 0.188000 152.434998
565.500000 169.380951 0.188000 152.520004
565.500000 169.380951 0.188000 152.625000
565.500000 169.380951 0.188000 152.729996
565.500000 169.380951 0.188000 152.820007
565.500000 169.380951 0.188000 152.934998
565.500000 169.380951 0.188000 153.020004
565.500000 169.380951 0.183000 153.130005
565.500000 169.380951 0.183000 153.225006
565.500000 169.380951 0.183000 153.320007
565.500000 169.380951 0.183000 153.429993
565.500000 169.380951 0.183000 153.524994
565.500000 169.380951 0.183000 153.625000
565.500000 169.380951 0.183000 153.720001
565.500000 169.380951 0.183000 153.830002
565.500000 169.380951 0.183000 153.929993
565.500000 169.380951 0.183000 154.024994
565.500000 169.581223 0.172000 154.134995
565.500000 169.581223 0.172000 154.220001
565.625000 169.782806 0.172000 154.335007
565.625000 170.007812 0.172000 154.419998
565.750000 170.208298 0.172000 154.535004
565.750000 170.208298 0.172000 154.630005
565.750000 170.410767 0.172000 154.735001
565.875000 170.631195 0.172000 154.835007
565.875000 170.631195 0.172000 154.919998
565.875000 170.833389 0.172000 155.029999
565.875000 171.039749 0.199000 155.119995
565.875000 171.243195 0.199000 155.229996
565.875000 171.446350 0.199000 155.330002
565.875000 171.685715 0.199000 155.419998
565.875000 171.685715 0.199000 155.526001
565.875000 171.903214 0.199000 155.615005
565.875000 172.103943 0.199000 155.725006
565.875000 172.103943 0.199000 155.815002
565.875000 172.103943 0.199000 155.925003
565.875000 172.304230 0.199000 156.029999
565.875000 172.304230 0.233000 156.115005
565.875000 172.304230 0.233000 156.225006
565.875000 172.304230 0.233000 156.315002
565.875000 172.304230 0.233000 156.425003
565.875000 172.304230 0.233000 156.514999
565.875000 172.304230 0.233000 156.630005
565.875000 172.304230 0.233000 156.714996
565.875000 172.304230 0.233000 156.824997
565.875000 172.304230 0.233000 156.919998
565.875000 172.304230 0.233000 157.029999
565.875000 172.304230 0.219000 157.136002
565.875000 172.304230 0.219000 157.229996
565.875000 172.304230 0.219000 157.320007
565.875000 172.504440 0.219000 157.429993
566.000000 172.504440 0.219000 157.514999
566.000000 172.724823 0.219000 157.619995
566.000000 172.927368 0.219000 157.729996
566.000000 172.927368 0.219000 157.820007
566.125000 173.145584 0.219000 157.925003
566.125000 173.347305 0.219000 158.029999
566.125000 173.549042 0.213000 158.130005
566.125000 173.549042 0.213000 158.225006
566.125000 173.778671 0.213000 158.330002
566.125000 173.778671 0.213000 158.419998
566.250000 173.983871 0.213000 158.529999
566.250000 173.983871 0.213000 158.615005
566.375000 174.195068 0.213000 158.725006
566.375000 174.195068 0.213000 158.809998
566.375000 174.195068 0.213000 158.925003
566.375000 174.404877 0.213000 159.029999
566.375000 174.404877 0.236000 159.115005
566.375000 174.404877 0.236000 159.225006
566.375000 174.608734 0.236000 159.330002
566.375000 174.608734 0.236000 159.419998
566.375000 174.812378 0.236000 159.529999
566.375000 174.812378 0.236000 159.625000
566.375000 175.015259 0.236000 159.714996
566.375000 175.217819 0.236000 159.820007
566.375000 175.217819 0.236000 159.929993
566.500000 175.432343 0.236000 160.014999
566.500000 175.632736 0.236000 160.130005
566.500000 175.833817 0.236000 160.225006
566.500000 175.833817 0.236000 160.330002
566.500000 176.042923 0.236000 160.425003
566.500000 176.244949 0.236000 160.514999
566.500000 176.244949 0.236000 160.625000
566.500000 176.469925 0.236000 160.729996
566.625000 176.695389 0.236000 160.815002
566.750000 176.898849 0.236000 160.929993
566.750000 176.898849 0.236000 161.014999
566.875000 177.103333 0.232000 161.119995
567.000000 177.304062 0.232000 161.229996
567.000000 177.527466 0.232000 161.315002
567.000000 177.739548 0.232000 161.425003
567.375000 177.945221 0.232000 161.514999
567.375000 178.152252 0.232000 161.634995
567.500000 178.359604 0.232000 161.720001
567.500000 178.567596 0.232000 161.830002
567.625000 178.567596 0.232000 161.925003
567.750000 178.816254 0.232000 162.014999
567.875000 179.035385 0.271000 162.119995
568.000000 179.250641 0.271000 162.229996
568.000000 179.493362 0.271000 162.315002
568.000000 179.700409 0.271000 162.425003
568.375000 179.700409 0.271000 162.514999
568.375000 179.907776 0.271000 162.619995
568.375000 180.110718 0.271000 162.729996
568.750000 180.344437 0.271000 162.820007
568.750000 180.344437 0.271000 162.925003
568.750000 180.574493 0.271000 163.014999
569.000000 180.810791 0.233000 163.125000
569.125000 180.810791 0.233000 163.225006
569.125000 181.020035 0.233000 163.315002
569.250000 181.020035 0.233000 163.425003
569.250000 181.220551 0.233000 163.529999
569.625000 181.220551 0.233000 163.630005
569.750000 181.220551 0.233000 163.725006
569.750000 181.220551 0.233000 163.830002
569.875000 181.420715 0.233000 163.929993
569.875000 181.420715 0.233000 164.014999
570.125000 181.420715 0.249000 164.130005
570.125000 181.420715 0.249000 164.225006
570.125000 181.420715 0.249000 164.320007
570.125000 181.420715 0.249000 164.429993
570.125000 181.420715 0.249000 164.514999
570.125000 181.420715 0.249000 164.630005
570.125000 181.420715 0.249000 164.720001
570.125000 181.420715 0.249000 164.830002
570.125000 181.420715 0.249000 164.929993
570.125000 181.420715 0.249000 165.029999
570.125000 181.420715 0.235000 165.119995
570.125000 181.620850 0.235000 165.220001
570.250000 181.620850 0.235000 165.330002
570.250000 181.844482 0.235000 165.419998
570.500000 181.844482 0.235000 165.529999
570.500000 182.048645 0.235000 165.615005
570.625000 182.272888 0.235000 165.729996
570.750000 182.272888 0.235000 165.815002
570.750000 182.475342 0.235000 165.929993
570.875000 182.696548 0.235000 166.014999
570.875000 182.696548 0.241000 166.130005
570.875000 182.917038 0.241000 166.225006
571.000000 182.917038 0.241000 166.320007
571.000000 183.118591 0.241000 166.425003
571.000000 183.118591 0.241000 166.514999
571.000000 183.118591 0.241000 166.625000
571.000000 183.319046 0.241000 166.725006
571.000000 183.319046 0.241000 166.815002
571.000000 183.319046 0.241000 166.925003
571.000000 183.319046 0.241000 167.029999
571.000000 183.319046 0.224000 167.115005
571.000000 183.319046 0.224000 167.229996
571.000000 183.319046 0.224000 167.330002
571.000000 183.319046 0.224000 167.414993
571.125000 183.319046 0.224000 167.529999
571.125000 183.319046 0.224000 167.625000
571.125000 183.319046 0.224000 167.714996
571.125000 183.319046 0.224000 167.830002
571.125000 183.319046 0.224000 167.929993
571.125000 183.319046 0.224000 168.020004
571.125000 183.319046 0.214000 168.125000
571.125000 183.319046 0.214000 168.210007
571.125000 183.319046 0.214000 168.320007
571.125000 183.319046 0.214000 168.425003
571.125000 183.319046 0.214000 168.535004
571.125000 183.319046 0.214000 168.630005
571.125000 183.319046 0.214000 168.714996
571.125000 183.319046 0.214000 168.820007
571.125000 183.319046 0.214000 168.925003
571.125000 183.319046 0.214000 169.014999
571.125000 183.319046 0.212000 169.119995
571.125000 183.319046 0.212000 169.225006
571.125000 183.319046 0.212000 169.330002
571.125000 183.319046 0.212000 169.414993
571.125000 183.319046 0.212000 169.529999
571.125000 183.319046 0.212000 169.634995
571.125000 183.319046 0.212000 169.720001
571.125000 183.319046 0.212000 169.830002
571.125000 183.319046 0.212000 169.914993
571.125000 183.319046 0.212000 170.029999
571.125000 183.319046 0.205000 170.119995
571.125000 183.319046 0.205000 170.220001
571.125000 183.319046 0.205000 170.315002
571.125000 183.319046 0.205000 170.434998
571.125000 183.319046 0.205000 170.520004
571.125000 183.319046 0.205000 170.634995
571.125000 183.319046 0.205000 170.720001
571.125000 183.319046 0.205000 170.830002
571.125000 183.319046 0.205000 170.929993
571.125000 183.319046 0.205000 171.014999
571.125000 183.319046 0.191000 171.134995
571.125000 183.319046 0.191000 171.220001
571.125000 183.319046 0.191000 171.324997
571.125000 183.319046 0.191000 171.429993
571.125000 183.319046 0.191000 171.524994
571.125000 183.319046 0.191000 171.630005
571.125000 183.319046 0.191000 171.720001
571.125000 183.319046 0.191000 171.820007
571.125000 183.319046 0.191000 171.934998
571.125000 183.319046 0.191000 172.014999
571.125000 183.319046 0.197000 172.119995
571.125000 183.319046 0.197000 172.225006
571.125000 183.319046 0.197000 172.315002
571.125000 183.319046 0.197000 172.419998
571.125000 183.319046 0.197000 172.514999
571.125000 183.319046 0.197000 172.625000
571.125000 183.319046 0.197000 172.725006
571.125000 183.319046 0.197000 172.820007
571.125000 183.319046 0.197000 172.925003
571.125000 183.319046 0.197000 173.014999
571.125000 183.319046 0.192000 173.125000
571.125000 183.319046 0.192000 173.220001
571.125000 183.319046 0.192000 173.320007
571.125000 183.319046 0.192000 173.429993
571.125000 183.319046 0.192000 173.520004
571.125000 183.319046 0.192000 173.625000
571.125000 183.319046 0.192000 173.710007
571.125000 183.319046 0.192000 173.824997
571.125000 183.319046 0.192000 173.919998
571.125000 183.319046 0.192000 174.029999
571.125000 183.319046 0.198000 174.125000
571.125000 183.319046 0.198000 174.214996
571.125000 183.319046 0.198000 174.324997
571.125000 183.319046 0.198000 174.429993
571.125000 183.319046 0.198000 174.514999
571.125000 183.319046 0.198000 174.625000
571.125000 183.319046 0.198000 174.725006
571.125000 183.319046 0.198000 174.815002
571.125000 183.319046 0.198000 174.929993
571.125000 183.319046 0.198000 175.014999
571.125000 183.319046 0.195000 175.125000
571.125000 183.319046 0.195000 175.214996
571.125000 183.319046 0.195000 175.320007
571.125000 183.319046 0.195000 175.429993
571.125000 183.319046 0.195000 175.520004
571.125000 183.319046 0.195000 175.625000
571.125000 183.319046 0.195000 175.735001
571.125000 183.319046 0.195000 175.820007
571.125000 183.319046 0.195000 175.925003
571.125000 183.319046 0.195000 176.009995
571.125000 183.319046 0.202000 176.119995
571.125000 183.319046 0.202000 176.220001
571.125000 183.319046 0.202000 176.324997
571.125000 183.319046 0.202000 176.419998
571.125000 183.319046 0.202000 176.535004
571.125000 183.319046 0.202000 176.619995
571.125000 183.319046 0.202000 176.729996
571.125000 183.319046 0.202000 176.815002
571.125000 183.319046 0.202000 176.925003
571.125000 183.319046 0.202000 177.014999
571.125000 183.319046 0.195000 177.125000
571.125000 183.319046 0.195000 177.220001
571.125000 183.319046 0.195000 177.320007
571.125000 183.319046 0.195000 177.414993
571.125000 183.319046 0.195000 177.529999
571.125000 183.319046 0.195000 177.625000
571.125000 183.319046 0.195000 177.710007
571.125000 183.319046 0.195000 177.824997
571.125000 183.319046 0.195000 177.919998
571.125000 183.319046 0.195000 178.024994
571.125000 183.319046 0.193000 178.115005
571.125000 183.319046 0.193000 178.220001
571.125000 183.319046 0.193000 178.330002
571.125000 183.319046 0.193000 178.419998
571.125000 183.319046 0.193000 178.524994
571.125000 183.319046 0.193000 178.625000
571.125000 183.319046 0.193000 178.720001
571.125000 183.319046 0.193000 178.830002
571.125000 183.319046 0.193000 178.929993
571.125000 183.319046 0.193000 179.020004
571.125000 183.319046 0.187000 179.130005
571.125000 183.319046 0.187000 179.220001
571.125000 183.319046 0.187000 179.330002
571.125000 183.319046 0.187000 179.410004
571.125000 183.319046 0.187000 179.524994
571.125000 183.319046 0.187000 179.619995
571.125000 183.319046 0.187000 179.725006
571.125000 183.319046 0.187000 179.820007
571.125000 183.319046 0.187000 179.925003
571.125000 183.319046 0.187000 180.024994
571.125000 183.319046 0.190000 180.119995
571.125000 183.319046 0.190000 180.229996
571.125000 183.319046 0.190000 180.315002
571.125000 183.319046 0.190000 180.425003
571.125000 183.319046 0.190000 180.529999
571.125000 183.319046 0.190000 180.615005
571.125000 183.319046 0.190000 180.729996
571.125000 183.319046 0.190000 180.809998
571.125000 183.319046 0.190000 180.925003
571.125000 183.319046 0.190000 181.024994
571.125000 183.319046 0.190000 181.125000
571.125000 183.319046 0.190000 181.229996
571.125000 183.319046 0.190000 181.324997
571.125000 183.319046 0.190000 181.434998
571.125000 183.319046 0.190000 181.529999
571.125000 183.319046 0.190000 181.610001
571.125000 183.319046 0.190000 181.720001
571.125000 183.319046 0.190000 181.824997
571.125000 183.319046 0.190000 181.904999
571.125000 183.319046 0.190000 182.020004
571.125000 183.319046 0.210000 182.125000
571.125000 183.319046 0.210000 182.220001
571.125000 183.319046 0.210000 182.324997
571.125000 183.319046 0.210000 182.429993
571.125000 183.319046 0.210000 182.514999
571.125000 183.319046 0.210000 182.619995
571.125000 183.319046 0.210000 182.725006
571.125000 183.319046 0.210000 182.830002
571.125000 183.319046 0.210000 182.914993
571.125000 183.319046 0.210000 183.024994
571.125000 183.319046 0.186000 183.115005
571.125000 183.319046 0.186000 183.229996
571.125000 183.319046 0.186000 183.315002
571.125000 183.319046 0.186000 183.419998
571.125000 183.319046 0.186000 183.520004
571.125000 183.319046 0.186000 183.610001
571.125000 183.319046 0.186000 183.725006
571.125000 183.319046 0.186000 183.809998
571.125000 183.319046 0.186000 183.925003
571.125000 183.319046 0.186000 184.014999
571.125000 183.319046 0.188000 184.125000
571.125000 183.319046 0.188000 184.220001
571.125000 183.319046 0.188000 184.320007
571.125000 183.319046 0.188000 184.425003
571.125000 183.319046 0.188000 184.529999
571.125000 183.319046 0.188000 184.619995
571.125000 183.319046 0.188000 184.705002
571.125000 183.319046 0.188000 184.830002
571.125000 183.319046 0.188000 184.919998
571.125000 183.319046 0.188000 185.024994
571.125000 183.319046 0.193000 185.134995
571.125000 183.319046 0.193000 185.220001
571.125000 183.319046 0.193000 185.330002
571.125000 183.319046 0.193000 185.414993
571.125000 183.319046 0.193000 185.529999
571.125000 183.319046 0.193000 185.615005
571.125000 183.319046 0.193000 185.725006
571.125000 183.319046 0.193000 185.820007
571.125000 183.319046 0.193000 185.919998
571.125000 183.319046 0.193000 186.024994
571.125000 183.319046 0.196000 186.115005
571.125000 183.319046 0.196000 186.229996
571.125000 183.319046 0.196000 186.330002
571.125000 183.319046 0.196000 186.414993
571.125000 183.319046 0.196000 186.520004
571.125000 183.319046 0.196000 186.610001
571.125000 183.319046 0.196000 186.720001
571.125000 183.319046 0.196000 186.824997
571.125000 183.319046 0.196000 186.919998
571.125000 183.319046 0.196000 187.024994
571.125000 183.319046 0.186000 187.115005
571.125000 183.319046 0.186000 187.225006
571.125000 183.319046 0.186000 187.309998
571.125000 183.319046 0.186000 187.429993
571.125000 183.319046 0.186000 187.524994
571.125000 183.319046 0.186000 187.625000
571.125000 183.319046 0.186000 187.714996
571.125000 183.319046 0.186000 187.824997
571.125000 183.319046 0.186000 187.914993
571.125000 183.319046 0.186000 188.020004
571.125000 183.319046 0.197000 188.125000
571.125000 183.319046 0.197000 188.214996
571.125000 183.319046 0.197000 188.330002
571.125000 183.319046 0.197000 188.414993
571.125000 183.319046 0.197000 188.524994
571.125000 183.319046 0.197000 188.630005
571.125000 183.319046 0.197000 188.714996
571.125000 183.319046 0.197000 188.830002
571.125000 183.319046 0.197000 188.914993
571.125000 183.319046 0.197000 189.020004
571.125000 183.319046 0.192000 189.125000
571.125000 183.319046 0.192000 189.225006
571.125000 183.319046 0.192000 189.320007
571.125000 183.319046 0.192000 189.425003
571.125000 183.319046 0.192000 189.529999
571.125000 183.319046 0.192000 189.615005
571.125000 183.319046 0.192000 189.725006
571.125000 183.319046 0.192000 189.830002
571.125000 183.319046 0.192000 189.919998
571.125000 183.319046 0.192000 190.029999
571.125000 183.319046 0.203000 190.115005
571.125000 183.319046 0.203000 190.220001
571.125000 183.319046 0.203000 190.324997
571.125000 183.319046 0.203000 190.425003
571.125000 183.319046 0.203000 190.514999
571.125000 183.319046 0.203000 190.619995
571.125000 183.319046 0.203000 190.729996
571.125000 183.319046 0.203000 190.820007
571.125000 183.319046 0.203000 190.929993
571.125000 183.319046 0.203000 191.014999
571.125000 183.319046 0.196000 191.125000
571.125000 183.319046 0.196000 191.210007
571.125000 183.319046 0.196000 191.324997
571.125000 183.319046 0.196000 191.410004
571.125000 183.319046 0.196000 191.524994
571.125000 183.319046 0.196000 191.634995
571.125000 183.319046 0.196000 191.725006
571.125000 183.319046 0.196000 191.815002
571.125000 183.319046 0.196000 191.919998
571.125000 183.319046 0.196000 192.024994
571.125000 183.319046 0.184000 192.115005
571.125000 183.319046 0.184000 192.225006
571.125000 183.319046 0.184000 192.315002
571.125000 183.319046 0.184000 192.419998
571.125000 183.319046 0.184000 192.524994
571.125000 183.319046 0.184000 192.619995
571.125000 183.319046 0.184000 192.729996
571.125000 183.319046 0.184000 192.820007
571.125000 183.319046 0.184000 192.925003
571.125000 183.319046 0.184000 193.014999
571.125000 183.319046 0.189000 193.119995
571.125000 183.319046 0.189000 193.225006
571.125000 183.319046 0.189000 193.315002
571.125000 183.319046 0.189000 193.425003
571.125000 183.319046 0.189000 193.524994
571.125000 183.319046 0.189000 193.619995
571.125000 183.319046 0.189000 193.725006
571.125000 183.319046 0.189000 193.815002
571.125000 183.319046 0.189000 193.919998
571.125000 183.319046 0.189000 194.024994
571.125000 183.319046 0.189000 194.125000
571.125000 183.319046 0.189000 194.214996
571.125000 183.319046 0.189000 194.330002
571.125000 183.319046 0.189000 194.425003
571.125000 183.319046 0.189000 194.520004
571.125000 183.319046 0.189000 194.630005
571.125000 183.319046 0.189000 194.720001
571.125000 183.319046 0.189000 194.824997
571.125000 183.319046 0.189000 194.914993
571.125000 183.319046 0.189000 195.020004
571.125000 183.319046 0.185000 195.119995
571.125000 183.319046 0.185000 195.210007
571.125000 183.319046 0.185000 195.324997
571.125000 183.319046 0.185000 195.429993
571.125000 183.319046 0.185000 195.520004
571.125000 183.319046 0.185000 195.619995
571.125000 183.319046 0.185000 195.725006
571.125000 183.319046 0.185000 195.820007
571.125000 183.319046 0.185000 195.925003
571.125000 183.319046 0.185000 196.029999
571.125000 183.319046 0.195000 196.119995
571.125000 183.319046 0.195000 196.225006
571.125000 183.319046 0.195000 196.315002
571.125000 183.319046 0.195000 196.429993
571.125000 183.319046 0.195000 196.520004
571.125000 183.319046 0.195000 196.625000
571.125000 183.319046 0.195000 196.710007
571.125000 183.319046 0.195000 196.815002
571.125000 183.319046 0.195000 196.929993
571.125000 183.319046 0.195000 197.024994
571.125000 183.319046 0.211000 197.125000
571.125000 183.319046 0.211000 197.214996
571.125000 183.319046 0.211000 197.330002
571.125000 183.319046 0.211000 197.419998
571.125000 183.319046 0.211000 197.524994
571.125000 183.319046 0.211000 197.619995
571.125000 183.319046 0.211000 197.725006
571.125000 183.319046 0.211000 197.815002
571.125000 183.319046 0.211000 197.925003
571.125000 183.319046 0.211000 198.014999
571.125000 183.319046 0.198000 198.125000
571.125000 183.319046 0.198000 198.225006
571.125000 183.319046 0.198000 198.320007
571.125000 183.319046 0.198000 198.429993
571.125000 183.319046 0.198000 198.520004
571.125000 183.319046 0.198000 198.630005
571.125000 183.319046 0.198000 198.714996
571.125000 183.319046 0.198000 198.824997
571.125000 183.319046 0.198000 198.919998
571.125000 183.319046 0.198000 199.024994
571.125000 183.319046 0.192000 199.115005
571.125000 183.319046 0.192000 199.235001
571.125000 183.319046 0.192000 199.330002
571.125000 183.319046 0.192000 199.414993
571.125000 183.319046 0.192000 199.524994
571.125000 183.319046 0.192000 199.625000
571.125000 183.319046 0.192000 199.729996
571.125000 183.319046 0.192000 199.815002
571.125000 183.319046 0.192000 199.925003
571.125000 183.319046 0.192000 200.024994
571.125000 183.319046 0.193000 200.115005
571.125000 183.319046 0.193000 200.229996
571.125000 183.319046 0.193000 200.315002
571.125000 183.319046 0.193000 200.419998
571.125000 183.319046 0.193000 200.524994
571.125000 183.319046 0.193000 200.610001
571.125000 183.319046 0.193000 200.725006
571.125000 183.319046 0.193000 200.824997
571.125000 183.319046 0.193000 200.914993
571.125000 183.319046 0.193000 201.029999
571.125000 183.319046 0.198000 201.115005
571.125000 183.319046 0.198000 201.220001
571.125000 183.319046 0.198000 201.330002
571.125000 183.319046 0.198000 201.425003
571.125000 183.319046 0.198000 201.529999
