91.875000 0.000000 0.220000 0.085000
112.625000 0.200577 0.216000 0.180000
121.750000 0.200577 0.216000 0.275000
130.625000 0.407088 0.216000 0.370000
139.000000 0.614483 0.216000 0.480000
145.875000 0.614483 0.216000 0.575000
150.625000 0.843113 0.216000 0.670000
154.125000 1.075929 0.216000 0.775000
158.375000 1.075929 0.216000 0.875000
161.250000 1.283823 0.216000 0.970000
164.250000 1.491652 0.216000 1.075000
168.000000 1.692758 0.258000 1.185000
171.625000 1.692758 0.258000 1.275000
175.000000 1.895619 0.258000 1.380000
177.875000 2.118290 0.258000 1.480000
182.625000 2.118290 0.258000 1.580000
185.250000 2.346265 0.258000 1.685000
188.250000 2.574442 0.258000 1.771000
191.875000 2.775624 0.258000 1.880000
194.625000 2.775624 0.258000 1.970000
196.625000 2.980114 0.258000 2.085000
200.250000 3.182394 0.258000 2.180000
203.250000 3.383116 0.269000 2.275000
205.625000 3.627708 0.269000 2.380000
208.125000 3.855596 0.269000 2.475000
212.125000 4.064771 0.269000 2.580000
215.625000 4.274437 0.269000 2.675000
220.625000 4.484368 0.269000 2.775000
224.875000 4.684426 0.269000 2.880000
227.625000 4.884536 0.269000 2.980000
232.375000 5.094415 0.269000 3.080000
234.625000 5.094415 0.269000 3.175000
239.125000 5.332341 0.265000 3.275000
243.125000 5.536026 0.265000 3.375000
247.625000 5.739341 0.265000 3.485000
252.125000 5.943620 0.265000 3.580000
255.250000 6.147269 0.265000 3.680000
258.375000 6.364621 0.265000 3.775000
261.375000 6.364621 0.265000 3.865000
263.375000 6.568067 0.265000 3.975000
266.000000 6.774089 0.265000 4.080000
272.125000 6.986311 0.256000 4.175000
273.250000 6.986311 0.256000 4.285000
274.125000 7.221966 0.256000 4.380000
277.000000 7.427328 0.256000 4.485000
278.500000 7.427328 0.256000 4.570000
281.125000 7.655253 0.256000 4.680000
286.375000 7.893813 0.256000 4.775000
288.375000 8.097646 0.256000 4.875000
292.375000 8.097646 0.256000 4.975000
293.375000 8.328961 0.256000 5.080000
295.125000 8.541638 0.256000 5.180000
296.750000 8.748627 0.335000 5.285000
298.375000 8.949895 0.335000 5.370000
299.000000 9.160896 0.335000 5.470000
299.750000 9.382348 0.335000 5.575000
300.375000 9.582566 0.335000 5.675000
300.625000 9.782839 0.335000 5.770000
300.875000 9.996083 0.335000 5.870000
301.875000 10.216758 0.335000 5.980000
302.625000 10.466973 0.335000 6.080000
303.125000 10.666980 0.276000 6.165000
303.250000 10.897762 0.276000 6.285000
303.250000 10.897762 0.276000 6.370000
303.375000 11.098412 0.276000 6.470000
303.500000 11.298657 0.276000 6.585000
303.625000 11.298657 0.276000 6.670000
304.125000 11.298657 0.276000 6.780000
304.125000 11.499625 0.276000 6.870000
304.125000 11.499625 0.276000 6.980000
304.375000 11.499625 0.276000 7.085000
304.375000 11.499625 0.212000 7.170000
304.375000 11.699989 0.212000 7.280000
304.500000 11.699989 0.212000 7.370000
304.500000 11.915714 0.212000 7.470000
304.625000 12.124874 0.212000 7.580000
304.750000 12.124874 0.212000 7.685000
304.875000 12.347491 0.212000 7.785000
305.250000 12.561819 0.212000 7.870000
305.750000 12.561819 0.212000 7.975000
306.125000 12.774117 0.212000 8.076000
306.625000 12.984014 0.211000 8.180000
306.750000 12.984014 0.211000 8.270000
307.375000 13.185340 0.211000 8.380000
307.750000 13.388519 0.211000 8.470000
308.500000 13.593999 0.211000 8.580000
308.875000 13.593999 0.211000 8.670000
310.000000 13.795462 0.211000 8.780000
310.625000 14.027140 0.211000 8.870000
310.875000 14.027140 0.211000 8.980000
311.375000 14.253669 0.211000 9.070000
311.625000 14.488819 0.205000 9.175000
311.625000 14.488819 0.205000 9.280000
312.125000 14.716835 0.205000 9.370000
312.375000 14.922692 0.205000 9.485000
312.375000 15.128118 0.205000 9.570000
313.000000 15.128118 0.205000 9.675000
313.750000 15.335627 0.205000 9.765000
314.000000 15.544705 0.205000 9.885000
314.375000 15.778993 0.205000 9.980000
314.625000 15.986669 0.205000 10.070000
315.125000 16.195620 0.199000 10.180000
315.500000 16.396107 0.199000 10.270000
315.750000 16.606699 0.199000 10.375000
316.375000 16.836731 0.199000 10.480000
317.000000 17.046833 0.199000 10.565000
317.000000 17.256969 0.199000 10.670000
317.375000 17.457109 0.199000 10.775000
317.500000 17.657265 0.199000 10.885000
317.875000 17.867437 0.199000 10.975000
318.000000 18.077480 0.199000 11.085000
318.625000 18.284279 0.199000 11.165000
319.125000 18.493378 0.263000 11.275000
319.250000 18.493378 0.263000 11.365000
319.375000 18.702831 0.263000 11.480000
320.000000 18.925312 0.263000 11.565000
321.000000 19.141258 0.263000 11.670000
321.500000 19.378876 0.263000 11.780000
322.375000 19.617611 0.263000 11.875000
322.750000 19.827011 0.263000 11.975000
323.375000 20.036457 0.263000 12.070000
323.875000 20.243813 0.263000 12.170000
324.125000 20.446037 0.249000 12.275000
324.375000 20.649097 0.249000 12.385000
324.875000 20.649097 0.249000 12.475000
325.125000 20.854536 0.249000 12.580000
325.625000 21.081053 0.249000 12.685000
326.750000 21.298986 0.249000 12.775000
327.500000 21.527025 0.249000 12.880000
327.875000 21.775717 0.249000 12.980000
328.750000 22.004982 0.249000 13.085000
329.375000 22.213509 0.259000 13.165000
330.000000 22.422085 0.259000 13.275000
330.500000 22.422085 0.259000 13.365000
331.250000 22.626675 0.259000 13.480000
331.875000 22.870785 0.259000 13.575000
332.750000 22.870785 0.259000 13.665000
333.625000 23.070797 0.259000 13.770000
334.375000 23.274620 0.259000 13.875000
335.250000 23.479830 0.259000 13.970000
336.000000 23.479830 0.259000 14.075000
336.875000 23.685881 0.259000 14.165000
337.250000 23.890980 0.235000 14.275000
337.625000 23.890980 0.235000 14.380000
337.750000 24.092926 0.235000 14.485000
338.125000 24.092926 0.235000 14.575000
338.750000 24.292929 0.235000 14.680000
339.375000 24.292929 0.235000 14.765000
339.625000 24.292929 0.235000 14.870000
339.750000 24.292929 0.235000 14.980000
340.375000 24.292929 0.235000 15.075000
340.625000 24.292929 0.183000 15.185000
341.125000 24.292929 0.183000 15.270000
341.375000 24.494411 0.183000 15.380000
341.625000 24.494411 0.183000 15.485000
341.750000 24.494411 0.183000 15.570000
342.000000 24.494411 0.183000 15.680000
342.125000 24.494411 0.183000 15.760000
342.125000 24.494411 0.183000 15.880000
342.125000 24.494411 0.183000 15.980000
342.250000 24.494411 0.183000 16.059999
342.375000 24.494411 0.189000 16.170000
342.375000 24.494411 0.189000 16.280001
342.375000 24.494411 0.189000 16.379999
342.375000 24.494411 0.189000 16.469999
342.500000 24.494411 0.189000 16.575001
342.500000 24.494411 0.189000 16.665001
342.500000 24.494411 0.189000 16.780001
342.500000 24.711744 0.189000 16.875000
342.625000 24.711744 0.189000 16.980000
343.125000 24.938992 0.189000 17.075001
343.625000 25.143948 0.184000 17.170000
344.000000 25.391529 0.184000 17.285000
344.500000 25.597416 0.184000 17.370001
344.875000 25.805555 0.184000 17.475000
344.875000 26.014805 0.184000 17.565001
345.000000 26.224251 0.184000 17.670000
345.125000 26.433796 0.184000 17.780001
345.500000 26.433796 0.184000 17.865000
345.500000 26.837442 0.184000 17.975000
345.750000 27.040565 0.184000 18.080000
345.875000 27.040565 0.184000 18.170000
346.125000 27.452654 0.241000 18.280001
346.500000 27.452654 0.241000 18.365000
346.625000 27.654675 0.241000 18.480000
346.625000 27.857990 0.241000 18.565001
347.000000 28.062550 0.241000 18.680000
347.125000 28.265522 0.241000 18.775000
347.125000 28.265522 0.241000 18.879999
347.375000 28.487179 0.241000 18.995001
347.625000 28.692345 0.241000 19.080000
347.750000 28.897480 0.205000 19.170000
348.375000 28.897480 0.205000 19.280001
348.625000 29.102861 0.205000 19.370001
348.875000 29.304237 0.205000 19.475000
349.125000 29.518059 0.205000 19.580000
349.250000 29.725883 0.205000 19.670000
349.875000 29.930010 0.205000 19.780001
350.000000 30.137028 0.205000 19.870001
350.125000 30.345490 0.205000 19.980000
350.375000 30.345490 0.205000 20.070000
350.625000 30.554699 0.247000 20.174999
350.750000 30.804066 0.247000 20.270000
351.125000 31.048508 0.247000 20.385000
351.500000 31.262032 0.247000 20.469999
351.875000 31.464916 0.247000 20.580000
351.875000 31.464916 0.247000 20.670000
352.125000 31.687485 0.247000 20.785000
352.250000 31.890509 0.247000 20.879999
352.500000 31.890509 0.247000 20.965000
352.625000 32.093117 0.247000 21.080000
352.750000 32.318771 0.247000 21.160000
352.875000 32.522446 0.234000 21.275000
352.875000 32.522446 0.234000 21.385000
353.000000 32.727329 0.234000 21.465000
353.500000 32.948204 0.234000 21.580000
353.500000 32.948204 0.234000 21.665001
353.750000 33.153984 0.234000 21.770000
353.750000 33.372192 0.234000 21.879999
353.875000 33.596714 0.234000 21.969999
353.875000 33.806305 0.234000 22.080000
354.000000 34.011986 0.234000 22.165001
354.000000 34.220932 0.239000 22.270000
354.125000 34.423435 0.239000 22.375000
354.125000 34.423435 0.239000 22.459999
354.250000 34.836365 0.239000 22.580000
354.375000 34.836365 0.239000 22.665001
354.750000 35.045738 0.239000 22.775000
354.875000 35.284115 0.239000 22.865000
354.875000 35.501911 0.239000 22.969999
355.375000 35.719246 0.239000 23.075001
355.875000 35.955967 0.239000 23.174999
356.500000 36.162952 0.234000 23.264999
357.375000 36.370628 0.234000 23.370001
357.625000 36.579418 0.234000 23.475000
358.000000 36.788906 0.234000 23.570000
358.875000 36.998772 0.234000 23.680000
359.375000 37.198967 0.234000 23.764999
359.875000 37.408066 0.234000 23.879999
360.750000 37.609978 0.234000 23.969999
361.875000 37.812424 0.234000 24.075001
362.250000 38.018372 0.234000 24.180000
362.750000 38.018372 0.257000 24.280001
363.250000 38.231781 0.257000 24.375000
363.500000 38.432583 0.257000 24.475000
365.000000 38.432583 0.257000 24.584999
365.875000 38.432583 0.257000 24.670000
366.375000 38.633522 0.257000 24.775000
366.625000 38.837887 0.257000 24.879999
367.125000 38.837887 0.257000 24.965000
367.500000 39.040123 0.257000 25.080000
368.750000 39.243038 0.226000 25.170000
368.875000 39.243038 0.226000 25.270000
369.125000 39.447754 0.226000 25.375000
369.375000 39.447754 0.226000 25.469999
370.125000 39.651726 0.226000 25.570000
370.375000 39.651726 0.226000 25.674999
370.500000 39.651726 0.226000 25.785000
370.625000 39.851746 0.226000 25.875000
371.000000 39.851746 0.226000 25.975000
371.250000 39.851746 0.226000 26.059999
371.375000 39.851746 0.227000 26.174999
371.375000 39.851746 0.227000 26.285000
371.500000 39.851746 0.227000 26.370001
371.500000 39.851746 0.227000 26.480000
371.625000 39.851746 0.227000 26.570000
371.750000 39.851746 0.227000 26.680000
371.750000 39.851746 0.227000 26.764999
371.750000 39.851746 0.227000 26.875000
371.875000 39.851746 0.227000 26.969999
371.875000 39.851746 0.213000 27.065001
371.875000 39.851746 0.213000 27.174999
371.875000 39.851746 0.213000 27.285000
371.875000 39.851746 0.213000 27.370001
371.875000 39.851746 0.213000 27.485001
371.875000 39.851746 0.213000 27.570000
371.875000 39.851746 0.213000 27.680000
371.875000 39.851746 0.213000 27.780001
371.875000 40.054089 0.213000 27.870001
372.000000 40.054089 0.213000 27.980000
372.000000 40.257450 0.213000 28.059999
372.250000 40.461201 0.209000 28.174999
372.375000 40.461201 0.209000 28.280001
372.625000 40.685570 0.209000 28.370001
372.875000 40.890202 0.209000 28.485001
373.500000 40.890202 0.209000 28.570000
373.500000 41.096531 0.209000 28.670000
374.125000 41.320675 0.209000 28.780001
374.375000 41.320675 0.209000 28.870001
374.500000 41.526691 0.209000 28.975000
374.500000 41.730042 0.209000 29.080000
375.000000 41.730042 0.216000 29.174999
375.000000 41.730042 0.216000 29.280001
375.000000 41.938290 0.216000 29.379999
375.250000 41.938290 0.216000 29.469999
375.250000 42.143105 0.216000 29.584999
375.250000 42.368835 0.216000 29.665001
375.250000 42.368835 0.216000 29.780001
375.375000 42.569672 0.216000 29.870001
375.500000 42.772320 0.216000 29.975000
375.625000 42.978355 0.216000 30.070000
375.625000 42.978355 0.185000 30.184999
375.750000 43.187843 0.185000 30.270000
375.750000 43.391270 0.185000 30.375000
376.125000 43.595463 0.185000 30.480000
376.500000 43.595463 0.185000 30.580000
376.500000 43.800140 0.185000 30.674999
376.500000 44.020145 0.185000 30.775000
377.000000 44.020145 0.185000 30.865000
377.750000 44.221722 0.185000 30.969999
378.625000 44.445492 0.185000 31.080000
381.875000 44.687252 0.165000 31.184999
384.250000 44.898960 0.165000 31.275000
387.750000 45.104084 0.165000 31.379999
389.750000 45.312714 0.165000 31.469999
391.500000 45.521225 0.165000 31.584999
392.625000 45.521225 0.165000 31.670000
392.875000 45.939636 0.165000 31.780001
392.875000 45.939636 0.165000 31.860001
394.750000 46.149242 0.165000 31.965000
395.000000 46.358585 0.165000 32.080002
396.250000 46.578999 0.223000 32.180000
396.250000 46.794010 0.223000 32.275002
397.625000 46.997459 0.223000 32.369999
397.750000 47.202927 0.223000 32.480000
399.125000 47.450085 0.223000 32.564999
400.750000 47.688774 0.223000 32.685001
402.625000 47.897575 0.223000 32.770000
409.000000 47.897575 0.223000 32.875000
418.000000 48.104870 0.223000 32.974998
423.125000 48.309345 0.223000 33.064999
427.875000 48.513016 0.223000 33.185001
430.375000 48.715576 0.223000 33.270000
432.500000 48.715576 0.223000 33.380001
434.500000 48.922714 0.223000 33.470001
436.750000 49.135731 0.223000 33.580002
439.000000 49.135731 0.223000 33.685001
440.375000 49.363041 0.223000 33.770000
442.375000 49.569935 0.223000 33.880001
443.125000 49.569935 0.223000 33.974998
443.375000 49.770523 0.223000 34.080002
444.750000 49.770523 0.223000 34.169998
445.000000 49.770523 0.264000 34.270000
445.375000 49.972321 0.264000 34.375000
446.250000 49.972321 0.264000 34.470001
446.500000 49.972321 0.264000 34.580002
446.875000 49.972321 0.264000 34.669998
447.000000 49.972321 0.264000 34.785000
447.000000 49.972321 0.264000 34.880001
447.250000 49.972321 0.264000 34.970001
447.250000 49.972321 0.264000 35.070000
447.250000 49.972321 0.237000 35.174999
447.250000 49.972321 0.237000 35.279999
447.375000 49.972321 0.237000 35.369999
447.375000 49.972321 0.237000 35.474998
447.375000 49.972321 0.237000 35.584999
447.375000 49.972321 0.237000 35.669998
447.375000 50.172832 0.237000 35.775002
447.375000 50.172832 0.237000 35.880001
447.500000 50.172832 0.237000 35.970001
447.500000 50.374699 0.237000 36.080002
447.875000 50.577648 0.214000 36.165001
448.000000 50.577648 0.214000 36.279999
448.125000 50.783665 0.214000 36.365002
448.375000 51.012844 0.214000 36.480000
448.375000 51.012844 0.214000 36.570000
448.500000 51.215439 0.214000 36.674999
448.875000 51.447540 0.214000 36.775002
449.000000 51.655163 0.214000 36.880001
449.125000 51.859688 0.214000 36.970001
449.375000 52.062195 0.214000 37.075001
449.625000 52.062195 0.214000 37.165001
449.625000 52.268185 0.246000 37.270000
449.875000 52.471291 0.246000 37.375000
449.875000 52.675648 0.246000 37.474998
450.000000 52.877632 0.246000 37.575001
450.125000 52.877632 0.246000 37.674999
450.500000 52.877632 0.246000 37.770000
450.500000 53.078827 0.246000 37.869999
450.625000 53.078827 0.246000 37.974998
450.625000 53.078827 0.246000 38.080002
450.625000 53.078827 0.219000 38.185001
450.625000 53.078827 0.219000 38.285000
450.625000 53.078827 0.219000 38.380001
450.625000 53.078827 0.219000 38.465000
450.625000 53.078827 0.219000 38.575001
450.625000 53.278938 0.219000 38.685001
450.625000 53.278938 0.219000 38.770000
450.750000 53.278938 0.219000 38.884998
450.750000 53.278938 0.219000 38.970001
450.750000 53.278938 0.219000 39.070000
450.750000 53.278938 0.210000 39.180000
451.000000 53.278938 0.210000 39.275002
451.125000 53.482407 0.210000 39.365002
451.125000 53.682915 0.210000 39.480000
451.125000 53.682915 0.210000 39.575001
451.750000 53.890793 0.210000 39.685001
451.875000 54.092228 0.210000 39.775002
452.250000 54.340477 0.210000 39.865002
452.375000 54.545155 0.210000 39.970001
452.375000 54.752037 0.210000 40.080002
452.625000 54.960285 0.213000 40.165001
453.000000 55.169235 0.213000 40.270000
453.500000 55.378571 0.213000 40.384998
453.625000 55.588188 0.213000 40.480000
453.625000 55.798004 0.213000 40.580002
453.875000 55.798004 0.213000 40.669998
454.125000 56.007927 0.213000 40.779999
454.625000 56.237812 0.213000 40.875000
455.750000 56.447693 0.213000 40.970001
456.375000 56.667568 0.213000 41.080002
456.750000 56.876255 0.235000 41.165001
457.375000 57.078926 0.235000 41.270000
457.625000 57.279327 0.235000 41.369999
458.000000 57.485725 0.235000 41.480000
459.125000 57.703503 0.235000 41.580002
460.250000 57.910954 0.235000 41.669998
461.500000 58.120338 0.235000 41.779999
462.750000 58.329147 0.235000 41.884998
464.125000 58.538475 0.235000 41.965000
469.000000 58.738682 0.235000 42.075001
472.375000 58.946465 0.246000 42.185001
478.375000 59.152294 0.246000 42.279999
481.500000 59.152294 0.246000 42.380001
487.875000 59.367798 0.246000 42.465000
492.625000 59.568073 0.246000 42.570000
496.125000 59.769501 0.246000 42.680000
498.625000 59.769501 0.246000 42.785000
500.000000 60.007462 0.246000 42.875000
501.250000 60.227283 0.246000 42.974998
502.125000 60.227283 0.246000 43.080002
503.250000 60.429428 0.246000 43.169998
504.000000 60.632050 0.258000 43.275002
506.000000 60.854504 0.258000 43.365002
506.125000 61.059063 0.258000 43.470001
508.000000 61.262417 0.258000 43.580002
508.125000 61.469730 0.258000 43.669998
508.500000 61.679745 0.258000 43.779999
508.500000 61.886681 0.258000 43.875000
508.625000 61.886681 0.258000 43.985001
508.750000 62.123737 0.258000 44.075001
508.750000 62.325218 0.262000 44.165001
508.750000 62.325218 0.262000 44.275002
508.750000 62.325218 0.262000 44.360001
508.875000 62.525230 0.262000 44.470001
508.875000 62.525230 0.262000 44.584999
508.875000 62.525230 0.262000 44.669998
509.000000 62.525230 0.262000 44.779999
509.000000 62.525230 0.262000 44.889999
509.000000 62.525230 0.262000 44.974998
509.000000 62.727219 0.262000 45.084999
509.000000 62.727219 0.225000 45.174999
509.000000 62.727219 0.225000 45.279999
509.000000 62.727219 0.225000 45.375000
509.000000 62.727219 0.225000 45.485001
509.000000 62.727219 0.225000 45.584999
509.000000 62.727219 0.225000 45.674999
509.000000 62.727219 0.225000 45.779999
509.000000 62.727219 0.225000 45.880001
509.000000 62.727219 0.225000 45.980000
509.000000 62.727219 0.225000 46.080002
509.000000 62.727219 0.217000 46.169998
509.000000 62.727219 0.217000 46.279999
509.000000 62.727219 0.217000 46.375000
509.000000 62.727219 0.217000 46.485001
509.000000 62.727219 0.217000 46.575001
509.000000 62.727219 0.217000 46.685001
509.000000 62.727219 0.217000 46.764999
509.000000 62.927967 0.217000 46.880001
509.000000 62.927967 0.217000 46.980000
509.000000 62.927967 0.217000 47.070000
509.000000 62.927967 0.217000 47.185001
509.000000 62.927967 0.217000 47.270000
509.000000 62.927967 0.217000 47.375000
509.000000 62.927967 0.217000 47.480000
509.000000 63.137253 0.217000 47.584999
509.000000 63.137253 0.217000 47.674999
509.000000 63.349224 0.217000 47.790001
509.000000 63.573154 0.217000 47.875000
509.000000 63.573154 0.217000 47.980000
509.000000 63.791142 0.217000 48.090000
509.000000 64.007965 0.173000 48.169998
509.000000 64.211533 0.173000 48.285000
509.000000 64.211533 0.173000 48.365002
509.000000 64.414009 0.173000 48.474998
509.500000 64.623558 0.173000 48.584999
509.875000 64.623558 0.173000 48.680000
510.250000 64.841370 0.173000 48.770000
510.500000 65.045326 0.173000 48.884998
510.625000 65.045326 0.173000 48.970001
511.125000 65.249695 0.173000 49.084999
511.125000 65.454308 0.192000 49.174999
511.125000 65.674843 0.192000 49.285000
511.875000 65.674843 0.192000 49.375000
512.125000 65.877716 0.192000 49.474998
512.250000 65.877716 0.192000 49.575001
512.625000 65.877716 0.192000 49.680000
512.750000 66.078438 0.192000 49.785000
512.875000 66.078438 0.192000 49.869999
513.125000 66.078438 0.192000 49.985001
513.125000 66.078438 0.192000 50.075001
513.375000 66.078438 0.212000 50.174999
513.375000 66.078438 0.212000 50.285000
513.375000 66.078438 0.212000 50.375000
513.375000 66.078438 0.212000 50.485001
513.375000 66.078438 0.212000 50.570000
513.375000 66.078438 0.212000 50.680000
513.625000 66.078438 0.212000 50.785000
513.625000 66.078438 0.212000 50.869999
513.625000 66.078438 0.212000 50.974998
513.625000 66.078438 0.212000 51.064999
513.750000 66.078438 0.182000 51.169998
513.750000 66.078438 0.182000 51.275002
513.750000 66.078438 0.182000 51.384998
513.750000 66.078438 0.182000 51.470001
513.750000 66.078438 0.182000 51.575001
513.750000 66.078438 0.182000 51.674999
513.750000 66.078438 0.182000 51.755001
513.750000 66.078438 0.182000 51.865002
513.750000 66.078438 0.182000 51.970001
513.750000 66.078438 0.182000 52.080002
513.750000 66.078438 0.176000 52.169998
513.750000 66.078438 0.176000 52.279999
513.750000 66.078438 0.176000 52.369999
513.750000 66.278809 0.176000 52.480000
513.750000 66.278809 0.176000 52.570000
513.750000 66.278809 0.176000 52.680000
513.750000 66.480042 0.176000 52.775002
513.750000 66.480042 0.176000 52.880001
513.750000 66.685715 0.176000 52.970001
513.875000 66.891029 0.176000 53.075001
514.000000 66.891029 0.175000 53.165001
514.000000 67.104980 0.175000 53.279999
514.000000 67.307396 0.175000 53.369999
514.000000 67.307396 0.175000 53.474998
514.000000 67.515526 0.175000 53.570000
514.000000 67.719704 0.175000 53.680000
514.125000 67.927048 0.175000 53.785000
514.125000 68.130890 0.175000 53.865002
514.125000 68.347641 0.175000 53.980000
514.125000 68.556068 0.175000 54.070000
514.125000 68.765282 0.233000 54.174999
514.125000 69.004868 0.233000 54.270000
514.500000 69.214706 0.233000 54.375000
514.500000 69.424629 0.233000 54.465000
514.500000 69.634590 0.233000 54.570000
514.500000 69.844582 0.233000 54.685001
514.500000 70.044601 0.233000 54.785000
514.500000 70.250275 0.233000 54.880001
514.500000 70.250275 0.233000 54.965000
514.500000 70.477600 0.233000 55.070000
514.500000 70.682182 0.220000 55.180000
514.500000 70.682182 0.220000 55.264999
514.500000 70.682182 0.220000 55.375000
514.500000 70.884331 0.220000 55.474998
514.500000 70.884331 0.220000 55.570000
514.500000 70.884331 0.220000 55.680000
514.500000 70.884331 0.220000 55.770000
514.500000 70.884331 0.220000 55.880001
514.500000 70.884331 0.220000 55.965000
514.500000 70.884331 0.220000 56.070000
514.500000 70.884331 0.193000 56.180000
514.500000 70.884331 0.193000 56.264999
514.500000 70.884331 0.193000 56.375000
514.500000 70.884331 0.193000 56.465000
514.500000 70.884331 0.193000 56.570000
514.500000 71.084671 0.193000 56.680000
514.500000 71.084671 0.193000 56.764999
514.500000 71.084671 0.193000 56.880001
514.500000 71.084671 0.193000 56.985001
514.500000 71.084671 0.193000 57.070000
514.500000 71.084671 0.189000 57.180000
514.500000 71.084671 0.189000 57.270000
514.500000 71.084671 0.189000 57.380001
514.500000 71.084671 0.189000 57.470001
514.500000 71.084671 0.189000 57.580002
514.500000 71.084671 0.189000 57.669998
514.500000 71.286003 0.189000 57.779999
514.500000 71.286003 0.189000 57.869999
514.500000 71.507256 0.189000 57.970001
514.625000 71.712875 0.189000 58.064999
514.625000 71.712875 0.186000 58.180000
514.625000 71.927254 0.186000 58.285000
514.625000 72.144547 0.186000 58.380001
514.750000 72.344894 0.186000 58.480000
514.750000 72.344894 0.186000 58.590000
514.875000 72.569046 0.186000 58.685001
514.875000 72.774017 0.186000 58.770000
514.875000 72.976814 0.186000 58.884998
515.000000 73.212776 0.186000 58.970001
515.000000 73.420204 0.186000 59.084999
515.000000 73.626579 0.203000 59.189999
515.125000 73.831734 0.203000 59.279999
515.125000 74.039154 0.203000 59.384998
515.125000 74.243309 0.203000 59.485001
515.125000 74.243309 0.203000 59.570000
515.125000 74.446953 0.203000 59.685001
515.125000 74.693260 0.203000 59.775002
515.125000 74.693260 0.203000 59.880001
515.125000 74.915649 0.203000 59.985001
515.375000 75.150703 0.203000 60.075001
515.375000 75.150703 0.236000 60.174999
515.625000 75.353996 0.236000 60.285000
515.625000 75.557251 0.236000 60.375000
515.875000 75.770981 0.236000 60.494999
516.000000 75.974106 0.236000 60.584999
516.375000 75.974106 0.236000 60.674999
516.500000 76.179642 0.236000 60.790001
516.625000 76.382401 0.236000 60.875000
516.750000 76.596710 0.236000 60.980000
517.375000 76.596710 0.236000 61.064999
517.375000 76.802467 0.228000 61.169998
517.375000 77.006332 0.228000 61.279999
517.750000 77.208504 0.228000 61.375000
517.750000 77.208504 0.228000 61.480000
517.875000 77.424141 0.228000 61.564999
518.250000 77.647102 0.228000 61.669998
518.500000 77.647102 0.228000 61.775002
518.500000 77.871994 0.228000 61.865002
518.500000 78.075562 0.228000 61.980000
518.500000 78.279488 0.228000 62.070000
518.500000 78.279488 0.210000 62.180000
518.500000 78.483826 0.210000 62.264999
518.500000 78.702835 0.210000 62.369999
519.125000 78.702835 0.210000 62.480000
519.625000 78.930580 0.210000 62.564999
521.750000 79.137428 0.210000 62.669998
524.750000 79.345329 0.210000 62.779999
527.625000 79.554665 0.210000 62.869999
530.125000 79.759758 0.210000 62.980000
532.625000 79.967598 0.210000 63.075001
534.750000 80.168587 0.180000 63.169998
536.625000 80.370338 0.180000 63.264999
537.625000 80.572433 0.180000 63.369999
538.500000 80.772552 0.180000 63.474998
539.750000 80.982918 0.180000 63.584999
540.000000 81.185295 0.180000 63.665001
541.250000 81.386246 0.180000 63.770000
541.250000 81.596207 0.180000 63.880001
542.500000 81.798225 0.180000 63.980000
544.625000 82.006653 0.180000 64.074997
545.500000 82.211945 0.189000 64.180000
546.125000 82.211945 0.189000 64.275002
547.250000 82.444901 0.189000 64.360001
548.750000 82.657463 0.189000 64.485001
549.375000 82.861511 0.189000 64.570000
549.875000 83.076035 0.189000 64.680000
551.250000 83.281837 0.189000 64.785004
552.375000 83.281837 0.189000 64.875000
553.375000 83.489159 0.189000 64.980003
555.000000 83.693321 0.189000 65.080002
556.125000 83.693321 0.221000 65.175003
557.000000 83.907440 0.221000 65.264999
557.500000 84.124626 0.221000 65.370003
557.750000 84.124626 0.221000 65.480003
558.625000 84.343246 0.221000 65.565002
559.375000 84.565933 0.221000 65.669998
559.750000 84.565933 0.221000 65.775002
560.500000 84.791267 0.221000 65.879997
561.250000 85.018173 0.221000 65.974998
561.375000 85.018173 0.221000 66.074997
562.000000 85.238243 0.204000 66.180000
562.625000 85.459564 0.204000 66.275002
563.875000 85.665993 0.204000 66.370003
565.125000 85.665993 0.204000 66.470001
567.250000 85.874207 0.204000 66.580002
570.375000 86.102173 0.204000 66.669998
574.250000 86.315620 0.204000 66.769997
583.375000 86.530876 0.204000 66.879997
595.750000 86.776215 0.204000 66.985001
601.125000 86.992157 0.204000 67.074997
606.750000 87.198120 0.215000 67.175003
610.625000 87.400002 0.215000 67.275002
615.750000 87.400002 0.215000 67.375000
620.750000 87.627426 0.215000 67.474998
622.750000 87.833916 0.215000 67.570000
625.625000 88.037369 0.215000 67.684998
627.750000 88.037369 0.215000 67.764999
629.375000 88.259018 0.215000 67.870003
630.125000 88.472580 0.215000 67.980003
632.000000 88.472580 0.215000 68.074997
634.250000 88.695587 0.215000 68.169998
636.375000 88.912727 0.311000 68.269997
637.000000 89.115440 0.311000 68.385002
638.375000 89.115440 0.311000 68.470001
638.875000 89.318352 0.311000 68.574997
639.125000 89.521690 0.311000 68.675003
642.250000 89.521690 0.311000 68.775002
643.250000 89.726059 0.311000 68.875000
643.625000 89.957321 0.311000 68.974998
644.875000 90.162010 0.311000 69.080002
646.000000 90.364899 0.311000 69.169998
646.250000 90.364899 0.269000 69.269997
647.250000 90.772415 0.269000 69.379997
648.000000 90.772415 0.269000 69.464996
650.625000 90.980263 0.269000 69.580002
652.125000 91.200897 0.269000 69.665001
652.375000 91.402618 0.269000 69.775002
653.125000 91.614265 0.269000 69.864998
654.875000 91.816795 0.269000 69.980003
655.875000 91.816795 0.269000 70.070000
658.000000 92.022408 0.269000 70.175003
660.375000 92.241959 0.269000 70.275002
662.625000 92.241959 0.269000 70.364998
664.250000 92.469948 0.269000 70.470001
664.750000 92.672714 0.269000 70.580002
666.750000 92.672714 0.269000 70.675003
667.875000 92.894920 0.269000 70.775002
669.500000 93.109398 0.269000 70.875000
670.125000 93.109398 0.269000 70.974998
670.750000 93.318970 0.269000 71.070000
672.500000 93.318970 0.251000 71.184998
673.375000 93.519279 0.251000 71.269997
674.750000 93.519279 0.251000 71.375000
675.125000 93.519279 0.251000 71.474998
675.375000 93.519279 0.251000 71.574997
675.625000 93.719727 0.251000 71.669998
676.500000 93.719727 0.251000 71.775002
676.875000 93.719727 0.251000 71.879997
677.625000 93.719727 0.251000 71.974998
678.000000 93.719727 0.251000 72.074997
678.500000 93.719727 0.196000 72.180000
678.750000 93.719727 0.196000 72.264999
678.875000 93.719727 0.196000 72.370003
679.000000 93.719727 0.196000 72.480003
679.125000 93.719727 0.196000 72.574997
679.125000 93.719727 0.196000 72.680000
679.375000 93.719727 0.196000 72.779999
679.500000 93.719727 0.196000 72.870003
679.500000 93.719727 0.196000 72.974998
679.625000 93.719727 0.196000 73.080002
679.625000 93.719727 0.195000 73.180000
680.125000 93.719727 0.195000 73.269997
680.500000 93.719727 0.195000 73.379997
680.625000 93.719727 0.195000 73.470001
681.000000 93.719727 0.195000 73.580002
681.125000 93.920395 0.195000 73.680000
681.750000 94.124527 0.195000 73.779999
681.875000 94.124527 0.195000 73.879997
682.250000 94.360123 0.195000 73.974998
682.750000 94.360123 0.195000 74.080002
683.750000 94.563759 0.210000 74.175003
684.000000 94.563759 0.210000 74.269997
684.000000 94.787025 0.210000 74.375000
684.375000 94.787025 0.210000 74.480003
684.750000 95.001328 0.210000 74.574997
685.000000 95.001328 0.210000 74.665001
685.000000 95.201866 0.210000 74.775002
685.125000 95.201866 0.210000 74.864998
685.500000 95.405457 0.210000 74.980003
685.500000 95.405457 0.210000 75.084999
685.625000 95.607986 0.210000 75.175003
685.625000 95.607986 0.273000 75.285004
685.625000 95.607986 0.273000 75.370003
685.750000 95.810333 0.273000 75.485001
685.750000 95.810333 0.273000 75.565002
685.750000 95.810333 0.273000 75.669998
685.875000 95.810333 0.273000 75.779999
686.000000 95.810333 0.273000 75.885002
686.125000 95.810333 0.273000 75.964996
686.125000 95.810333 0.273000 76.070000
686.125000 95.810333 0.273000 76.180000
686.125000 95.810333 0.269000 76.279999
686.125000 95.810333 0.269000 76.370003
686.250000 95.810333 0.269000 76.480003
686.375000 96.010437 0.269000 76.584999
686.375000 96.010437 0.269000 76.680000
686.375000 96.010437 0.269000 76.764999
686.375000 96.010437 0.269000 76.870003
686.375000 96.010437 0.269000 76.980003
686.375000 96.010437 0.269000 77.070000
686.375000 96.010437 0.269000 77.184998
686.375000 96.010437 0.281000 77.269997
686.375000 96.010437 0.281000 77.375000
686.625000 96.215279 0.281000 77.485001
686.625000 96.420128 0.281000 77.570000
686.625000 96.420128 0.281000 77.680000
686.750000 96.620850 0.281000 77.764999
687.000000 96.839897 0.281000 77.879997
687.375000 96.839897 0.281000 77.974998
687.375000 97.041527 0.281000 78.080002
687.375000 97.244690 0.281000 78.180000
687.375000 97.448563 0.317000 78.275002
687.500000 97.448563 0.317000 78.370003
687.625000 97.651955 0.317000 78.480003
688.125000 97.885300 0.317000 78.580002
688.125000 97.885300 0.317000 78.675003
688.875000 98.116966 0.317000 78.785004
688.875000 98.323563 0.317000 78.870003
689.250000 98.527405 0.317000 78.974998
689.500000 98.758308 0.317000 79.065002
689.875000 98.964355 0.317000 79.169998
690.250000 99.172386 0.297000 79.279999
690.250000 99.380981 0.297000 79.364998
690.250000 99.589180 0.297000 79.474998
690.375000 99.797577 0.297000 79.580002
690.375000 99.797577 0.297000 79.665001
690.500000 100.006546 0.297000 79.775002
690.500000 100.215912 0.297000 79.879997
690.625000 100.455498 0.297000 79.964996
690.750000 100.685226 0.297000 80.074997
690.875000 100.892921 0.297000 80.175003
690.875000 101.129166 0.298000 80.275002
691.000000 101.335876 0.298000 80.370003
691.000000 101.335876 0.298000 80.480003
691.000000 101.550987 0.298000 80.570000
691.000000 101.550987 0.298000 80.680000
691.125000 101.550987 0.298000 80.779999
691.125000 101.756927 0.298000 80.870003
691.125000 101.756927 0.298000 80.970001
691.125000 101.756927 0.298000 81.074997
691.125000 101.756927 0.298000 81.180000
691.125000 101.756927 0.301000 81.269997
691.125000 101.756927 0.301000 81.379997
691.125000 101.756927 0.301000 81.470001
691.125000 101.756927 0.301000 81.580002
691.125000 101.756927 0.301000 81.675003
691.250000 101.756927 0.301000 81.779999
691.250000 101.756927 0.301000 81.879997
691.250000 101.756927 0.301000 81.970001
691.250000 101.756927 0.301000 82.080002
691.250000 101.756927 0.301000 82.169998
691.250000 101.756927 0.284000 82.275002
691.250000 101.756927 0.284000 82.364998
691.250000 101.756927 0.284000 82.480003
691.250000 101.756927 0.284000 82.570000
691.375000 101.756927 0.284000 82.675003
691.375000 101.756927 0.284000 82.785004
691.375000 101.976913 0.284000 82.870003
691.500000 102.183922 0.284000 82.980003
691.500000 102.183922 0.284000 83.070000
691.625000 102.419655 0.284000 83.169998
691.625000 102.619904 0.307000 83.279999
692.000000 102.823952 0.307000 83.370003
692.125000 103.029396 0.307000 83.485001
692.125000 103.274208 0.307000 83.570000
692.250000 103.479782 0.307000 83.680000
692.250000 103.686264 0.307000 83.779999
692.250000 103.894348 0.307000 83.870003
692.375000 104.103546 0.307000 83.980003
692.500000 104.313354 0.307000 84.074997
692.625000 104.522194 0.307000 84.180000
692.625000 104.522194 0.316000 84.264999
692.625000 104.724213 0.316000 84.370003
692.625000 104.956139 0.316000 84.480003
692.750000 104.956139 0.316000 84.574997
692.750000 105.166695 0.316000 84.675003
692.750000 105.166695 0.316000 84.775002
692.750000 105.166695 0.316000 84.870003
692.750000 105.375557 0.316000 84.980003
692.750000 105.375557 0.316000 85.065002
692.750000 105.375557 0.269000 85.169998
692.750000 105.375557 0.269000 85.275002
692.875000 105.375557 0.269000 85.364998
692.875000 105.375557 0.269000 85.480003
692.875000 105.375557 0.269000 85.565002
692.875000 105.375557 0.269000 85.675003
692.875000 105.375557 0.269000 85.764999
692.875000 105.375557 0.269000 85.875000
692.875000 105.375557 0.269000 85.970001
692.875000 105.375557 0.269000 86.074997
692.875000 105.375557 0.269000 86.180000
692.875000 105.375557 0.250000 86.279999
692.875000 105.375557 0.250000 86.379997
692.875000 105.375557 0.250000 86.470001
692.875000 105.375557 0.250000 86.574997
692.875000 105.375557 0.250000 86.684998
692.875000 105.375557 0.250000 86.779999
692.875000 105.375557 0.250000 86.870003
692.875000 105.375557 0.250000 86.980003
692.875000 105.375557 0.250000 87.080002
692.875000 105.375557 0.250000 87.169998
692.875000 105.375557 0.257000 87.269997
692.875000 105.375557 0.257000 87.379997
692.875000 105.375557 0.257000 87.464996
692.875000 105.375557 0.257000 87.574997
692.875000 105.375557 0.257000 87.669998
692.875000 105.375557 0.257000 87.775002
692.875000 105.375557 0.257000 87.870003
692.875000 105.375557 0.257000 87.970001
692.875000 105.591904 0.257000 88.080002
692.875000 105.794884 0.257000 88.169998
693.000000 105.998566 0.249000 88.285004
693.000000 106.239204 0.249000 88.370003
693.000000 106.444679 0.249000 88.474998
693.000000 106.652451 0.249000 88.574997
693.125000 106.861755 0.249000 88.669998
693.125000 107.061760 0.249000 88.785004
693.250000 107.262138 0.249000 88.879997
693.250000 107.462776 0.249000 88.970001
693.250000 107.663551 0.249000 89.074997
693.375000 107.863953 0.249000 89.180000
693.375000 108.070900 0.342000 89.275002
693.375000 108.276016 0.342000 89.375000
693.375000 108.276016 0.342000 89.470001
693.375000 108.482895 0.342000 89.580002
693.375000 108.720718 0.342000 89.669998
693.375000 108.928925 0.342000 89.779999
693.375000 109.136978 0.342000 89.864998
693.625000 109.345818 0.342000 89.970001
693.625000 109.565269 0.342000 90.080002
693.750000 109.810501 0.342000 90.169998
693.875000 110.017624 0.301000 90.279999
694.125000 110.017624 0.301000 90.379997
694.125000 110.222435 0.301000 90.480003
694.250000 110.222435 0.301000 90.565002
694.250000 110.423462 0.301000 90.669998
694.375000 110.423462 0.301000 90.775002
694.375000 110.423462 0.301000 90.864998
694.375000 110.627121 0.301000 90.974998
694.375000 110.843498 0.301000 91.065002
694.375000 110.843498 0.301000 91.175003
694.500000 111.049110 0.251000 91.269997
694.625000 111.049110 0.251000 91.379997
694.625000 111.249954 0.251000 91.470001
694.750000 111.249954 0.251000 91.574997
694.750000 111.249954 0.251000 91.680000
694.875000 111.249954 0.251000 91.764999
694.875000 111.249954 0.251000 91.875000
694.875000 111.249954 0.251000 91.970001
694.875000 111.249954 0.251000 92.065002
694.875000 111.249954 0.200000 92.169998
694.875000 111.249954 0.200000 92.275002
694.875000 111.249954 0.200000 92.379997
694.875000 111.249954 0.200000 92.480003
694.875000 111.249954 0.200000 92.570000
694.875000 111.249954 0.200000 92.675003
694.875000 111.249954 0.200000 92.775002
694.875000 111.249954 0.200000 92.879997
694.875000 111.249954 0.200000 92.970001
694.875000 111.249954 0.200000 93.070000
694.875000 111.249954 0.187000 93.165001
694.875000 111.249954 0.187000 93.279999
694.875000 111.249954 0.187000 93.364998
694.875000 111.249954 0.187000 93.470001
694.875000 111.249954 0.187000 93.580002
694.875000 111.249954 0.187000 93.665001
694.875000 111.249954 0.187000 93.769997
694.875000 111.249954 0.187000 93.875000
694.875000 111.249954 0.187000 93.980003
694.875000 111.249954 0.187000 94.080002
694.875000 111.249954 0.199000 94.169998
694.875000 111.249954 0.199000 94.279999
694.875000 111.249954 0.199000 94.379997
694.875000 111.249954 0.199000 94.470001
694.875000 111.249954 0.199000 94.580002
694.875000 111.249954 0.199000 94.665001
694.875000 111.249954 0.199000 94.775002
694.875000 111.249954 0.199000 94.875000
694.875000 111.249954 0.199000 94.964996
694.875000 111.249954 0.199000 95.070000
694.875000 111.249954 0.211000 95.175003
694.875000 111.249954 0.211000 95.279999
694.875000 111.249954 0.211000 95.379997
694.875000 111.249954 0.211000 95.480003
694.875000 111.249954 0.211000 95.565002
694.875000 111.249954 0.211000 95.680000
694.875000 111.249954 0.211000 95.775002
694.875000 111.249954 0.211000 95.870003
694.875000 111.249954 0.211000 95.970001
694.875000 111.249954 0.199000 96.065002
694.875000 111.249954 0.199000 96.175003
694.875000 111.249954 0.199000 96.275002
694.875000 111.249954 0.199000 96.364998
694.875000 111.249954 0.199000 96.470001
694.875000 111.249954 0.199000 96.565002
694.875000 111.249954 0.199000 96.669998
694.875000 111.249954 0.199000 96.785004
694.875000 111.249954 0.199000 96.870003
694.875000 111.249954 0.199000 96.980003
694.875000 111.249954 0.199000 97.084999
694.875000 111.249954 0.213000 97.175003
694.875000 111.249954 0.213000 97.269997
694.875000 111.249954 0.213000 97.375000
694.875000 111.249954 0.213000 97.464996
694.875000 111.249954 0.213000 97.574997
694.875000 111.249954 0.213000 97.669998
694.875000 111.249954 0.213000 97.769997
694.875000 111.249954 0.213000 97.879997
694.875000 111.249954 0.213000 97.964996
694.875000 111.249954 0.213000 98.074997
694.875000 111.249954 0.198000 98.165001
694.875000 111.249954 0.198000 98.269997
694.875000 111.249954 0.198000 98.379997
694.875000 111.249954 0.198000 98.470001
694.875000 111.249954 0.198000 98.574997
694.875000 111.249954 0.198000 98.669998
694.875000 111.249954 0.198000 98.779999
694.875000 111.249954 0.198000 98.870003
694.875000 111.249954 0.198000 98.974998
694.875000 111.249954 0.198000 99.074997
694.875000 111.249954 0.201000 99.165001
694.875000 111.249954 0.201000 99.279999
694.875000 111.249954 0.201000 99.379997
694.875000 111.249954 0.201000 99.474998
694.875000 111.249954 0.201000 99.580002
694.875000 111.249954 0.201000 99.665001
694.875000 111.249954 0.201000 99.779999
694.875000 111.249954 0.201000 99.875000
694.875000 111.249954 0.201000 99.980003
694.875000 111.249954 0.201000 100.074997
694.875000 111.249954 0.204000 100.180000
694.875000 111.249954 0.204000 100.269997
694.875000 111.249954 0.204000 100.379997
694.875000 111.249954 0.204000 100.480003
694.875000 111.249954 0.204000 100.570000
694.875000 111.249954 0.204000 100.669998
694.875000 111.249954 0.204000 100.775002
694.875000 111.249954 0.204000 100.870003
694.875000 111.249954 0.204000 100.980003
694.875000 111.249954 0.204000 101.074997
694.875000 111.249954 0.199000 101.165001
694.875000 111.249954 0.199000 101.275002
694.875000 111.249954 0.199000 101.364998
694.875000 111.249954 0.199000 101.474998
694.875000 111.249954 0.199000 101.580002
694.875000 111.249954 0.199000 101.669998
695.000000 111.249954 0.199000 101.769997
695.125000 111.249954 0.199000 101.879997
695.125000 111.249954 0.199000 101.964996
695.125000 111.249954 0.199000 102.084999
695.125000 111.249954 0.194000 102.180000
695.125000 111.249954 0.194000 102.264999
695.125000 111.249954 0.194000 102.375000
695.125000 111.249954 0.194000 102.470001
695.125000 111.249954 0.194000 102.570000
695.125000 111.249954 0.194000 102.680000
695.125000 111.249954 0.194000 102.769997
695.125000 111.249954 0.194000 102.879997
695.125000 111.249954 0.194000 102.970001
695.125000 111.249954 0.194000 103.070000
695.125000 111.249954 0.207000 103.180000
695.125000 111.249954 0.207000 103.264999
695.125000 111.249954 0.207000 103.370003
695.125000 111.249954 0.207000 103.474998
695.125000 111.249954 0.207000 103.565002
695.125000 111.249954 0.207000 103.680000
695.250000 111.249954 0.207000 103.775002
695.250000 111.249954 0.207000 103.875000
695.250000 111.249954 0.207000 103.974998
695.250000 111.249954 0.207000 104.080002
695.250000 111.249954 0.202000 104.169998
695.250000 111.249954 0.202000 104.269997
695.500000 111.249954 0.202000 104.379997
695.500000 111.249954 0.202000 104.480003
695.500000 111.249954 0.202000 104.570000
695.875000 111.249954 0.202000 104.675003
695.875000 111.249954 0.202000 104.779999
696.000000 111.249954 0.202000 104.870003
696.250000 111.249954 0.202000 104.974998
696.375000 111.249954 0.202000 105.080002
696.375000 111.249954 0.209000 105.180000
696.500000 111.249954 0.209000 105.275002
696.500000 111.249954 0.209000 105.385002
696.500000 111.249954 0.209000 105.470001
696.500000 111.249954 0.209000 105.574997
696.500000 111.249954 0.209000 105.675003
696.500000 111.249954 0.209000 105.775002
696.500000 111.249954 0.209000 105.870003
696.500000 111.249954 0.209000 105.970001
696.500000 111.249954 0.209000 106.074997
696.625000 111.249954 0.193000 106.184998
696.625000 111.249954 0.193000 106.275002
696.625000 111.249954 0.193000 106.379997
696.625000 111.249954 0.193000 106.470001
696.625000 111.249954 0.193000 106.574997
696.625000 111.249954 0.193000 106.665001
696.625000 111.249954 0.193000 106.779999
696.625000 111.249954 0.193000 106.879997
696.750000 111.249954 0.193000 106.980003
696.750000 111.249954 0.193000 107.065002
696.750000 111.249954 0.205000 107.169998
696.750000 111.249954 0.205000 107.279999
696.750000 111.249954 0.205000 107.370003
696.750000 111.249954 0.205000 107.474998
696.750000 111.249954 0.205000 107.565002
696.750000 111.249954 0.205000 107.675003
696.750000 111.249954 0.205000 107.769997
696.750000 111.249954 0.205000 107.864998
696.750000 111.249954 0.205000 107.974998
696.750000 111.249954 0.205000 108.065002
696.750000 111.249954 0.199000 108.175003
696.750000 111.249954 0.199000 108.285004
696.750000 111.249954 0.199000 108.370003
696.750000 111.249954 0.199000 108.480003
696.750000 111.249954 0.199000 108.574997
696.750000 111.249954 0.199000 108.665001
696.750000 111.249954 0.199000 108.769997
696.750000 111.249954 0.199000 108.870003
696.750000 111.249954 0.199000 108.980003
696.750000 111.249954 0.199000 109.070000
696.750000 111.249954 0.209000 109.175003
696.750000 111.249954 0.209000 109.260002
696.875000 111.249954 0.209000 109.370003
696.875000 111.249954 0.209000 109.474998
696.875000 111.249954 0.209000 109.584999
696.875000 111.249954 0.209000 109.680000
696.875000 111.249954 0.209000 109.785004
696.875000 111.249954 0.209000 109.879997
696.875000 111.249954 0.209000 109.974998
696.875000 111.249954 0.209000 110.084999
696.875000 111.249954 0.199000 110.175003
696.875000 111.249954 0.199000 110.260002
696.875000 111.249954 0.199000 110.375000
696.875000 111.249954 0.199000 110.464996
696.875000 111.249954 0.199000 110.580002
696.875000 111.249954 0.199000 110.665001
696.875000 111.249954 0.199000 110.785004
696.875000 111.249954 0.199000 110.879997
696.875000 111.249954 0.199000 110.970001
696.875000 111.249954 0.199000 111.080002
696.875000 111.249954 0.199000 111.180000
696.875000 111.249954 0.199000 111.269997
696.875000 111.249954 0.199000 111.379997
696.875000 111.249954 0.199000 111.474998
696.875000 111.453438 0.199000 111.580002
696.875000 111.453438 0.199000 111.665001
696.875000 111.453438 0.199000 111.779999
696.875000 111.453438 0.199000 111.870003
696.875000 111.453438 0.199000 111.980003
696.875000 111.453438 0.199000 112.080002
697.000000 111.453438 0.189000 112.165001
697.125000 111.653633 0.189000 112.269997
697.125000 111.653633 0.189000 112.375000
697.125000 111.653633 0.189000 112.474998
697.125000 111.653633 0.189000 112.584999
697.125000 111.653633 0.189000 112.665001
697.125000 111.653633 0.189000 112.785004
697.125000 111.653633 0.189000 112.870003
697.125000 111.653633 0.189000 112.970001
697.125000 111.653633 0.189000 113.070000
697.125000 111.653633 0.184000 113.175003
697.125000 111.653633 0.184000 113.279999
697.125000 111.653633 0.184000 113.364998
697.125000 111.653633 0.184000 113.470001
697.125000 111.653633 0.184000 113.574997
697.125000 111.653633 0.184000 113.669998
697.125000 111.653633 0.184000 113.775002
697.125000 111.653633 0.184000 113.879997
697.125000 111.653633 0.184000 113.970001
697.125000 111.653633 0.184000 114.080002
697.125000 111.653633 0.175000 114.175003
697.125000 111.653633 0.175000 114.275002
697.125000 111.653633 0.175000 114.379997
697.125000 111.653633 0.175000 114.464996
697.125000 111.653633 0.175000 114.574997
697.125000 111.653633 0.175000 114.675003
697.125000 111.653633 0.175000 114.764999
697.125000 111.653633 0.175000 114.879997
697.125000 111.653633 0.175000 114.980003
697.125000 111.653633 0.175000 115.070000
697.125000 111.653633 0.183000 115.169998
697.125000 111.653633 0.183000 115.269997
697.125000 111.653633 0.183000 115.364998
697.125000 111.653633 0.183000 115.459999
697.125000 111.653633 0.183000 115.570000
697.125000 111.653633 0.183000 115.669998
697.125000 111.653633 0.183000 115.779999
697.125000 111.653633 0.183000 115.864998
697.125000 111.653633 0.183000 115.980003
697.125000 111.653633 0.183000 116.070000
697.125000 111.653633 0.173000 116.180000
697.125000 111.653633 0.173000 116.264999
697.125000 111.653633 0.173000 116.379997
697.125000 111.653633 0.173000 116.464996
697.125000 111.653633 0.173000 116.574997
697.125000 111.653633 0.173000 116.665001
697.125000 111.653633 0.173000 116.775002
697.125000 111.653633 0.173000 116.875000
697.125000 111.653633 0.173000 116.970001
697.125000 111.653633 0.173000 117.080002
697.125000 111.653633 0.167000 117.165001
697.125000 111.653633 0.167000 117.279999
697.125000 111.653633 0.167000 117.375000
697.125000 111.653633 0.167000 117.485001
697.125000 111.653633 0.167000 117.570000
697.125000 111.653633 0.167000 117.680000
697.125000 111.653633 0.167000 117.775002
697.125000 111.653633 0.167000 117.885002
697.125000 111.653633 0.167000 117.970001
697.125000 111.653633 0.167000 118.080002
697.125000 111.653633 0.168000 118.169998
697.125000 111.653633 0.168000 118.285004
697.125000 111.653633 0.168000 118.370003
697.125000 111.653633 0.168000 118.470001
697.125000 111.653633 0.168000 118.574997
697.125000 111.653633 0.168000 118.680000
697.125000 111.653633 0.168000 118.769997
697.125000 111.653633 0.168000 118.875000
697.125000 111.653633 0.168000 118.980003
697.125000 111.653633 0.168000 119.070000
697.125000 111.653633 0.183000 119.175003
697.125000 111.653633 0.183000 119.279999
697.125000 111.653633 0.183000 119.364998
697.125000 111.653633 0.183000 119.480003
697.125000 111.653633 0.183000 119.570000
697.125000 111.653633 0.183000 119.680000
697.125000 111.653633 0.183000 119.769997
697.125000 111.653633 0.183000 119.870003
697.125000 111.653633 0.183000 119.974998
697.125000 111.653633 0.183000 120.070000
697.125000 111.653633 0.170000 120.169998
697.125000 111.653633 0.170000 120.275002
697.125000 111.653633 0.170000 120.364998
697.125000 111.653633 0.170000 120.474998
697.125000 111.653633 0.170000 120.584999
697.125000 111.653633 0.170000 120.684998
697.125000 111.653633 0.170000 120.764999
697.125000 111.653633 0.170000 120.875000
697.125000 111.653633 0.170000 120.974998
697.125000 111.653633 0.170000 121.070000
697.125000 111.653633 0.172000 121.175003
697.125000 111.653633 0.172000 121.269997
697.125000 111.653633 0.172000 121.379997
697.125000 111.653633 0.172000 121.470001
697.125000 111.653633 0.172000 121.580002
697.125000 111.653633 0.172000 121.675003
697.125000 111.653633 0.172000 121.785004
697.125000 111.653633 0.172000 121.864998
697.125000 111.653633 0.172000 121.974998
697.125000 111.653633 0.172000 122.080002
697.125000 111.653633 0.171000 122.184998
697.125000 111.653633 0.171000 122.269997
697.125000 111.653633 0.171000 122.379997
697.125000 111.653633 0.171000 122.464996
697.125000 111.653633 0.171000 122.570000
697.125000 111.653633 0.171000 122.675003
697.125000 111.653633 0.171000 122.764999
697.125000 111.653633 0.171000 122.870003
697.125000 111.653633 0.171000 122.985001
697.125000 111.653633 0.171000 123.080002
697.125000 111.653633 0.161000 123.175003
697.125000 111.653633 0.161000 123.269997
697.125000 111.653633 0.161000 123.379997
697.125000 111.653633 0.161000 123.474998
697.125000 111.653633 0.161000 123.565002
697.125000 111.653633 0.161000 123.669998
697.125000 111.653633 0.161000 123.779999
697.125000 111.653633 0.161000 123.870003
697.125000 111.653633 0.161000 123.980003
697.125000 111.653633 0.161000 124.065002
697.125000 111.653633 0.171000 124.169998
697.125000 111.653633 0.171000 124.279999
697.125000 111.653633 0.171000 124.364998
697.125000 111.653633 0.171000 124.470001
697.125000 111.653633 0.171000 124.580002
697.125000 111.653633 0.171000 124.669998
697.125000 111.653633 0.171000 124.785004
697.125000 111.653633 0.171000 124.875000
697.125000 111.653633 0.171000 124.974998
697.125000 111.653633 0.171000 125.074997
697.125000 111.653633 0.166000 125.175003
697.125000 111.653633 0.166000 125.269997
697.125000 111.653633 0.166000 125.375000
697.125000 111.653633 0.166000 125.485001
697.125000 111.653633 0.166000 125.570000
697.125000 111.653633 0.166000 125.680000
697.125000 111.653633 0.166000 125.785004
697.125000 111.653633 0.166000 125.870003
697.125000 111.653633 0.166000 125.974998
697.125000 111.653633 0.166000 126.070000
697.125000 111.653633 0.172000 126.184998
697.125000 111.653633 0.172000 126.279999
697.125000 111.653633 0.172000 126.370003
697.125000 111.653633 0.172000 126.470001
697.125000 111.653633 0.172000 126.580002
697.125000 111.653633 0.172000 126.680000
697.125000 111.653633 0.172000 126.769997
697.125000 111.653633 0.172000 126.879997
697.125000 111.653633 0.172000 126.964996
697.125000 111.653633 0.172000 127.074997
697.125000 111.653633 0.177000 127.180000
697.125000 111.653633 0.177000 127.279999
697.125000 111.653633 0.177000 127.375000
697.125000 111.653633 0.177000 127.464996
697.125000 111.653633 0.177000 127.580002
697.125000 111.653633 0.177000 127.684998
697.125000 111.653633 0.177000 127.769997
697.125000 111.653633 0.177000 127.879997
697.125000 111.653633 0.177000 127.985001
697.125000 111.653633 0.177000 128.070007
697.125000 111.653633 0.167000 128.175003
697.125000 111.653633 0.167000 128.264999
697.125000 111.653633 0.167000 128.369995
697.125000 111.653633 0.167000 128.479996
697.125000 111.653633 0.167000 128.570007
697.125000 111.653633 0.167000 128.664993
697.125000 111.653633 0.167000 128.764999
697.125000 111.653633 0.167000 128.869995
697.125000 111.653633 0.167000 128.979996
697.125000 111.653633 0.167000 129.080002
697.125000 111.653633 0.170000 129.169998
697.125000 111.653633 0.170000 129.270004
697.125000 111.653633 0.170000 129.375000
697.125000 111.653633 0.170000 129.485001
697.125000 111.653633 0.170000 129.565002
697.125000 111.653633 0.170000 129.675003
697.125000 111.653633 0.170000 129.770004
697.125000 111.653633 0.170000 129.869995
697.125000 111.653633 0.170000 129.979996
697.125000 111.653633 0.170000 130.065002
697.125000 111.653633 0.172000 130.169998
697.125000 111.653633 0.172000 130.279999
697.125000 111.653633 0.172000 130.369995
697.125000 111.653633 0.172000 130.470001
697.125000 111.653633 0.172000 130.574997
697.125000 111.653633 0.172000 130.679993
697.125000 111.653633 0.172000 130.779999
697.125000 111.653633 0.172000 130.869995
697.125000 111.653633 0.172000 130.979996
697.125000 111.653633 0.172000 131.065002
697.125000 111.653633 0.169000 131.175003
697.125000 111.653633 0.169000 131.264999
697.125000 111.653633 0.169000 131.380005
697.125000 111.653633 0.169000 131.464996
697.125000 111.653633 0.169000 131.574997
697.125000 111.653633 0.169000 131.684998
697.125000 111.653633 0.169000 131.779999
697.125000 111.653633 0.169000 131.875000
697.125000 111.653633 0.169000 131.985001
697.125000 111.653633 0.169000 132.070007
697.125000 111.653633 0.187000 132.179993
697.125000 111.653633 0.187000 132.270004
697.125000 111.653633 0.187000 132.380005
697.125000 111.653633 0.187000 132.464996
697.125000 111.653633 0.187000 132.570007
697.125000 111.653633 0.187000 132.675003
697.125000 111.653633 0.187000 132.774994
697.125000 111.653633 0.187000 132.875000
697.125000 111.653633 0.187000 132.979996
697.125000 111.653633 0.187000 133.080002
697.125000 111.653633 0.175000 133.169998
697.125000 111.653633 0.175000 133.279999
697.125000 111.653633 0.175000 133.365005
697.125000 111.653633 0.175000 133.470001
697.125000 111.653633 0.175000 133.585007
697.125000 111.653633 0.175000 133.684998
697.125000 111.653633 0.175000 133.774994
697.125000 111.653633 0.175000 133.865005
697.125000 111.653633 0.175000 133.970001
697.125000 111.653633 0.175000 134.080002
697.125000 111.653633 0.168000 134.169998
697.125000 111.653633 0.168000 134.279999
697.125000 111.653633 0.168000 134.375000
697.125000 111.653633 0.168000 134.485001
697.125000 111.653633 0.168000 134.570007
697.125000 111.653633 0.168000 134.684998
697.125000 111.653633 0.168000 134.770004
697.125000 111.653633 0.168000 134.875000
697.125000 111.653633 0.168000 134.979996
697.125000 111.653633 0.168000 135.080002
697.250000 111.653633 0.181000 135.179993
697.250000 111.653633 0.181000 135.270004
697.250000 111.653633 0.181000 135.375000
697.250000 111.653633 0.181000 135.481003
697.250000 111.653633 0.181000 135.565002
697.250000 111.653633 0.181000 135.679993
697.250000 111.653633 0.181000 135.781006
697.250000 111.653633 0.181000 135.869995
697.250000 111.653633 0.181000 135.979996
697.250000 111.653633 0.181000 136.080002
697.250000 111.653633 0.169000 136.175003
697.250000 111.653633 0.169000 136.279999
697.250000 111.653633 0.169000 136.380005
697.250000 111.653633 0.169000 136.470001
697.250000 111.653633 0.169000 136.580002
697.250000 111.653633 0.169000 136.684998
697.250000 111.653633 0.169000 136.770004
697.250000 111.653633 0.169000 136.880005
697.250000 111.653633 0.169000 136.970001
697.250000 111.653633 0.169000 137.070007
697.250000 111.653633 0.173000 137.179993
697.250000 111.653633 0.173000 137.264999
697.250000 111.653633 0.173000 137.375000
697.250000 111.653633 0.173000 137.479996
697.250000 111.653633 0.173000 137.565002
697.250000 111.653633 0.173000 137.669998
697.250000 111.653633 0.173000 137.785004
697.250000 111.653633 0.173000 137.869995
697.250000 111.653633 0.173000 137.979996
697.250000 111.653633 0.173000 138.080002
697.250000 111.653633 0.185000 138.184998
697.250000 111.653633 0.185000 138.285004
697.250000 111.653633 0.185000 138.369995
697.250000 111.653633 0.185000 138.479996
697.250000 111.653633 0.185000 138.565002
697.250000 111.653633 0.185000 138.679993
697.250000 111.653633 0.185000 138.785004
697.250000 111.653633 0.185000 138.869995
697.250000 111.653633 0.185000 138.979996
697.250000 111.653633 0.185000 139.065002
697.250000 111.653633 0.172000 139.179993
697.250000 111.653633 0.172000 139.274994
697.375000 111.653633 0.172000 139.380005
697.375000 111.653633 0.172000 139.485001
697.375000 111.653633 0.172000 139.565002
697.500000 111.653633 0.172000 139.669998
697.500000 111.653633 0.172000 139.774994
697.500000 111.653633 0.172000 139.869995
697.500000 111.653633 0.172000 139.970001
697.500000 111.653633 0.172000 140.074997
697.500000 111.653633 0.171000 140.179993
697.500000 111.653633 0.171000 140.270004
697.500000 111.653633 0.171000 140.375000
697.625000 111.653633 0.171000 140.475006
697.625000 111.653633 0.171000 140.570007
697.625000 111.653633 0.171000 140.669998
697.625000 111.653633 0.171000 140.779999
697.625000 111.653633 0.171000 140.869995
697.625000 111.653633 0.171000 140.975006
697.625000 111.653633 0.171000 141.085007
697.625000 111.653633 0.170000 141.179993
697.625000 111.653633 0.170000 141.259995
697.625000 111.653633 0.170000 141.369995
697.625000 111.653633 0.170000 141.479996
697.625000 111.653633 0.170000 141.574997
697.625000 111.653633 0.170000 141.669998
697.625000 111.653633 0.170000 141.770004
697.625000 111.653633 0.170000 141.875000
697.625000 111.653633 0.170000 141.979996
697.625000 111.653633 0.170000 142.070007
697.625000 111.653633 0.176000 142.179993
697.625000 111.653633 0.176000 142.279999
697.625000 111.653633 0.176000 142.380005
697.625000 111.653633 0.176000 142.470001
697.625000 111.653633 0.176000 142.580002
697.625000 111.653633 0.176000 142.679993
697.625000 111.653633 0.176000 142.764999
697.625000 111.653633 0.176000 142.869995
697.625000 111.653633 0.176000 142.979996
697.625000 111.653633 0.176000 143.070007
697.625000 111.653633 0.176000 143.179993
697.625000 111.653633 0.176000 143.274994
697.625000 111.653633 0.176000 143.384995
697.625000 111.653633 0.176000 143.485001
697.625000 111.653633 0.176000 143.570007
697.625000 111.653633 0.176000 143.684998
697.625000 111.653633 0.176000 143.774994
697.625000 111.653633 0.176000 143.875000
697.625000 111.653633 0.176000 143.979996
697.625000 111.653633 0.176000 144.070007
697.625000 111.653633 0.182000 144.169998
697.625000 111.653633 0.182000 144.279999
697.625000 111.653633 0.182000 144.365005
697.625000 111.653633 0.182000 144.479996
697.625000 111.653633 0.182000 144.580002
697.625000 111.653633 0.182000 144.675003
697.625000 111.653633 0.182000 144.779999
697.625000 111.653633 0.182000 144.884995
697.625000 111.653633 0.182000 144.970001
697.625000 111.653633 0.182000 145.080002
697.625000 111.653633 0.173000 145.169998
697.625000 111.653633 0.173000 145.279999
697.625000 111.653633 0.173000 145.384995
697.625000 111.653633 0.173000 145.464996
697.625000 111.653633 0.173000 145.570007
697.625000 111.653633 0.173000 145.679993
697.625000 111.653633 0.173000 145.770004
697.625000 111.653633 0.173000 145.880005
697.625000 111.653633 0.173000 145.979996
697.625000 111.653633 0.173000 146.089996
697.625000 111.653633 0.167000 146.169998
697.625000 111.653633 0.167000 146.279999
697.625000 111.653633 0.167000 146.380005
697.625000 111.653633 0.167000 146.479996
697.625000 111.653633 0.167000 146.574997
697.625000 111.653633 0.167000 146.679993
697.625000 111.653633 0.167000 146.779999
697.625000 111.653633 0.167000 146.875000
697.625000 111.653633 0.167000 146.979996
