91.000000 0.000000 0.210000 0.075000
113.250000 0.202579 0.210000 0.170000
121.875000 0.405278 0.210000 0.270000
129.500000 0.405278 0.210000 0.375000
139.750000 0.638437 0.210000 0.470000
145.250000 0.841012 0.210000 0.570000
151.500000 1.047208 0.210000 0.670000
157.000000 1.255357 0.210000 0.770000
162.500000 1.464488 0.244000 0.870000
168.750000 1.704329 0.244000 0.970000
175.250000 1.927662 0.244000 1.070000
180.000000 2.129624 0.244000 1.175000
185.875000 2.330628 0.244000 1.275000
190.875000 2.550453 0.244000 1.375000
196.000000 2.759810 0.244000 1.465000
201.250000 2.959842 0.244000 1.575000
206.500000 3.164466 0.244000 1.675000
212.000000 3.367839 0.244000 1.780000
215.125000 3.367839 0.273000 1.870000
220.375000 3.568030 0.273000 1.970000
224.875000 3.773832 0.273000 2.080000
227.375000 3.973913 0.273000 2.180000
231.000000 3.973913 0.273000 2.280000
233.375000 4.199270 0.273000 2.360000
234.875000 4.402856 0.273000 2.465000
236.000000 4.402856 0.273000 2.575000
237.250000 4.402856 0.273000 2.670000
238.375000 4.603408 0.273000 2.770000
239.750000 4.603408 0.228000 2.875000
239.875000 4.603408 0.228000 2.965000
240.625000 4.603408 0.228000 3.065000
241.125000 4.603408 0.228000 3.170000
241.625000 4.603408 0.228000 3.275000
242.250000 4.804597 0.228000 3.375000
243.000000 4.804597 0.228000 3.480000
243.875000 4.804597 0.228000 3.575000
244.375000 4.804597 0.228000 3.660000
244.625000 4.804597 0.228000 3.775000
245.000000 4.804597 0.206000 3.865000
245.500000 4.804597 0.206000 3.975000
246.750000 4.804597 0.206000 4.080000
247.500000 5.006612 0.206000 4.175000
248.250000 5.208575 0.206000 4.281000
251.125000 5.208575 0.206000 4.375000
252.750000 5.436353 0.206000 4.480000
254.750000 5.436353 0.206000 4.565000
256.250000 5.643339 0.206000 4.665000
257.000000 5.845144 0.206000 4.775000
259.000000 6.048774 0.229000 4.875000
261.250000 6.048774 0.229000 4.970000
262.875000 6.275818 0.229000 5.065000
266.000000 6.495779 0.229000 5.165000
267.500000 6.700361 0.229000 5.280000
269.375000 6.700361 0.229000 5.365000
271.000000 6.904723 0.229000 5.465000
271.875000 7.115999 0.229000 5.575000
273.500000 7.115999 0.229000 5.685000
274.625000 7.320355 0.229000 5.780000
276.125000 7.547724 0.277000 5.875000
277.375000 7.748175 0.277000 5.975000
279.000000 7.748175 0.277000 6.075000
280.250000 7.959432 0.277000 6.175000
281.125000 7.959432 0.277000 6.275000
281.625000 7.959432 0.277000 6.380000
282.375000 8.159927 0.277000 6.470000
283.125000 8.159927 0.277000 6.570000
283.500000 8.159927 0.277000 6.665000
283.625000 8.159927 0.277000 6.760000
284.000000 8.159927 0.294000 6.870000
284.000000 8.159927 0.294000 6.965000
284.125000 8.159927 0.294000 7.075000
284.125000 8.159927 0.294000 7.170000
284.250000 8.159927 0.294000 7.275000
284.250000 8.159927 0.294000 7.380000
284.625000 8.159927 0.294000 7.480000
284.625000 8.159927 0.294000 7.575000
284.750000 8.159927 0.294000 7.670000
284.750000 8.360012 0.294000 7.775000
284.750000 8.360012 0.282000 7.875000
284.750000 8.360012 0.282000 7.975000
284.875000 8.360012 0.282000 8.080000
284.875000 8.360012 0.282000 8.175000
284.875000 8.360012 0.282000 8.270000
284.875000 8.562290 0.282000 8.365000
285.000000 8.562290 0.282000 8.470000
285.125000 8.776530 0.282000 8.575000
285.375000 8.982462 0.282000 8.675000
285.375000 8.982462 0.282000 8.770000
285.625000 9.189648 0.253000 8.870000
285.750000 9.400448 0.253000 8.975000
285.875000 9.400448 0.253000 9.065000
286.500000 9.604897 0.253000 9.175000
286.625000 9.831859 0.253000 9.275000
287.000000 9.831859 0.253000 9.365000
289.000000 10.036721 0.253000 9.480000
291.125000 10.241160 0.253000 9.565000
293.625000 10.441771 0.253000 9.675000
295.000000 10.675807 0.253000 9.765000
298.625000 10.879290 0.253000 9.875000
299.000000 11.085855 0.270000 9.965000
302.875000 11.292927 0.270000 10.070000
303.875000 11.499699 0.270000 10.175000
304.375000 11.499699 0.270000 10.265000
304.625000 11.705217 0.270000 10.375000
305.375000 11.912996 0.270000 10.465000
310.625000 12.113054 0.270000 10.565000
312.250000 12.113054 0.270000 10.675000
314.375000 12.340358 0.270000 10.765000
315.250000 12.544138 0.287000 10.875000
317.250000 12.747890 0.287000 10.970000
318.000000 12.747890 0.287000 11.080000
318.500000 12.952579 0.287000 11.165000
319.375000 13.180119 0.287000 11.265000
319.750000 13.386703 0.287000 11.370000
319.875000 13.594207 0.287000 11.475000
321.250000 13.796818 0.287000 11.575000
321.500000 13.796818 0.287000 11.665000
322.750000 14.001205 0.287000 11.775000
322.875000 14.226236 0.267000 11.875000
323.000000 14.433328 0.267000 11.965000
323.250000 14.640244 0.267000 12.065000
323.375000 14.840810 0.267000 12.175000
323.500000 15.054612 0.267000 12.265000
324.125000 15.054612 0.267000 12.365000
324.375000 15.262137 0.267000 12.475000
324.625000 15.464458 0.267000 12.560000
324.625000 15.670321 0.267000 12.675000
324.875000 15.670321 0.267000 12.770000
325.000000 15.897701 0.254000 12.875000
325.125000 16.103838 0.254000 12.970000
325.875000 16.103838 0.254000 13.060000
326.250000 16.304611 0.254000 13.175000
326.250000 16.544035 0.254000 13.265000
327.250000 16.544035 0.254000 13.375000
327.625000 16.769152 0.254000 13.465000
327.750000 16.972500 0.254000 13.575000
328.000000 17.176735 0.254000 13.665000
328.250000 17.176735 0.254000 13.775000
328.375000 17.381514 0.241000 13.870000
329.000000 17.597647 0.241000 13.975000
329.000000 17.803179 0.241000 14.065000
329.625000 18.009737 0.241000 14.175000
329.750000 18.212936 0.241000 14.270000
329.875000 18.419306 0.241000 14.370000
330.375000 18.627312 0.241000 14.475000
330.375000 18.627312 0.241000 14.565000
330.500000 18.836233 0.241000 14.675000
330.875000 19.065638 0.241000 14.780000
331.250000 19.285265 0.259000 14.865000
332.000000 19.512487 0.259000 14.975000
332.250000 19.759813 0.259000 15.070000
332.500000 19.967602 0.259000 15.180000
333.000000 20.176394 0.259000 15.265000
334.125000 20.385693 0.259000 15.370000
334.125000 20.595205 0.259000 15.480000
334.500000 20.595205 0.259000 15.565000
335.250000 21.014196 0.259000 15.675000
335.375000 21.014196 0.259000 15.770000
335.625000 21.242765 0.256000 15.880000
336.500000 21.456129 0.256000 15.975000
336.750000 21.656675 0.256000 16.070000
336.875000 21.859953 0.256000 16.170000
337.000000 22.065790 0.256000 16.264999
337.250000 22.273184 0.256000 16.375000
337.500000 22.521477 0.256000 16.475000
337.750000 22.730644 0.256000 16.570000
338.250000 22.940073 0.256000 16.674999
338.375000 23.149286 0.256000 16.764999
338.625000 23.354145 0.256000 16.875000
339.125000 23.354145 0.320000 16.965000
339.750000 23.557924 0.320000 17.075001
341.250000 23.785603 0.320000 17.170000
342.000000 23.995539 0.320000 17.270000
342.125000 24.197710 0.320000 17.370001
342.500000 24.197710 0.320000 17.455000
343.000000 24.400877 0.320000 17.570000
343.250000 24.605991 0.320000 17.680000
344.000000 24.809771 0.320000 17.770000
344.250000 24.809771 0.225000 17.875000
344.875000 25.014048 0.225000 17.980000
346.000000 25.215101 0.225000 18.070000
346.250000 25.215101 0.225000 18.180000
346.750000 25.415514 0.225000 18.275000
346.875000 25.415514 0.225000 18.365000
347.500000 25.415514 0.225000 18.480000
348.375000 25.415514 0.225000 18.565001
349.000000 25.415514 0.225000 18.674999
349.375000 25.616095 0.225000 18.780001
349.750000 25.616095 0.239000 18.860001
350.125000 25.616095 0.239000 18.969999
350.375000 25.616095 0.239000 19.070000
350.625000 25.616095 0.239000 19.170000
350.875000 25.616095 0.239000 19.264999
350.875000 25.616095 0.239000 19.375000
350.875000 25.616095 0.239000 19.465000
351.500000 25.616095 0.239000 19.575001
351.625000 25.616095 0.239000 19.665001
351.875000 25.616095 0.239000 19.775000
352.125000 25.616095 0.226000 19.875000
352.375000 25.616095 0.226000 19.959999
352.750000 25.616095 0.226000 20.065001
352.750000 25.616095 0.226000 20.174999
353.250000 25.616095 0.226000 20.260000
353.500000 25.816566 0.226000 20.370001
353.625000 26.043098 0.226000 20.475000
353.750000 26.246952 0.226000 20.559999
353.875000 26.453974 0.226000 20.665001
354.125000 26.657047 0.226000 20.770000
354.125000 26.863216 0.238000 20.875000
354.250000 27.071573 0.238000 20.975000
354.375000 27.071573 0.238000 21.065001
354.500000 27.280437 0.238000 21.170000
355.000000 27.508850 0.238000 21.260000
355.125000 27.737356 0.238000 21.375000
355.125000 27.946533 0.238000 21.465000
355.500000 28.155863 0.238000 21.580000
355.500000 28.365353 0.238000 21.680000
355.625000 28.604721 0.238000 21.764999
355.750000 28.810093 0.238000 21.870001
356.000000 29.018074 0.225000 21.980000
356.125000 29.218561 0.225000 22.065001
356.125000 29.422871 0.225000 22.170000
356.250000 29.629818 0.225000 22.280001
356.375000 29.629818 0.225000 22.365000
356.375000 29.838285 0.225000 22.475000
356.500000 30.067497 0.225000 22.580000
356.625000 30.287157 0.225000 22.665001
356.750000 30.516937 0.225000 22.770000
356.875000 30.745747 0.257000 22.875000
356.875000 30.959541 0.257000 22.965000
357.000000 31.162947 0.257000 23.075001
357.000000 31.368559 0.257000 23.165001
357.125000 31.575598 0.257000 23.280001
357.250000 31.783936 0.257000 23.365000
357.625000 31.992981 0.257000 23.475000
357.875000 31.992981 0.257000 23.565001
357.875000 32.412109 0.257000 23.680000
358.000000 32.412109 0.257000 23.764999
358.125000 32.621170 0.219000 23.875000
358.125000 32.834694 0.219000 23.965000
358.125000 33.053135 0.219000 24.080000
358.250000 33.259487 0.219000 24.174999
358.375000 33.459961 0.219000 24.270000
358.750000 33.459961 0.219000 24.379999
358.875000 33.665485 0.219000 24.475000
359.000000 33.869186 0.219000 24.555000
359.125000 33.869186 0.219000 24.665001
359.250000 34.072475 0.219000 24.775000
359.375000 34.279678 0.253000 24.885000
359.500000 34.492825 0.253000 24.969999
359.500000 34.492825 0.253000 25.075001
359.500000 34.721237 0.253000 25.170000
359.500000 34.941692 0.253000 25.264999
359.625000 34.941692 0.253000 25.375000
359.875000 35.177361 0.253000 25.465000
359.875000 35.381645 0.253000 25.570000
359.875000 35.585148 0.253000 25.674999
360.000000 35.585148 0.253000 25.760000
360.000000 35.788616 0.272000 25.865000
360.000000 36.011806 0.272000 25.975000
360.000000 36.011806 0.272000 26.065001
360.125000 36.213192 0.272000 26.170000
360.375000 36.213192 0.272000 26.280001
360.625000 36.213192 0.272000 26.365000
361.000000 36.413944 0.272000 26.475000
361.375000 36.413944 0.272000 26.565001
361.625000 36.413944 0.272000 26.670000
361.625000 36.413944 0.233000 26.764999
361.750000 36.413944 0.233000 26.870001
362.125000 36.413944 0.233000 26.980000
362.375000 36.413944 0.233000 27.065001
362.375000 36.614079 0.233000 27.174999
362.375000 36.614079 0.233000 27.275000
362.500000 36.614079 0.233000 27.360001
362.500000 36.614079 0.233000 27.475000
362.500000 36.614079 0.233000 27.580000
362.500000 36.818535 0.233000 27.665001
362.500000 36.818535 0.233000 27.775000
362.500000 37.038307 0.229000 27.860001
362.500000 37.259335 0.229000 27.975000
362.750000 37.259335 0.229000 28.065001
362.750000 37.489204 0.229000 28.170000
362.750000 37.707588 0.229000 28.275000
363.625000 37.707588 0.229000 28.360001
363.875000 37.914230 0.229000 28.469999
364.000000 38.117306 0.229000 28.575001
364.250000 38.323921 0.229000 28.665001
364.250000 38.527042 0.229000 28.780001
364.375000 38.733059 0.242000 28.879999
364.750000 38.940269 0.242000 28.965000
364.875000 39.148403 0.242000 29.075001
365.250000 39.367275 0.242000 29.174999
365.250000 39.586670 0.242000 29.270000
365.500000 39.796345 0.242000 29.370001
365.500000 40.006153 0.242000 29.475000
365.500000 40.216091 0.242000 29.565001
365.500000 40.416119 0.242000 29.680000
365.750000 40.616131 0.242000 29.764999
366.125000 40.825771 0.242000 29.879999
366.250000 41.035271 0.259000 29.980000
366.250000 41.035271 0.259000 30.065001
366.875000 41.244614 0.259000 30.174999
367.000000 41.473686 0.259000 30.275000
367.500000 41.692764 0.259000 30.375000
367.625000 41.902050 0.259000 30.480000
367.750000 42.111591 0.259000 30.559999
368.250000 42.321327 0.259000 30.670000
368.500000 42.550793 0.259000 30.780001
369.250000 42.768299 0.259000 30.865000
369.750000 42.969398 0.282000 30.975000
370.500000 43.170494 0.282000 31.080000
371.125000 43.170494 0.282000 31.170000
372.500000 43.371571 0.282000 31.275000
373.000000 43.573883 0.282000 31.375000
373.375000 43.775192 0.282000 31.469999
373.750000 43.775192 0.282000 31.580000
374.625000 44.011803 0.282000 31.670000
375.375000 44.235130 0.282000 31.775000
376.125000 44.235130 0.271000 31.870001
376.500000 44.446087 0.271000 31.975000
377.250000 44.676548 0.271000 32.064999
377.375000 44.877453 0.271000 32.174999
378.000000 44.877453 0.271000 32.275002
378.250000 45.085907 0.271000 32.375000
378.250000 45.292511 0.271000 32.465000
378.375000 45.292511 0.271000 32.564999
378.375000 45.497131 0.271000 32.669998
378.625000 45.709408 0.271000 32.775002
378.750000 45.914791 0.250000 32.875000
378.875000 45.914791 0.250000 32.965000
379.000000 46.120335 0.250000 33.075001
379.125000 46.349262 0.250000 33.160000
379.125000 46.349262 0.250000 33.264999
379.125000 46.570629 0.250000 33.380001
379.250000 46.776169 0.250000 33.474998
379.375000 46.977306 0.250000 33.560001
379.375000 47.180786 0.250000 33.674999
379.500000 47.180786 0.250000 33.764999
379.625000 47.382072 0.219000 33.880001
379.625000 47.616787 0.219000 33.974998
379.750000 47.853401 0.219000 34.060001
379.875000 48.057644 0.219000 34.174999
379.875000 48.057644 0.219000 34.270000
379.875000 48.261925 0.219000 34.380001
380.375000 48.506096 0.219000 34.474998
380.375000 48.506096 0.219000 34.564999
380.625000 48.719040 0.219000 34.669998
380.625000 48.719040 0.219000 34.770000
380.625000 48.920937 0.162000 34.875000
380.625000 48.920937 0.162000 34.959999
380.750000 48.920937 0.162000 35.064999
381.000000 48.920937 0.162000 35.174999
381.125000 48.920937 0.162000 35.259998
381.125000 48.920937 0.162000 35.375000
381.125000 49.124306 0.162000 35.465000
381.125000 49.124306 0.162000 35.575001
381.125000 49.124306 0.162000 35.674999
381.125000 49.124306 0.162000 35.764999
381.125000 49.124306 0.145000 35.875000
381.125000 49.124306 0.145000 35.959999
381.125000 49.124306 0.145000 36.064999
381.125000 49.124306 0.145000 36.174999
381.250000 49.124306 0.145000 36.275002
381.250000 49.124306 0.145000 36.365002
381.375000 49.124306 0.145000 36.474998
381.375000 49.124306 0.145000 36.584999
381.375000 49.124306 0.145000 36.674999
381.500000 49.124306 0.145000 36.779999
381.500000 49.124306 0.145000 36.865002
381.500000 49.124306 0.145000 36.974998
381.625000 49.124306 0.145000 37.064999
381.625000 49.124306 0.145000 37.180000
381.625000 49.124306 0.145000 37.275002
381.625000 49.124306 0.145000 37.360001
381.625000 49.124306 0.145000 37.470001
381.625000 49.124306 0.145000 37.575001
381.625000 49.124306 0.145000 37.665001
381.625000 49.124306 0.145000 37.775002
381.750000 49.124306 0.144000 37.855000
381.750000 49.124306 0.144000 37.970001
381.750000 49.124306 0.144000 38.064999
381.875000 49.332851 0.144000 38.174999
382.000000 49.534557 0.144000 38.264999
382.125000 49.534557 0.144000 38.375000
382.125000 49.737488 0.144000 38.459999
382.250000 49.951759 0.144000 38.564999
382.375000 49.951759 0.144000 38.674999
382.500000 50.183086 0.144000 38.770000
382.625000 50.393833 0.159000 38.860001
382.875000 50.393833 0.159000 38.970001
382.875000 50.599133 0.159000 39.080002
383.000000 50.805611 0.159000 39.180000
383.250000 51.012661 0.159000 39.264999
383.375000 51.219849 0.159000 39.380001
383.375000 51.219849 0.159000 39.474998
383.500000 51.426819 0.159000 39.564999
383.500000 51.631413 0.159000 39.680000
383.500000 51.631413 0.159000 39.764999
383.500000 51.853863 0.224000 39.875000
383.625000 51.853863 0.224000 39.970001
383.625000 52.058609 0.224000 40.080002
383.625000 52.058609 0.224000 40.174999
383.625000 52.259869 0.224000 40.270000
383.625000 52.259869 0.224000 40.375000
383.625000 52.480263 0.224000 40.470001
383.625000 52.480263 0.224000 40.575001
383.625000 52.683102 0.224000 40.660000
383.625000 52.683102 0.224000 40.764999
383.750000 52.883511 0.209000 40.869999
383.750000 52.883511 0.209000 40.980000
383.750000 53.087128 0.209000 41.064999
383.750000 53.087128 0.209000 41.174999
383.750000 53.287167 0.209000 41.264999
383.875000 53.493782 0.209000 41.375000
383.875000 53.493782 0.209000 41.474998
384.000000 53.694298 0.209000 41.575001
384.125000 53.896736 0.209000 41.669998
384.125000 53.896736 0.209000 41.775002
384.125000 54.102684 0.254000 41.875000
384.125000 54.310505 0.254000 41.965000
384.250000 54.310505 0.254000 42.075001
384.250000 54.520119 0.254000 42.180000
384.250000 54.748875 0.254000 42.275002
384.250000 54.748875 0.254000 42.365002
384.375000 54.966225 0.254000 42.465000
384.500000 55.170689 0.254000 42.575001
384.625000 55.170689 0.254000 42.665001
384.750000 55.375011 0.254000 42.775002
384.875000 55.610447 0.246000 42.865002
384.875000 55.610447 0.246000 42.974998
384.875000 55.833294 0.246000 43.075001
385.250000 56.057247 0.246000 43.165001
385.375000 56.057247 0.246000 43.275002
385.500000 56.289539 0.246000 43.369999
385.500000 56.499664 0.246000 43.459999
386.000000 56.499664 0.246000 43.564999
386.500000 56.702923 0.246000 43.680000
387.000000 56.905289 0.246000 43.764999
388.000000 57.113071 0.240000 43.875000
388.875000 57.336250 0.240000 43.974998
389.875000 57.541763 0.240000 44.064999
390.875000 57.742332 0.240000 44.169998
391.750000 57.742332 0.240000 44.264999
392.000000 57.950989 0.240000 44.365002
392.750000 58.155754 0.240000 44.470001
393.125000 58.362423 0.240000 44.575001
394.500000 58.362423 0.240000 44.660000
395.875000 58.567108 0.240000 44.764999
396.875000 58.771336 0.221000 44.869999
399.000000 58.771336 0.221000 44.974998
401.000000 58.975666 0.221000 45.070000
402.500000 59.180382 0.221000 45.169998
404.250000 59.180382 0.221000 45.264999
405.625000 59.385391 0.221000 45.375000
407.375000 59.591145 0.221000 45.474998
409.500000 59.798595 0.221000 45.580002
411.375000 59.798595 0.221000 45.665001
413.375000 59.999825 0.221000 45.775002
414.000000 60.232117 0.224000 45.865002
415.375000 60.232117 0.224000 45.970001
418.000000 60.435947 0.224000 46.075001
418.875000 60.640625 0.224000 46.165001
419.875000 60.845654 0.224000 46.264999
421.250000 60.845654 0.224000 46.375000
422.250000 61.081676 0.224000 46.465000
424.000000 61.283218 0.224000 46.575001
425.000000 61.527039 0.224000 46.674999
427.000000 61.730545 0.224000 46.770000
429.125000 61.937073 0.254000 46.875000
429.500000 62.145195 0.254000 46.965000
430.375000 62.354176 0.254000 47.080002
432.000000 62.563404 0.254000 47.169998
433.750000 62.772728 0.254000 47.279999
436.000000 62.772728 0.254000 47.365002
436.625000 63.184361 0.254000 47.480000
439.125000 63.184361 0.254000 47.580002
441.000000 63.394131 0.254000 47.669998
441.750000 63.603977 0.254000 47.775002
442.750000 63.813828 0.272000 47.880001
444.875000 64.023537 0.272000 47.980000
445.250000 64.233147 0.272000 48.064999
446.750000 64.451897 0.272000 48.174999
448.250000 64.699951 0.272000 48.279999
448.625000 64.908882 0.272000 48.365002
449.250000 65.128212 0.272000 48.474998
449.750000 65.337860 0.272000 48.575001
450.500000 65.337860 0.272000 48.660000
452.000000 65.757011 0.272000 48.779999
452.500000 65.757011 0.272000 48.865002
453.625000 65.961685 0.239000 48.974998
455.375000 66.188568 0.239000 49.075001
455.875000 66.399475 0.239000 49.165001
457.000000 66.624031 0.239000 49.275002
457.500000 66.859543 0.239000 49.365002
458.000000 67.064819 0.239000 49.474998
458.750000 67.064819 0.239000 49.560001
458.750000 67.286087 0.239000 49.665001
459.375000 67.512306 0.239000 49.779999
460.125000 67.512306 0.239000 49.869999
460.500000 67.719376 0.242000 49.955002
460.750000 67.923523 0.242000 50.070000
461.000000 67.923523 0.242000 50.180000
461.375000 67.923523 0.242000 50.259998
462.250000 68.132378 0.242000 50.375000
462.750000 68.132378 0.242000 50.465000
463.125000 68.132378 0.242000 50.575001
463.375000 68.132378 0.242000 50.660000
464.625000 68.132378 0.242000 50.779999
465.125000 68.132378 0.226000 50.875000
465.375000 68.332870 0.226000 50.985001
465.875000 68.332870 0.226000 51.064999
466.375000 68.332870 0.226000 51.174999
466.375000 68.332870 0.226000 51.259998
466.500000 68.332870 0.226000 51.365002
466.875000 68.332870 0.226000 51.474998
467.000000 68.332870 0.226000 51.564999
467.500000 68.332870 0.226000 51.680000
467.750000 68.332870 0.226000 51.775002
468.250000 68.332870 0.225000 51.869999
468.750000 68.332870 0.225000 51.965000
469.125000 68.537346 0.225000 52.075001
470.125000 68.537346 0.225000 52.160000
470.375000 68.738495 0.225000 52.275002
472.000000 68.965446 0.225000 52.365002
473.500000 68.965446 0.225000 52.465000
474.875000 69.170273 0.225000 52.580002
476.250000 69.397842 0.225000 52.660000
477.250000 69.397842 0.225000 52.775002
479.000000 69.626862 0.226000 52.880001
481.625000 69.856766 0.226000 52.970001
482.125000 69.856766 0.226000 53.075001
483.625000 70.081978 0.226000 53.169998
485.625000 70.286011 0.226000 53.279999
486.125000 70.286011 0.226000 53.365002
487.000000 70.490715 0.226000 53.470001
489.500000 70.719101 0.226000 53.575001
489.750000 70.923836 0.226000 53.669998
490.125000 71.130981 0.226000 53.775002
490.375000 71.130981 0.241000 53.855000
490.375000 71.339920 0.241000 53.965000
490.500000 71.756546 0.241000 54.080002
490.625000 71.756546 0.241000 54.165001
490.625000 71.956917 0.241000 54.275002
490.750000 72.197838 0.241000 54.365002
490.875000 72.417015 0.241000 54.470001
491.000000 72.645775 0.241000 54.575001
491.250000 72.875031 0.241000 54.660000
491.250000 73.104622 0.241000 54.779999
491.375000 73.312210 0.269000 54.865002
491.375000 73.521263 0.269000 54.974998
491.500000 73.521263 0.269000 55.060001
491.625000 73.753334 0.269000 55.165001
491.625000 73.957222 0.269000 55.275002
491.750000 74.159172 0.269000 55.369999
492.250000 74.159172 0.269000 55.480000
492.375000 74.362236 0.269000 55.570000
492.375000 74.562820 0.269000 55.674999
492.375000 74.562820 0.269000 55.775002
492.375000 74.767380 0.251000 55.860001
492.625000 74.967995 0.251000 55.974998
492.750000 74.967995 0.251000 56.075001
492.750000 75.170341 0.251000 56.174999
492.750000 75.170341 0.251000 56.259998
492.750000 75.373001 0.251000 56.375000
492.750000 75.373001 0.251000 56.455002
492.750000 75.373001 0.251000 56.575001
492.750000 75.373001 0.251000 56.665001
493.125000 75.373001 0.251000 56.770000
493.250000 75.573608 0.205000 56.880001
493.250000 75.573608 0.205000 56.980000
493.250000 75.573608 0.205000 57.064999
493.250000 75.573608 0.205000 57.180000
493.250000 75.573608 0.205000 57.270000
493.250000 75.573608 0.205000 57.380001
493.250000 75.573608 0.205000 57.470001
493.250000 75.573608 0.205000 57.555000
493.250000 75.573608 0.205000 57.665001
493.250000 75.573608 0.205000 57.775002
493.250000 75.573608 0.200000 57.865002
493.250000 75.573608 0.200000 57.974998
493.250000 75.573608 0.200000 58.064999
493.250000 75.573608 0.200000 58.174999
493.250000 75.573608 0.200000 58.264999
493.250000 75.573608 0.200000 58.375000
493.250000 75.573608 0.200000 58.470001
493.250000 75.777992 0.200000 58.570000
493.500000 75.777992 0.200000 58.665001
493.625000 75.980148 0.200000 58.776001
493.625000 76.182899 0.203000 58.880001
493.750000 76.390213 0.203000 58.965000
493.750000 76.606468 0.203000 59.075001
493.875000 76.836609 0.203000 59.160000
494.000000 77.068504 0.203000 59.275002
494.000000 77.274475 0.203000 59.365002
494.125000 77.476402 0.203000 59.474998
494.125000 77.683243 0.203000 59.564999
494.125000 77.884987 0.203000 59.674999
494.250000 77.884987 0.203000 59.775002
494.250000 78.111313 0.234000 59.869999
494.250000 78.317795 0.234000 59.974998
494.250000 78.518768 0.234000 60.064999
494.375000 78.518768 0.234000 60.174999
494.375000 78.724709 0.234000 60.259998
494.375000 78.960342 0.234000 60.375000
494.375000 78.960342 0.234000 60.470001
494.625000 79.165588 0.234000 60.575001
494.625000 79.367584 0.234000 60.669998
494.625000 79.600815 0.234000 60.775002
494.625000 79.805222 0.229000 60.880001
494.750000 79.805222 0.229000 60.965000
494.750000 80.016037 0.229000 61.064999
495.125000 80.239464 0.229000 61.169998
495.375000 80.454491 0.229000 61.264999
495.500000 80.661430 0.229000 61.365002
495.875000 80.869598 0.229000 61.474998
496.125000 81.078552 0.229000 61.570000
496.375000 81.328011 0.229000 61.660000
496.375000 81.547836 0.229000 61.770000
496.500000 81.755203 0.227000 61.875000
496.625000 81.956497 0.227000 61.965000
496.875000 82.165169 0.227000 62.075001
496.875000 82.165169 0.227000 62.165001
497.125000 82.388962 0.227000 62.275002
497.375000 82.600327 0.227000 62.365002
497.750000 82.600327 0.227000 62.465000
498.000000 82.829979 0.227000 62.564999
498.250000 83.034813 0.227000 62.669998
498.500000 83.239799 0.227000 62.779999
499.000000 83.239799 0.244000 62.869999
499.000000 83.460258 0.244000 62.980000
499.375000 83.667061 0.244000 63.064999
499.375000 83.867203 0.244000 63.174999
499.500000 83.867203 0.244000 63.264999
499.875000 84.076096 0.244000 63.369999
499.875000 84.295067 0.244000 63.459999
500.000000 84.509674 0.244000 63.570000
500.875000 84.717010 0.244000 63.665001
501.000000 84.925591 0.244000 63.775002
501.750000 85.134850 0.228000 63.865002
502.375000 85.344238 0.228000 63.974998
502.500000 85.573563 0.228000 64.080002
503.750000 85.783134 0.228000 64.165001
504.125000 86.002815 0.228000 64.275002
504.625000 86.212334 0.228000 64.360001
505.125000 86.421944 0.228000 64.464996
505.500000 86.631668 0.228000 64.570000
505.750000 86.631668 0.228000 64.669998
505.875000 86.841476 0.228000 64.764999
506.000000 87.051262 0.240000 64.870003
506.250000 87.258141 0.240000 64.980003
506.250000 87.480652 0.240000 65.065002
507.125000 87.714745 0.240000 65.180000
507.250000 87.951424 0.240000 65.260002
507.375000 88.179863 0.240000 65.375000
507.625000 88.389145 0.240000 65.459999
507.875000 88.598694 0.240000 65.565002
508.250000 88.808365 0.240000 65.680000
508.500000 88.808365 0.240000 65.764999
508.750000 89.017868 0.224000 65.875000
509.000000 89.261665 0.224000 65.964996
509.125000 89.463112 0.224000 66.080002
509.250000 89.663704 0.224000 66.169998
509.375000 89.663704 0.224000 66.279999
509.500000 89.663704 0.224000 66.364998
509.750000 89.870811 0.224000 66.470001
509.750000 89.870811 0.224000 66.570000
509.750000 89.870811 0.224000 66.669998
510.125000 89.870811 0.224000 66.775002
510.125000 89.870811 0.231000 66.875000
510.125000 89.870811 0.231000 66.959999
510.375000 90.072937 0.231000 67.074997
510.375000 90.072937 0.231000 67.165001
510.500000 90.072937 0.231000 67.269997
510.625000 90.072937 0.231000 67.379997
510.625000 90.072937 0.231000 67.464996
510.625000 90.072937 0.231000 67.570000
510.625000 90.072937 0.231000 67.680000
510.625000 90.072937 0.231000 67.775002
510.625000 90.072937 0.211000 67.864998
510.625000 90.072937 0.211000 67.964996
510.750000 90.072937 0.211000 68.065002
510.750000 90.072937 0.211000 68.180000
510.750000 90.072937 0.211000 68.275002
510.750000 90.072937 0.211000 68.364998
510.750000 90.072937 0.211000 68.474998
510.750000 90.072937 0.211000 68.559998
510.750000 90.072937 0.211000 68.669998
510.875000 90.072937 0.211000 68.779999
511.000000 90.072937 0.214000 68.864998
511.000000 90.072937 0.214000 68.970001
511.000000 90.072937 0.214000 69.074997
511.000000 90.072937 0.214000 69.160004
511.000000 90.273628 0.214000 69.264999
511.000000 90.473984 0.214000 69.375000
511.000000 90.473984 0.214000 69.459999
511.125000 90.675377 0.214000 69.574997
511.250000 90.910683 0.214000 69.680000
511.500000 91.114861 0.214000 69.764999
511.500000 91.341812 0.211000 69.875000
511.500000 91.580421 0.211000 69.974998
511.625000 91.800308 0.211000 70.070000
511.750000 92.000351 0.211000 70.154999
511.750000 92.210136 0.211000 70.269997
512.000000 92.419907 0.211000 70.379997
512.000000 92.629593 0.211000 70.459999
512.125000 92.838417 0.211000 70.565002
512.125000 93.047546 0.211000 70.675003
512.250000 93.047546 0.211000 70.760002
512.250000 93.256447 0.223000 70.864998
512.500000 93.461014 0.223000 70.974998
512.625000 93.690384 0.223000 71.065002
512.625000 93.913414 0.223000 71.175003
512.750000 94.159073 0.223000 71.260002
512.875000 94.366676 0.223000 71.370003
512.875000 94.575058 0.223000 71.474998
513.125000 94.784126 0.223000 71.574997
513.250000 94.993584 0.223000 71.669998
513.250000 95.202576 0.223000 71.764999
513.250000 95.406517 0.239000 71.875999
513.375000 95.406517 0.239000 71.959999
513.625000 95.612495 0.239000 72.065002
513.625000 95.816864 0.239000 72.175003
513.625000 95.816864 0.239000 72.260002
513.625000 96.020241 0.239000 72.364998
513.875000 96.020241 0.239000 72.480003
513.875000 96.020241 0.239000 72.565002
514.125000 96.020241 0.239000 72.680000
514.375000 96.020241 0.239000 72.764999
514.375000 96.220329 0.218000 72.875000
514.375000 96.220329 0.218000 72.959999
514.625000 96.220329 0.218000 73.065002
514.625000 96.220329 0.218000 73.180000
514.750000 96.220329 0.218000 73.264999
514.750000 96.220329 0.218000 73.375999
514.750000 96.220329 0.218000 73.459999
514.750000 96.220329 0.218000 73.565002
514.875000 96.220329 0.218000 73.680000
514.875000 96.220329 0.218000 73.764999
515.000000 96.220329 0.211000 73.875000
515.000000 96.220329 0.211000 73.980003
515.000000 96.220329 0.211000 74.074997
515.125000 96.220329 0.211000 74.165001
515.125000 96.220329 0.211000 74.275002
515.125000 96.220329 0.211000 74.370003
515.125000 96.220329 0.211000 74.459999
515.250000 96.220329 0.211000 74.570000
515.250000 96.220329 0.211000 74.680000
515.250000 96.220329 0.211000 74.764999
515.250000 96.220329 0.201000 74.875000
515.375000 96.220329 0.201000 74.959999
515.375000 96.434525 0.201000 75.070000
515.375000 96.434525 0.201000 75.175003
515.375000 96.640007 0.201000 75.260002
515.375000 96.867348 0.201000 75.375000
515.375000 96.867348 0.201000 75.464996
515.375000 97.096817 0.201000 75.565002
515.375000 97.298103 0.201000 75.665001
515.375000 97.298103 0.210000 75.760002
515.500000 97.500214 0.210000 75.864998
515.500000 97.703476 0.210000 75.970001
515.500000 97.915344 0.210000 76.075996
515.625000 97.915344 0.210000 76.160004
515.625000 98.118820 0.210000 76.269997
515.625000 98.327812 0.210000 76.375000
516.000000 98.327812 0.210000 76.459999
516.000000 98.528320 0.210000 76.565002
516.000000 98.751389 0.210000 76.675003
516.125000 98.952583 0.210000 76.775002
516.250000 98.952583 0.224000 76.864998
516.250000 99.154457 0.224000 76.974998
516.250000 99.387215 0.224000 77.059998
516.250000 99.387215 0.224000 77.169998
516.375000 99.590752 0.224000 77.269997
516.375000 99.795044 0.224000 77.370003
516.625000 99.996758 0.224000 77.455002
516.625000 100.201469 0.224000 77.565002
516.750000 100.408409 0.224000 77.669998
516.875000 100.408409 0.224000 77.760002
517.000000 100.611160 0.224000 77.864998
517.125000 100.816635 0.245000 77.970001
517.250000 101.058067 0.245000 78.059998
517.375000 101.259773 0.245000 78.169998
517.750000 101.467476 0.245000 78.279999
517.875000 101.467476 0.245000 78.364998
517.875000 101.671951 0.245000 78.474998
518.125000 101.873199 0.245000 78.555000
518.250000 102.082062 0.245000 78.669998
518.250000 102.082062 0.245000 78.775002
518.375000 102.299294 0.214000 78.864998
518.625000 102.501274 0.214000 78.980003
518.750000 102.501274 0.214000 79.059998
518.750000 102.702568 0.214000 79.175003
518.750000 102.702568 0.214000 79.260002
518.750000 102.903198 0.214000 79.375000
518.875000 102.903198 0.214000 79.459999
519.000000 102.903198 0.214000 79.574997
519.000000 102.903198 0.214000 79.660004
519.000000 102.903198 0.214000 79.775002
519.125000 102.903198 0.218000 79.860001
519.125000 103.103928 0.218000 79.974998
519.250000 103.103928 0.218000 80.059998
519.250000 103.103928 0.218000 80.165001
519.250000 103.103928 0.218000 80.275002
519.375000 103.103928 0.218000 80.364998
519.375000 103.103928 0.218000 80.470001
519.375000 103.103928 0.218000 80.559998
519.375000 103.103928 0.218000 80.665001
519.500000 103.103928 0.218000 80.775002
519.500000 103.103928 0.204000 80.870003
519.500000 103.103928 0.204000 80.964996
519.500000 103.305748 0.204000 81.074997
519.625000 103.509979 0.204000 81.180000
519.625000 103.509979 0.204000 81.269997
519.750000 103.716949 0.204000 81.375000
519.750000 103.932442 0.204000 81.455002
520.000000 104.156013 0.204000 81.574997
520.250000 104.363228 0.204000 81.660004
520.375000 104.571205 0.204000 81.769997
520.375000 104.780128 0.214000 81.879997
520.625000 105.015373 0.214000 81.964996
520.750000 105.220467 0.214000 82.074997
520.750000 105.220467 0.214000 82.154999
520.750000 105.423073 0.214000 82.275002
520.750000 105.423073 0.214000 82.360001
520.750000 105.423073 0.214000 82.474998
520.875000 105.634064 0.214000 82.565002
520.875000 105.634064 0.214000 82.669998
521.000000 105.634064 0.214000 82.775002
521.000000 105.634064 0.214000 82.879997
521.000000 105.634064 0.237000 82.964996
521.125000 105.634064 0.237000 83.070000
521.125000 105.634064 0.237000 83.154999
521.125000 105.634064 0.237000 83.264999
521.125000 105.835426 0.237000 83.375000
521.250000 105.835426 0.237000 83.464996
521.250000 105.835426 0.237000 83.574997
521.375000 105.835426 0.237000 83.669998
521.375000 105.835426 0.237000 83.760002
521.500000 106.038513 0.221000 83.870003
521.500000 106.038513 0.221000 83.970001
521.625000 106.244217 0.221000 84.070000
521.750000 106.485306 0.221000 84.165001
521.750000 106.692207 0.221000 84.275002
521.875000 106.896629 0.221000 84.364998
522.000000 107.104485 0.221000 84.474998
522.125000 107.314079 0.221000 84.580002
522.250000 107.514534 0.221000 84.675003
522.250000 107.715225 0.221000 84.775002
522.375000 107.715225 0.224000 84.864998
522.750000 108.116188 0.224000 84.970001
522.875000 108.318565 0.224000 85.070000
522.875000 108.521423 0.224000 85.175003
523.000000 108.521423 0.224000 85.264999
523.250000 108.926674 0.224000 85.370003
523.500000 109.129166 0.224000 85.474998
523.500000 109.129166 0.224000 85.565002
523.625000 109.333229 0.224000 85.669998
523.625000 109.544655 0.224000 85.760002
524.125000 109.748238 0.224000 85.864998
524.375000 109.959084 0.241000 85.980003
524.375000 109.959084 0.241000 86.065002
524.375000 110.166321 0.241000 86.175003
524.500000 110.404076 0.241000 86.264999
524.875000 110.404076 0.241000 86.370003
525.125000 110.640068 0.241000 86.470001
525.500000 110.841995 0.241000 86.580002
525.750000 111.043335 0.241000 86.675003
526.125000 111.043335 0.241000 86.764999
526.375000 111.251907 0.227000 86.875000
526.500000 111.453194 0.227000 86.959999
527.250000 111.453194 0.227000 87.074997
527.625000 111.677155 0.227000 87.160004
528.125000 111.879097 0.227000 87.275002
528.750000 112.081314 0.227000 87.379997
529.750000 112.081314 0.227000 87.464996
530.750000 112.284477 0.227000 87.574997
531.000000 112.489845 0.227000 87.675003
533.000000 112.697006 0.227000 87.764999
533.625000 112.906013 0.260000 87.875999
534.000000 112.906013 0.260000 87.959999
534.375000 113.106308 0.260000 88.074997
534.375000 113.331154 0.260000 88.160004
534.500000 113.548882 0.260000 88.269997
534.500000 113.787804 0.260000 88.375000
534.625000 114.027435 0.260000 88.464996
534.750000 114.247345 0.260000 88.574997
534.750000 114.457062 0.260000 88.660004
534.875000 114.666504 0.260000 88.769997
535.250000 114.873787 0.233000 88.875000
535.250000 114.873787 0.233000 88.959999
535.500000 115.080124 0.233000 89.065002
535.500000 115.281494 0.233000 89.175003
535.500000 115.487579 0.233000 89.264999
535.625000 115.702904 0.233000 89.370003
535.625000 115.702904 0.233000 89.475998
536.375000 115.925514 0.233000 89.565002
537.125000 116.150513 0.233000 89.675003
537.375000 116.150513 0.233000 89.760002
537.500000 116.364372 0.000000 89.864998
537.500000 116.568054 0.000000 89.970001
537.500000 116.568054 0.000000 90.074997
538.000000 116.785950 0.000000 90.180000
538.125000 116.785950 0.000000 90.264999
539.500000 116.785950 0.000000 90.375000
539.750000 116.986786 0.000000 90.455002
539.750000 116.986786 0.000000 90.565002
539.750000 116.986786 0.000000 90.675003
539.750000 116.986786 0.000000 90.764999
539.875000 116.986786 0.000000 90.875000
539.875000 116.986786 0.000000 90.959999
540.000000 116.986786 0.000000 91.074997
540.000000 116.986786 0.000000 91.154999
540.000000 116.986786 0.000000 91.264999
540.500000 116.986786 0.000000 91.370003
540.500000 116.986786 0.000000 91.459999
540.500000 116.986786 0.000000 91.574997
540.500000 116.986786 0.000000 91.660004
540.500000 116.986786 0.000000 91.775002
540.500000 116.986786 0.000000 91.860001
540.500000 116.986786 0.000000 91.974998
540.500000 116.986786 0.000000 92.065002
540.500000 116.986786 0.000000 92.180000
540.500000 116.986786 0.000000 92.264999
540.500000 116.986786 0.000000 92.375000
540.500000 117.190987 0.000000 92.459999
540.500000 117.391457 0.000000 92.565002
540.625000 117.599503 0.000000 92.681000
540.750000 117.811279 0.000000 92.769997
540.750000 118.015572 0.000000 92.875000
541.000000 118.222321 0.000000 92.959999
541.125000 118.430344 0.000000 93.074997
541.125000 118.640213 0.000000 93.169998
541.250000 118.640213 0.000000 93.260002
541.250000 118.849976 0.000000 93.364998
541.375000 119.059074 0.000000 93.464996
541.375000 119.278404 0.000000 93.574997
541.375000 119.487717 0.000000 93.680000
541.500000 119.696457 0.000000 93.764999
541.625000 119.924408 0.000000 93.875000
541.625000 120.133652 0.000000 93.964996
541.625000 120.335815 0.000000 94.080002
541.750000 120.584869 0.000000 94.165001
541.750000 120.793999 0.000000 94.269997
541.750000 121.001289 0.000000 94.379997
541.750000 121.203468 0.000000 94.464996
542.000000 121.203468 0.000000 94.574997
542.250000 121.420776 0.000000 94.660004
542.500000 121.622345 0.000000 94.764999
542.500000 121.826157 0.000000 94.875000
542.625000 121.826157 0.000000 94.964996
542.750000 122.030830 0.000000 95.080002
542.750000 122.265015 0.000000 95.180000
543.000000 122.466637 0.000000 95.275002
543.000000 122.466637 0.000000 95.364998
543.125000 122.694618 0.000000 95.474998
543.125000 122.896828 0.000000 95.565002
543.375000 122.896828 0.000000 95.669998
543.500000 123.096893 0.000000 95.775002
543.500000 123.331383 0.000000 95.879997
543.625000 123.331383 0.000000 95.974998
543.625000 123.539604 0.000000 96.065002
543.875000 123.742783 0.000000 96.175003
543.875000 123.947090 0.000000 96.264999
543.875000 123.947090 0.000000 96.375000
543.875000 124.152107 0.000000 96.459999
544.000000 124.372871 0.000000 96.570000
544.125000 124.372871 0.000000 96.660004
544.125000 124.578697 0.000000 96.779999
544.125000 124.784348 0.000000 96.875999
544.250000 124.988640 0.000000 96.959999
544.250000 124.988640 0.000000 97.080002
544.250000 125.214935 0.000000 97.180000
544.500000 125.433258 0.000000 97.269997
544.500000 125.433258 0.000000 97.375000
544.500000 125.635605 0.000000 97.480003
544.750000 125.837067 0.000000 97.565002
544.875000 126.038437 0.000000 97.675003
544.875000 126.038437 0.000000 97.760002
544.875000 126.240250 0.000000 97.864998
545.000000 126.441200 0.000000 97.970001
545.000000 126.441200 0.000000 98.059998
545.000000 126.650833 0.000000 98.169998
545.000000 126.650833 0.000000 98.279999
545.000000 126.650833 0.000000 98.375000
545.000000 126.650833 0.000000 98.459999
545.000000 126.852150 0.000000 98.570000
545.125000 126.852150 0.000000 98.680000
545.125000 126.852150 0.000000 98.764999
545.125000 126.852150 0.000000 98.875000
545.125000 126.852150 0.000000 98.964996
545.250000 126.852150 0.000000 99.065002
545.250000 126.852150 0.000000 99.175003
545.250000 126.852150 0.000000 99.264999
545.250000 126.852150 0.000000 99.375000
545.250000 126.852150 0.000000 99.459999
545.250000 126.852150 0.000000 99.570000
545.250000 126.852150 0.000000 99.675003
545.250000 126.852150 0.000000 99.779999
545.250000 126.852150 0.000000 99.879997
545.250000 126.852150 0.000000 99.964996
545.250000 126.852150 0.000000 100.074997
545.250000 126.852150 0.000000 100.160004
545.250000 126.852150 0.000000 100.269997
545.250000 126.852150 0.000000 100.370003
545.250000 126.852150 0.000000 100.485001
545.250000 126.852150 0.000000 100.574997
545.250000 127.054138 0.000000 100.654999
545.250000 127.258362 0.000000 100.764999
545.250000 127.258362 0.000000 100.870003
545.375000 127.483246 0.000000 100.974998
545.375000 127.692261 0.000000 101.059998
545.500000 127.906456 0.000000 101.176003
545.500000 128.113800 0.000000 101.264999
545.625000 128.322235 0.000000 101.379997
545.625000 128.570557 0.000000 101.464996
545.625000 128.779755 0.000000 101.570000
545.625000 128.989380 0.000000 101.680000
545.625000 129.190735 0.000000 101.779999
545.625000 129.392899 0.000000 101.864998
545.750000 129.392899 0.000000 101.974998
545.750000 129.610168 0.000000 102.080002
545.750000 129.610168 0.000000 102.165001
545.750000 129.813354 0.000000 102.275002
545.750000 129.813354 0.000000 102.360001
545.875000 129.813354 0.000000 102.474998
545.875000 130.019180 0.000000 102.565002
546.125000 130.019180 0.000000 102.675003
546.125000 130.019180 0.000000 102.764999
546.125000 130.019180 0.000000 102.864998
546.125000 130.019180 0.000000 102.974998
546.125000 130.019180 0.000000 103.074997
546.125000 130.019180 0.000000 103.165001
546.125000 130.019180 0.000000 103.275002
546.250000 130.019180 0.000000 103.370003
546.250000 130.019180 0.000000 103.480003
546.250000 130.019180 0.000000 103.574997
546.250000 130.019180 0.000000 103.660004
546.250000 130.019180 0.000000 103.775002
546.250000 130.019180 0.000000 103.860001
546.250000 130.019180 0.000000 103.974998
546.250000 130.019180 0.000000 104.070000
546.250000 130.019180 0.000000 104.180000
546.250000 130.019180 0.000000 104.264999
546.250000 130.019180 0.000000 104.375000
546.250000 130.019180 0.000000 104.464996
546.250000 130.019180 0.000000 104.580002
546.250000 130.019180 0.000000 104.665001
546.250000 130.019180 0.000000 104.779999
546.250000 130.019180 0.000000 104.864998
546.250000 130.019180 0.000000 104.974998
546.250000 130.019180 0.000000 105.059998
546.250000 130.019180 0.000000 105.175003
546.500000 130.226242 0.000000 105.260002
546.500000 130.226242 0.000000 105.364998
546.500000 130.426407 0.000000 105.474998
546.500000 130.646988 0.000000 105.559998
546.500000 130.858109 0.000000 105.665001
546.500000 131.083542 0.000000 105.769997
546.500000 131.331345 0.000000 105.864998
546.500000 131.540527 0.000000 105.980003
546.500000 131.750137 0.000000 106.065002
546.500000 131.960052 0.000000 106.175003
546.500000 132.160156 0.000000 106.260002
546.625000 132.362061 0.000000 106.375000
546.625000 132.565079 0.000000 106.464996
546.625000 132.766800 0.000000 106.574997
546.625000 132.967575 0.000000 106.675003
546.625000 133.167984 0.000000 106.764999
546.625000 133.373444 0.000000 106.870003
546.625000 133.373444 0.000000 106.980003
546.625000 133.576599 0.000000 107.065002
546.750000 133.576599 0.000000 107.165001
546.750000 133.777252 0.000000 107.260002
546.750000 133.777252 0.000000 107.360001
546.750000 133.777252 0.000000 107.459999
546.875000 133.977325 0.000000 107.574997
547.000000 133.977325 0.000000 107.665001
547.000000 133.977325 0.000000 107.775002
547.000000 133.977325 0.000000 107.864998
547.000000 133.977325 0.000000 107.974998
547.000000 133.977325 0.000000 108.065002
547.000000 133.977325 0.000000 108.169998
547.000000 133.977325 0.000000 108.260002
547.000000 133.977325 0.000000 108.370003
547.000000 133.977325 0.000000 108.474998
547.000000 133.977325 0.000000 108.580002
547.000000 133.977325 0.000000 108.665001
547.000000 133.977325 0.000000 108.779999
547.000000 133.977325 0.000000 108.864998
547.000000 133.977325 0.000000 108.980003
547.000000 133.977325 0.000000 109.070000
547.000000 133.977325 0.000000 109.175003
547.000000 133.977325 0.000000 109.264999
547.000000 133.977325 0.000000 109.375000
547.000000 133.977325 0.000000 109.464996
547.000000 133.977325 0.000000 109.574997
547.000000 133.977325 0.000000 109.680000
547.000000 133.977325 0.000000 109.764999
547.000000 133.977325 0.000000 109.875000
547.000000 133.977325 0.000000 109.970001
547.000000 133.977325 0.000000 110.074997
547.000000 133.977325 0.000000 110.165001
547.125000 133.977325 0.000000 110.275002
547.125000 133.977325 0.000000 110.360001
547.125000 133.977325 0.000000 110.474998
547.125000 133.977325 0.000000 110.565002
547.125000 133.977325 0.000000 110.675003
547.125000 133.977325 0.000000 110.775002
547.250000 133.977325 0.000000 110.875000
547.250000 133.977325 0.000000 110.959999
547.250000 133.977325 0.000000 111.070000
547.250000 133.977325 0.000000 111.175003
547.250000 134.178772 0.000000 111.264999
547.375000 134.178772 0.000000 111.364998
547.375000 134.384186 0.000000 111.470001
547.375000 134.384186 0.000000 111.559998
547.375000 134.589539 0.000000 111.675003
547.500000 134.790359 0.000000 111.764999
547.500000 134.993469 0.000000 111.875000
547.625000 135.207596 0.000000 111.970001
547.625000 135.207596 0.000000 112.065002
547.750000 135.421234 0.000000 112.175003
547.750000 135.421234 0.000000 112.254997
547.875000 135.621490 0.000000 112.375000
547.875000 135.621490 0.000000 112.459999
547.875000 135.621490 0.000000 112.565002
548.000000 135.621490 0.000000 112.660004
548.000000 135.621490 0.000000 112.769997
548.000000 135.621490 0.000000 112.860001
548.000000 135.621490 0.000000 112.974998
548.000000 135.823212 0.000000 113.059998
548.125000 135.823212 0.000000 113.165001
548.125000 135.823212 0.000000 113.269997
548.125000 135.823212 0.000000 113.364998
548.125000 135.823212 0.000000 113.474998
548.125000 135.823212 0.000000 113.565002
548.125000 135.823212 0.000000 113.675003
548.125000 135.823212 0.000000 113.760002
548.125000 136.025375 0.000000 113.864998
548.250000 136.025375 0.000000 113.975998
548.375000 136.227753 0.000000 114.074997
548.375000 136.429535 0.000000 114.165001
548.500000 136.629669 0.000000 114.275002
548.625000 136.830597 0.000000 114.360001
548.625000 137.036392 0.000000 114.474998
548.625000 137.036392 0.000000 114.559998
548.750000 137.454102 0.000000 114.675003
548.875000 137.454102 0.000000 114.760002
549.125000 137.663101 0.000000 114.870003
549.250000 137.865814 0.000000 114.959999
549.250000 138.069763 0.000000 115.070000
549.250000 138.069763 0.000000 115.160004
549.250000 138.269897 0.000000 115.269997
549.250000 138.269897 0.000000 115.360001
549.250000 138.269897 0.000000 115.470001
549.375000 138.269897 0.000000 115.580002
549.625000 138.470383 0.000000 115.675003
549.625000 138.470383 0.000000 115.785004
549.625000 138.470383 0.000000 115.875000
549.750000 138.470383 0.000000 115.964996
549.750000 138.470383 0.000000 116.074997
549.750000 138.470383 0.000000 116.175003
549.750000 138.470383 0.000000 116.264999
549.750000 138.470383 0.000000 116.375000
549.875000 138.470383 0.000000 116.464996
549.875000 138.470383 0.000000 116.574997
549.875000 138.470383 0.000000 116.660004
549.875000 138.470383 0.000000 116.764999
550.000000 138.470383 0.000000 116.875000
550.000000 138.470383 0.000000 116.970001
550.000000 138.470383 0.000000 117.074997
550.000000 138.470383 0.000000 117.175003
550.000000 138.470383 0.000000 117.264999
550.000000 138.470383 0.000000 117.375000
550.000000 138.470383 0.000000 117.459999
550.000000 138.470383 0.000000 117.565002
550.000000 138.470383 0.000000 117.675003
550.000000 138.470383 0.000000 117.760002
550.000000 138.470383 0.000000 117.870003
550.125000 138.470383 0.000000 117.974998
550.125000 138.470383 0.000000 118.059998
550.125000 138.676147 0.000000 118.169998
550.125000 138.884521 0.000000 118.275002
550.125000 139.092728 0.000000 118.375000
550.250000 139.292877 0.000000 118.464996
550.250000 139.498245 0.000000 118.570000
550.250000 139.726303 0.000000 118.680000
550.250000 139.935791 0.000000 118.764999
550.250000 140.147522 0.000000 118.879997
550.375000 140.147522 0.000000 118.964996
550.375000 140.350082 0.000000 119.074997
550.375000 140.552658 0.000000 119.175003
550.375000 140.552658 0.000000 119.264999
550.375000 140.552658 0.000000 119.375000
550.375000 140.753998 0.000000 119.459999
550.375000 140.753998 0.000000 119.574997
550.375000 140.753998 0.000000 119.665001
550.375000 140.753998 0.000000 119.775002
550.375000 140.753998 0.000000 119.860001
550.375000 140.753998 0.000000 119.964996
550.375000 140.753998 0.000000 120.074997
550.375000 140.753998 0.000000 120.169998
550.375000 140.753998 0.000000 120.275002
550.375000 140.753998 0.000000 120.360001
550.375000 140.753998 0.000000 120.464996
550.375000 140.753998 0.000000 120.574997
550.375000 140.753998 0.000000 120.654999
550.375000 140.753998 0.000000 120.775002
550.375000 140.753998 0.000000 120.860001
550.375000 140.753998 0.000000 120.970001
550.375000 140.753998 0.000000 121.059998
550.375000 140.753998 0.000000 121.165001
550.375000 140.753998 0.000000 121.275002
550.375000 140.753998 0.000000 121.360001
550.375000 140.753998 0.000000 121.474998
550.375000 140.753998 0.000000 121.580002
550.375000 140.753998 0.000000 121.675003
550.375000 140.753998 0.000000 121.769997
550.375000 140.962265 0.000000 121.875000
550.500000 141.169968 0.000000 121.959999
550.625000 141.378784 0.000000 122.074997
550.625000 141.378784 0.000000 122.165001
550.875000 141.584686 0.000000 122.269997
550.875000 141.993515 0.000000 122.375000
550.875000 142.194641 0.000000 122.475998
551.125000 142.194641 0.000000 122.565002
551.250000 142.596512 0.000000 122.680000
551.375000 142.596512 0.000000 122.760002
551.500000 142.805237 0.000000 122.864998
551.500000 143.008011 0.000000 122.974998
551.500000 143.212891 0.000000 123.065002
551.625000 143.212891 0.000000 123.160004
551.750000 143.414902 0.000000 123.269997
551.750000 143.414902 0.000000 123.379997
551.875000 143.414902 0.000000 123.464996
552.000000 143.414902 0.000000 123.570000
552.125000 143.615067 0.000000 123.675003
552.375000 143.615067 0.000000 123.769997
552.500000 143.615067 0.000000 123.875000
552.500000 143.615067 0.000000 123.980003
552.500000 143.615067 0.000000 124.074997
552.500000 143.615067 0.000000 124.165001
552.500000 143.615067 0.000000 124.275002
552.625000 143.615067 0.000000 124.379997
552.625000 143.615067 0.000000 124.459999
552.625000 143.615067 0.000000 124.574997
552.625000 143.615067 0.000000 124.665001
552.625000 143.615067 0.000000 124.769997
552.625000 143.615067 0.000000 124.875000
552.875000 143.615067 0.000000 124.959999
552.875000 143.615067 0.000000 125.070000
553.000000 143.615067 0.000000 125.175003
553.000000 143.615067 0.000000 125.264999
553.000000 143.615067 0.000000 125.379997
553.000000 143.615067 0.000000 125.459999
553.000000 143.615067 0.000000 125.574997
553.125000 143.615067 0.000000 125.680000
553.250000 143.615067 0.000000 125.769997
553.250000 143.615067 0.000000 125.875000
553.625000 143.615067 0.000000 125.980003
553.625000 143.615067 0.000000 126.065002
553.625000 143.615067 0.000000 126.180000
553.625000 143.615067 0.000000 126.275002
553.625000 143.615067 0.000000 126.360001
553.625000 143.615067 0.000000 126.474998
553.625000 143.615067 0.000000 126.570000
553.625000 143.615067 0.000000 126.675003
553.625000 143.615067 0.000000 126.760002
553.625000 143.615067 0.000000 126.875000
553.625000 143.615067 0.000000 126.974998
553.625000 143.615067 0.000000 127.065002
553.625000 143.615067 0.000000 127.169998
553.625000 143.615067 0.000000 127.269997
553.750000 143.615067 0.000000 127.375000
553.875000 143.615067 0.000000 127.470001
553.875000 143.615067 0.000000 127.580002
554.000000 143.819092 0.000000 127.665001
554.125000 143.819092 0.000000 127.775002
554.250000 144.041260 0.000000 127.860001
554.375000 144.242615 0.000000 127.980003
554.750000 144.242615 0.000000 128.065002
554.875000 144.645386 0.000000 128.179993
555.000000 144.645386 0.000000 128.274994
555.250000 144.852737 0.000000 128.365005
555.250000 145.062668 0.000000 128.475006
555.375000 145.283920 0.000000 128.570007
555.375000 145.485031 0.000000 128.669998
555.625000 145.686127 0.000000 128.774994
555.750000 145.897125 0.000000 128.875000
555.875000 146.098328 0.000000 128.979996
555.875000 146.299530 0.000000 129.074997
556.125000 146.500519 0.000000 129.169998
556.625000 146.709290 0.000000 129.270004
556.750000 146.965652 0.000000 129.375000
556.875000 147.166260 0.000000 129.475006
557.000000 147.166260 0.000000 129.574997
557.125000 147.384232 0.000000 129.669998
557.125000 147.585373 0.000000 129.779999
557.250000 147.585373 0.000000 129.869995
557.375000 147.800797 0.000000 129.975006
557.625000 147.800797 0.000000 130.065002
557.750000 147.800797 0.000000 130.164993
557.750000 148.004333 0.000000 130.264999
558.125000 148.004333 0.000000 130.375000
558.250000 148.004333 0.000000 130.475006
558.625000 148.205490 0.000000 130.570007
558.875000 148.205490 0.000000 130.664993
