87.500000 0.000000 0.225000 0.060000
112.875000 0.000000 0.225000 0.145000
121.875000 0.000000 0.225000 0.260000
127.875000 0.000000 0.225000 0.355000
133.500000 0.000000 0.238000 0.445000
137.875000 0.200487 0.238000 0.550000
141.875000 0.200487 0.238000 0.655000
146.875000 0.400656 0.238000 0.760000
150.750000 0.400656 0.238000 0.850000
154.500000 0.606481 0.238000 0.955000
157.250000 0.809188 0.238000 1.050000
162.625000 0.809188 0.238000 1.150000
168.250000 1.034434 0.238000 1.260000
170.750000 1.240237 0.238000 1.345000
174.000000 1.240237 0.251000 1.450000
177.375000 1.452459 0.251000 1.550000
180.625000 1.654720 0.251000 1.655000
183.500000 1.654720 0.251000 1.755000
187.125000 1.654720 0.251000 1.845000
189.625000 1.863143 0.251000 1.950000
191.125000 1.863143 0.251000 2.055000
192.125000 1.863143 0.251000 2.145000
194.500000 1.863143 0.251000 2.250000
195.875000 1.863143 0.251000 2.360000
197.875000 1.863143 0.261000 2.445000
199.125000 1.863143 0.261000 2.560000
199.375000 1.863143 0.261000 2.650000
200.000000 2.063304 0.261000 2.760000
201.500000 2.063304 0.261000 2.845000
202.375000 2.063304 0.261000 2.955000
202.750000 2.063304 0.261000 3.060000
203.375000 2.063304 0.261000 3.150000
204.250000 2.063304 0.261000 3.255000
204.750000 2.063304 0.261000 3.360000
205.250000 2.063304 0.262000 3.455000
205.375000 2.063304 0.262000 3.555000
205.750000 2.063304 0.262000 3.640000
206.250000 2.268080 0.262000 3.745000
206.375000 2.492491 0.262000 3.855000
206.750000 2.492491 0.262000 3.965000
207.375000 2.712892 0.262000 4.050000
208.375000 2.916549 0.262000 4.155000
209.875000 2.916549 0.262000 4.240000
210.875000 3.121177 0.262000 4.345000
211.625000 3.327520 0.275000 4.455000
213.375000 3.527921 0.275000 4.550000
214.500000 3.527921 0.275000 4.655000
216.125000 3.730369 0.275000 4.745000
218.125000 3.934048 0.275000 4.860000
219.625000 4.138530 0.275000 4.955000
221.000000 4.138530 0.275000 5.060000
223.250000 4.350786 0.275000 5.150000
224.500000 4.551865 0.275000 5.260000
226.125000 4.756612 0.275000 5.355000
227.500000 4.958287 0.285000 5.460000
230.250000 4.958287 0.285000 5.545000
233.875000 5.167556 0.285000 5.650000
237.250000 5.370972 0.285000 5.755000
239.500000 5.595601 0.285000 5.855000
242.000000 5.802155 0.285000 5.945000
244.375000 6.006819 0.285000 6.055000
246.250000 6.213346 0.285000 6.160000
248.250000 6.213346 0.285000 6.250000
250.750000 6.413355 0.285000 6.355000
252.250000 6.619609 0.285000 6.450000
254.625000 6.825590 0.351000 6.550000
257.625000 6.825590 0.351000 6.660000
260.500000 7.046155 0.351000 6.745000
263.000000 7.264641 0.351000 6.850000
269.625000 7.467519 0.351000 6.960000
272.250000 7.467519 0.351000 7.050000
274.000000 7.678102 0.351000 7.155000
275.625000 7.881741 0.351000 7.255000
278.000000 7.881741 0.351000 7.345000
279.500000 8.086229 0.300000 7.450000
281.000000 8.291039 0.300000 7.560000
282.000000 8.495890 0.300000 7.655000
283.625000 8.495890 0.300000 7.750000
284.500000 8.700768 0.300000 7.840000
285.000000 8.903240 0.300000 7.945000
285.750000 9.108173 0.300000 8.045000
288.125000 9.315208 0.300000 8.155000
289.125000 9.518686 0.300000 8.265000
291.250000 9.725264 0.300000 8.350000
292.750000 9.933473 0.324000 8.460000
294.625000 10.142361 0.324000 8.560000
295.375000 10.349026 0.324000 8.655000
297.125000 10.349026 0.324000 8.750000
298.625000 10.555380 0.324000 8.860000
299.625000 10.760412 0.324000 8.945000
301.625000 10.979665 0.324000 9.050000
302.750000 10.979665 0.324000 9.155000
303.375000 11.198829 0.324000 9.255000
303.500000 11.428106 0.324000 9.350000
304.750000 11.428106 0.298000 9.450000
305.250000 11.637199 0.298000 9.545000
305.875000 11.839395 0.298000 9.650000
307.125000 11.839395 0.298000 9.760000
307.625000 11.839395 0.298000 9.845000
308.875000 12.041673 0.298000 9.955000
309.750000 12.041673 0.298000 10.045000
309.875000 12.041673 0.298000 10.150000
310.375000 12.041673 0.298000 10.255000
310.375000 12.041673 0.298000 10.345000
310.750000 12.041673 0.219000 10.450000
311.000000 12.041673 0.219000 10.555000
311.000000 12.041673 0.219000 10.655000
311.000000 12.041673 0.219000 10.760000
311.250000 12.041673 0.219000 10.845000
311.250000 12.041673 0.219000 10.950000
311.250000 12.041673 0.219000 11.055000
311.375000 12.041673 0.219000 11.145000
311.375000 12.041673 0.219000 11.250000
311.500000 12.041673 0.219000 11.355000
311.500000 12.241717 0.193000 11.450000
311.500000 12.241717 0.193000 11.555000
311.500000 12.241717 0.193000 11.660000
311.625000 12.241717 0.193000 11.750000
311.625000 12.241717 0.193000 11.855000
311.750000 12.241717 0.193000 11.955000
311.750000 12.241717 0.193000 12.060000
312.000000 12.241717 0.193000 12.160000
312.250000 12.241717 0.193000 12.245000
312.250000 12.444129 0.193000 12.355000
312.250000 12.444129 0.193000 12.445000
312.500000 12.646553 0.193000 12.555000
312.500000 12.889199 0.193000 12.645000
312.875000 13.090604 0.193000 12.760000
312.875000 13.292175 0.193000 12.845000
313.125000 13.498341 0.193000 12.960000
313.500000 13.706458 0.193000 13.055000
313.625000 13.915465 0.193000 13.155000
313.875000 13.915465 0.193000 13.255000
314.000000 14.125170 0.193000 13.345000
314.250000 14.325316 0.309000 13.455000
314.500000 14.555343 0.309000 13.560000
314.625000 14.773985 0.309000 13.650000
314.625000 14.980881 0.309000 13.750000
314.750000 15.187315 0.309000 13.855000
314.750000 15.389197 0.309000 13.945000
314.750000 15.389197 0.309000 14.050000
314.750000 15.591786 0.309000 14.160000
314.750000 15.798509 0.309000 14.255000
314.750000 16.004162 0.309000 14.345000
314.875000 16.004162 0.307000 14.445000
315.000000 16.209570 0.307000 14.545000
315.250000 16.415073 0.307000 14.645000
315.500000 16.616873 0.307000 14.740000
316.000000 16.821758 0.307000 14.855000
316.500000 16.821758 0.307000 14.955000
316.750000 17.030390 0.307000 15.050000
317.250000 17.235258 0.307000 15.160000
318.125000 17.463501 0.307000 15.245000
319.375000 17.693861 0.307000 15.360000
320.625000 17.894701 0.281000 15.445000
321.500000 18.099104 0.281000 15.560000
323.250000 18.325672 0.281000 15.645000
324.125000 18.527351 0.281000 15.760000
324.875000 18.527351 0.281000 15.845000
326.000000 18.728334 0.281000 15.955000
327.250000 18.955912 0.281000 16.055000
328.250000 19.157719 0.281000 16.145000
328.750000 19.157719 0.281000 16.250000
330.000000 19.358835 0.281000 16.334999
331.250000 19.559143 0.259000 16.450001
331.625000 19.764971 0.259000 16.555000
332.875000 19.764971 0.259000 16.645000
334.250000 20.173532 0.259000 16.760000
335.125000 20.173532 0.259000 16.850000
336.375000 20.376049 0.259000 16.959999
337.750000 20.616371 0.259000 17.055000
338.500000 20.825766 0.259000 17.139999
339.500000 21.026880 0.259000 17.250000
340.125000 21.258724 0.259000 17.360001
340.875000 21.499922 0.275000 17.445000
342.250000 21.709040 0.275000 17.549999
343.125000 21.917830 0.275000 17.650000
343.875000 22.126310 0.275000 17.754999
345.750000 22.334892 0.275000 17.844999
346.625000 22.543953 0.275000 17.955000
347.750000 22.753407 0.275000 18.055000
348.500000 22.753407 0.275000 18.145000
349.625000 22.963058 0.275000 18.260000
350.875000 23.202562 0.275000 18.344999
351.625000 23.417490 0.239000 18.450001
353.125000 23.633936 0.239000 18.555000
354.875000 23.855125 0.239000 18.639999
356.625000 24.071362 0.239000 18.754999
357.875000 24.280762 0.239000 18.844999
358.500000 24.481625 0.239000 18.955000
359.375000 24.683128 0.239000 19.055000
360.250000 24.885078 0.239000 19.145000
361.125000 25.094625 0.239000 19.254999
362.375000 25.301727 0.239000 19.350000
363.250000 25.509624 0.261000 19.459999
364.125000 25.509624 0.261000 19.545000
364.875000 25.712357 0.261000 19.660000
366.500000 25.939726 0.261000 19.754999
368.750000 26.143497 0.261000 19.840000
369.500000 26.350044 0.261000 19.955000
371.750000 26.607929 0.261000 20.065001
373.375000 26.817116 0.261000 20.150000
374.625000 27.026638 0.261000 20.254999
376.375000 27.234777 0.261000 20.344999
377.250000 27.435961 0.293000 20.459999
379.500000 27.435961 0.293000 20.545000
380.875000 27.637749 0.293000 20.655001
382.375000 27.870384 0.293000 20.760000
383.750000 28.076559 0.293000 20.860001
384.875000 28.300793 0.293000 20.950001
385.750000 28.505230 0.293000 21.059999
386.875000 28.505230 0.293000 21.145000
388.375000 28.713003 0.293000 21.254999
388.875000 28.919088 0.293000 21.340000
390.000000 28.919088 0.257000 21.455000
391.500000 29.131426 0.257000 21.555000
392.875000 29.335827 0.257000 21.645000
394.625000 29.335827 0.257000 21.760000
396.250000 29.536329 0.257000 21.855000
396.750000 29.536329 0.257000 21.950001
397.250000 29.536329 0.257000 22.055000
397.875000 29.536329 0.257000 22.139999
398.500000 29.536329 0.257000 22.260000
399.000000 29.536329 0.257000 22.344999
399.375000 29.739597 0.252000 22.459999
399.500000 29.739597 0.252000 22.549999
400.125000 29.739597 0.252000 22.655001
400.250000 29.739597 0.252000 22.750000
400.375000 29.739597 0.252000 22.855000
400.500000 29.739597 0.252000 22.945000
400.500000 29.739597 0.252000 23.059999
401.000000 29.739597 0.252000 23.145000
401.250000 29.739597 0.252000 23.260000
401.625000 29.739597 0.252000 23.344999
401.750000 29.739597 0.231000 23.459999
402.125000 29.739597 0.231000 23.555000
402.125000 29.739597 0.231000 23.665001
402.125000 29.739597 0.231000 23.754999
402.250000 29.739597 0.231000 23.850000
402.625000 29.739597 0.231000 23.955000
403.875000 29.961334 0.231000 24.055000
404.250000 30.176172 0.231000 24.150000
404.375000 30.379457 0.231000 24.264999
404.500000 30.587818 0.231000 24.360001
405.000000 30.587818 0.241000 24.450001
405.250000 30.793095 0.241000 24.555000
405.625000 31.021360 0.241000 24.639999
406.000000 31.271261 0.241000 24.760000
406.125000 31.471672 0.241000 24.844999
406.500000 31.671999 0.241000 24.955000
406.875000 31.872461 0.241000 25.045000
407.250000 32.072647 0.241000 25.160000
407.625000 32.272915 0.241000 25.250000
407.625000 32.482380 0.241000 25.355000
407.625000 32.715672 0.296000 25.445000
408.250000 32.923000 0.296000 25.559999
408.625000 33.123844 0.296000 25.650000
409.000000 33.330666 0.296000 25.760000
409.375000 33.330666 0.296000 25.844999
409.625000 33.536541 0.296000 25.959999
409.625000 33.741364 0.296000 26.045000
410.125000 33.943272 0.296000 26.155001
410.250000 33.943272 0.296000 26.245001
411.125000 34.148579 0.296000 26.360001
411.500000 34.360077 0.276000 26.440001
411.625000 34.565010 0.276000 26.559999
412.125000 34.565010 0.276000 26.639999
412.250000 34.769890 0.276000 26.754999
412.500000 34.975723 0.276000 26.844999
412.750000 34.975723 0.276000 26.955000
412.750000 35.183464 0.276000 27.045000
413.000000 35.384899 0.276000 27.160000
413.125000 35.587078 0.276000 27.254999
413.250000 35.587078 0.276000 27.344999
413.750000 35.797569 0.271000 27.455000
414.250000 36.002510 0.271000 27.565001
414.750000 36.002510 0.271000 27.650000
415.875000 36.210140 0.271000 27.760000
416.500000 36.417046 0.271000 27.850000
417.125000 36.620296 0.271000 27.955000
418.375000 36.846790 0.271000 28.045000
420.375000 37.051571 0.271000 28.155001
421.125000 37.259495 0.271000 28.245001
421.875000 37.461430 0.271000 28.360001
422.750000 37.663113 0.277000 28.455000
423.125000 37.872093 0.277000 28.545000
424.000000 38.079628 0.277000 28.660000
424.125000 38.079628 0.277000 28.754999
424.500000 38.286362 0.277000 28.844999
425.125000 38.286362 0.277000 28.965000
425.250000 38.499062 0.277000 29.049999
425.500000 38.499062 0.277000 29.160000
425.500000 38.499062 0.277000 29.245001
425.625000 38.699146 0.277000 29.360001
426.250000 38.699146 0.266000 29.445000
426.375000 38.699146 0.266000 29.555000
426.875000 38.699146 0.266000 29.650000
427.125000 38.699146 0.266000 29.730000
427.375000 38.699146 0.266000 29.855000
427.500000 38.699146 0.266000 29.940001
427.625000 38.699146 0.266000 30.059999
428.000000 38.699146 0.266000 30.145000
428.125000 38.699146 0.266000 30.260000
428.250000 38.699146 0.266000 30.344999
428.250000 38.699146 0.246000 30.459999
428.375000 38.699146 0.246000 30.545000
428.375000 38.699146 0.246000 30.655001
428.375000 38.699146 0.246000 30.745001
428.375000 38.699146 0.246000 30.860001
428.375000 38.699146 0.246000 30.950001
428.500000 38.908436 0.246000 31.055000
428.625000 38.908436 0.246000 31.150000
428.750000 39.135914 0.246000 31.254999
428.750000 39.339153 0.246000 31.344999
428.875000 39.339153 0.247000 31.461000
429.000000 39.548313 0.247000 31.549999
429.000000 39.753605 0.247000 31.655001
429.000000 39.753605 0.247000 31.750000
429.125000 39.971989 0.247000 31.860001
429.500000 40.178932 0.247000 31.955000
429.750000 40.384438 0.247000 32.044998
430.000000 40.384438 0.247000 32.160000
430.250000 40.589401 0.247000 32.244999
430.500000 40.803062 0.247000 32.355000
431.125000 40.803062 0.242000 32.445000
431.875000 41.004063 0.242000 32.560001
432.125000 41.206787 0.242000 32.645000
432.750000 41.409512 0.242000 32.759998
433.375000 41.409512 0.242000 32.845001
433.375000 41.613361 0.242000 32.965000
434.125000 41.818081 0.242000 33.049999
435.125000 42.022758 0.242000 33.160000
436.875000 42.022758 0.242000 33.244999
437.375000 42.230530 0.242000 33.360001
437.625000 42.434475 0.253000 33.450001
437.625000 42.651363 0.253000 33.555000
437.750000 42.894417 0.253000 33.645000
437.750000 43.111382 0.253000 33.759998
438.000000 43.319893 0.253000 33.855000
438.250000 43.319893 0.253000 33.939999
438.250000 43.559021 0.253000 34.055000
438.750000 43.788582 0.253000 34.134998
438.750000 44.018360 0.253000 34.250000
439.125000 44.258041 0.253000 34.360001
439.625000 44.492531 0.252000 34.450001
439.625000 44.699677 0.252000 34.555000
439.625000 44.699677 0.252000 34.645000
439.750000 44.907814 0.252000 34.755001
439.750000 45.108368 0.252000 34.865002
439.750000 45.328709 0.252000 34.950001
439.875000 45.328709 0.252000 35.035000
440.250000 45.533382 0.252000 35.154999
440.500000 45.755337 0.252000 35.244999
440.625000 45.755337 0.252000 35.360001
440.625000 45.974987 0.247000 35.445000
440.875000 46.201275 0.247000 35.560001
441.000000 46.201275 0.247000 35.645000
442.250000 46.404625 0.247000 35.759998
442.500000 46.619617 0.247000 35.845001
442.625000 46.619617 0.247000 35.959999
442.875000 46.846657 0.247000 36.044998
443.000000 47.052032 0.247000 36.150002
443.000000 47.052032 0.247000 36.240002
443.375000 47.255436 0.247000 36.355000
443.375000 47.487194 0.221000 36.445000
443.625000 47.487194 0.221000 36.560001
444.125000 47.691471 0.221000 36.639999
444.375000 47.691471 0.221000 36.759998
444.625000 47.896992 0.221000 36.845001
444.750000 47.896992 0.221000 36.955002
444.875000 47.896992 0.221000 37.049999
445.250000 47.896992 0.221000 37.160000
445.250000 47.896992 0.221000 37.250000
445.500000 47.896992 0.221000 37.355000
445.500000 48.097580 0.193000 37.439999
445.625000 48.097580 0.193000 37.540001
445.625000 48.097580 0.193000 37.654999
445.875000 48.097580 0.193000 37.735001
446.000000 48.097580 0.193000 37.855000
446.125000 48.097580 0.193000 37.945000
446.250000 48.097580 0.193000 38.060001
446.250000 48.097580 0.193000 38.150002
446.500000 48.097580 0.193000 38.259998
446.500000 48.097580 0.193000 38.349998
446.500000 48.097580 0.187000 38.459999
446.500000 48.097580 0.187000 38.555000
446.500000 48.097580 0.187000 38.639999
446.500000 48.097580 0.187000 38.759998
446.500000 48.097580 0.187000 38.849998
446.500000 48.097580 0.187000 38.959999
446.500000 48.300400 0.187000 39.049999
446.625000 48.502018 0.187000 39.165001
446.625000 48.502018 0.187000 39.250000
446.625000 48.703571 0.180000 39.330002
446.750000 48.909042 0.180000 39.455002
446.750000 49.118771 0.180000 39.540001
446.875000 49.323574 0.180000 39.665001
447.125000 49.323574 0.180000 39.744999
447.125000 49.529900 0.180000 39.860001
447.375000 49.749702 0.180000 39.955002
447.625000 49.749702 0.180000 40.040001
447.750000 49.952827 0.180000 40.160000
447.750000 50.157047 0.180000 40.250000
447.875000 50.369957 0.180000 40.360001
448.000000 50.369957 0.281000 40.445000
448.000000 50.570732 0.281000 40.560001
448.000000 50.771832 0.281000 40.645000
448.000000 50.771832 0.281000 40.759998
448.000000 50.771832 0.281000 40.849998
448.000000 50.973335 0.281000 40.930000
448.125000 50.973335 0.281000 41.044998
448.125000 50.973335 0.281000 41.165001
448.125000 50.973335 0.281000 41.250000
448.125000 50.973335 0.281000 41.360001
448.125000 50.973335 0.257000 41.445000
448.125000 51.173893 0.257000 41.560001
448.125000 51.173893 0.257000 41.639999
448.125000 51.173893 0.257000 41.755001
448.125000 51.173893 0.257000 41.869999
448.125000 51.173893 0.257000 41.950001
448.125000 51.173893 0.257000 42.064999
448.250000 51.173893 0.257000 42.145000
448.250000 51.173893 0.257000 42.259998
448.250000 51.173893 0.257000 42.345001
448.375000 51.173893 0.244000 42.459999
448.375000 51.173893 0.244000 42.555000
448.375000 51.173893 0.244000 42.645000
448.375000 51.173893 0.244000 42.755001
448.375000 51.173893 0.244000 42.845001
448.375000 51.173893 0.244000 42.959999
448.375000 51.374069 0.244000 43.044998
448.375000 51.578171 0.244000 43.160000
448.375000 51.578171 0.244000 43.244999
448.375000 51.791603 0.244000 43.360001
448.500000 51.991653 0.249000 43.445000
448.500000 51.991653 0.249000 43.560001
448.500000 52.209969 0.249000 43.645000
448.875000 52.414680 0.249000 43.764999
449.000000 52.616661 0.249000 43.849998
449.000000 52.820473 0.249000 43.955002
449.125000 52.820473 0.249000 44.044998
449.125000 53.021362 0.249000 44.160000
449.125000 53.227219 0.249000 44.250000
449.125000 53.227219 0.249000 44.361000
449.250000 53.428223 0.226000 44.450001
449.375000 53.428223 0.226000 44.560001
449.375000 53.428223 0.226000 44.650002
449.375000 53.428223 0.226000 44.730000
449.500000 53.629055 0.226000 44.849998
449.500000 53.629055 0.226000 44.930000
449.500000 53.629055 0.226000 45.064999
449.500000 53.629055 0.226000 45.150002
449.500000 53.629055 0.226000 45.255001
449.625000 53.629055 0.174000 45.349998
449.625000 53.629055 0.174000 45.455002
449.625000 53.629055 0.174000 45.544998
449.625000 53.629055 0.174000 45.665001
449.625000 53.629055 0.174000 45.750000
449.625000 53.629055 0.174000 45.865002
449.625000 53.629055 0.174000 45.945000
449.625000 53.629055 0.174000 46.060001
449.625000 53.629055 0.174000 46.154999
449.625000 53.629055 0.174000 46.235001
449.625000 53.629055 0.171000 46.360001
449.625000 53.629055 0.171000 46.450001
449.625000 53.629055 0.171000 46.560001
449.625000 53.629055 0.171000 46.645000
449.625000 53.629055 0.171000 46.755001
449.625000 53.629055 0.171000 46.845001
449.625000 53.629055 0.171000 46.950001
449.625000 53.629055 0.171000 47.044998
449.625000 53.629055 0.171000 47.160000
449.625000 53.629055 0.171000 47.255001
449.625000 53.629055 0.161000 47.345001
449.625000 53.629055 0.161000 47.455002
449.625000 53.629055 0.161000 47.549999
449.625000 53.629055 0.161000 47.654999
449.625000 53.629055 0.161000 47.740002
449.625000 53.629055 0.161000 47.855000
449.625000 53.629055 0.161000 47.939999
449.625000 53.629055 0.161000 48.049999
449.625000 53.629055 0.161000 48.134998
449.625000 53.629055 0.161000 48.264999
449.625000 53.629055 0.161000 48.349998
449.625000 53.629055 0.161000 48.459999
449.625000 53.629055 0.161000 48.555000
449.625000 53.629055 0.161000 48.639999
449.625000 53.629055 0.161000 48.759998
449.750000 53.629055 0.161000 48.845001
449.750000 53.832611 0.161000 48.959999
449.875000 54.069485 0.161000 49.049999
449.875000 54.273003 0.161000 49.160000
450.000000 54.473408 0.161000 49.250000
450.125000 54.680210 0.161000 49.360001
450.125000 54.680210 0.240000 49.439999
450.125000 54.889351 0.240000 49.560001
450.125000 55.127659 0.240000 49.665001
450.125000 55.345486 0.240000 49.750000
450.125000 55.552917 0.240000 49.834999
450.125000 55.760735 0.240000 49.950001
450.250000 55.989655 0.240000 50.035000
450.375000 56.219513 0.240000 50.150002
450.500000 56.419804 0.240000 50.235001
450.625000 56.629364 0.240000 50.349998
450.750000 56.832890 0.263000 50.455002
450.875000 56.832890 0.263000 50.544998
451.000000 57.040451 0.263000 50.650002
451.250000 57.241108 0.263000 50.759998
451.500000 57.442844 0.263000 50.860001
451.625000 57.646175 0.263000 50.950001
451.625000 57.646175 0.263000 51.040001
451.625000 57.852253 0.263000 51.160000
451.750000 58.055054 0.263000 51.244999
451.750000 58.267715 0.263000 51.360001
451.750000 58.267715 0.241000 51.450001
451.875000 58.469311 0.241000 51.560001
451.875000 58.673710 0.241000 51.650002
451.875000 58.880470 0.241000 51.755001
452.000000 58.880470 0.241000 51.855000
452.000000 59.084476 0.241000 51.935001
452.250000 59.290634 0.241000 52.049999
452.250000 59.494759 0.241000 52.154999
452.500000 59.494759 0.241000 52.250000
452.500000 59.699272 0.241000 52.361000
452.500000 59.927174 0.229000 52.450001
452.500000 59.927174 0.229000 52.560001
452.875000 60.143059 0.229000 52.650002
453.125000 60.143059 0.229000 52.759998
453.125000 60.346062 0.229000 52.849998
453.125000 60.346062 0.229000 52.965000
453.125000 60.346062 0.229000 53.049999
453.125000 60.346062 0.229000 53.160000
453.250000 60.551098 0.229000 53.250000
453.500000 60.551098 0.229000 53.365002
453.500000 60.551098 0.221000 53.450001
453.500000 60.551098 0.221000 53.564999
453.500000 60.551098 0.221000 53.650002
453.625000 60.551098 0.221000 53.759998
454.000000 60.551098 0.221000 53.849998
454.000000 60.551098 0.221000 53.959999
454.000000 60.551098 0.221000 54.049999
454.125000 60.551098 0.221000 54.160000
454.625000 60.551098 0.221000 54.255001
454.750000 60.755608 0.221000 54.334999
454.750000 60.955887 0.229000 54.459999
454.750000 60.955887 0.229000 54.549999
455.125000 61.168648 0.229000 54.654999
455.250000 61.369598 0.229000 54.744999
455.250000 61.369598 0.229000 54.860001
455.250000 61.577595 0.229000 54.955002
455.750000 61.781139 0.229000 55.064999
455.750000 61.781139 0.229000 55.150002
455.875000 62.008778 0.229000 55.259998
456.375000 62.214184 0.229000 55.349998
456.500000 62.419727 0.238000 55.459999
456.500000 62.419727 0.238000 55.560001
456.500000 62.632145 0.238000 55.645000
456.875000 62.835590 0.238000 55.759998
456.875000 63.038895 0.238000 55.849998
456.875000 63.038895 0.238000 55.959999
457.000000 63.242367 0.238000 56.049999
457.125000 63.445869 0.238000 56.160000
457.125000 63.445869 0.238000 56.250000
457.125000 63.649437 0.238000 56.365002
457.125000 63.853096 0.270000 56.450001
457.250000 64.056877 0.270000 56.544998
457.500000 64.056877 0.270000 56.650002
457.750000 64.261879 0.270000 56.750000
458.000000 64.467834 0.270000 56.860001
458.875000 64.675354 0.270000 56.959999
459.125000 64.922211 0.270000 57.049999
460.000000 65.126793 0.270000 57.160000
460.875000 65.334244 0.270000 57.244999
461.375000 65.543289 0.270000 57.360001
461.625000 65.753052 0.248000 57.459999
462.125000 65.753052 0.248000 57.549999
462.250000 65.972588 0.248000 57.660000
463.750000 66.211243 0.248000 57.750000
464.250000 66.420067 0.248000 57.860001
464.750000 66.629417 0.248000 57.950001
465.250000 66.859116 0.248000 58.060001
465.500000 67.109047 0.248000 58.150002
465.750000 67.329025 0.248000 58.259998
465.875000 67.536156 0.248000 58.349998
466.250000 67.743149 0.272000 58.465000
466.500000 67.743149 0.272000 58.544998
466.500000 67.949814 0.272000 58.660000
467.000000 68.162338 0.272000 58.750000
467.125000 68.391998 0.272000 58.860001
467.250000 68.626755 0.272000 58.945000
467.500000 68.844475 0.272000 59.060001
468.500000 69.053467 0.272000 59.145000
469.000000 69.262970 0.272000 59.255001
469.375000 69.262970 0.272000 59.345001
470.250000 69.682358 0.266000 59.459999
470.625000 69.682358 0.266000 59.560001
471.125000 69.905869 0.266000 59.639999
471.125000 70.124931 0.266000 59.759998
471.375000 70.328987 0.266000 59.845001
471.750000 70.535011 0.266000 59.959999
471.750000 70.781898 0.266000 60.049999
472.500000 70.990425 0.266000 60.160000
472.875000 71.199547 0.266000 60.244999
473.625000 71.407196 0.266000 60.360001
474.375000 71.607727 0.251000 60.450001
475.000000 71.809265 0.251000 60.564999
476.000000 71.809265 0.251000 60.650002
477.000000 72.024437 0.251000 60.759998
477.625000 72.273056 0.251000 60.860001
478.625000 72.473854 0.251000 60.939999
479.375000 72.692467 0.251000 61.064999
480.000000 72.901466 0.251000 61.150002
480.125000 73.110855 0.251000 61.259998
480.375000 73.350471 0.251000 61.349998
481.000000 73.560272 0.289000 61.459999
481.375000 73.767838 0.289000 61.560001
481.625000 73.767838 0.289000 61.645000
481.875000 73.980270 0.289000 61.759998
482.125000 74.202873 0.289000 61.849998
482.125000 74.202873 0.289000 61.955002
482.125000 74.202873 0.289000 62.044998
482.375000 74.403687 0.289000 62.160000
482.375000 74.403687 0.289000 62.250000
482.500000 74.403687 0.289000 62.360001
482.625000 74.403687 0.247000 62.450001
483.125000 74.403687 0.247000 62.560001
483.500000 74.403687 0.247000 62.650002
483.625000 74.603729 0.247000 62.759998
483.625000 74.603729 0.247000 62.845001
483.625000 74.603729 0.247000 62.959999
483.625000 74.603729 0.247000 63.040001
483.625000 74.603729 0.247000 63.160000
483.750000 74.603729 0.247000 63.244999
483.875000 74.603729 0.247000 63.365002
484.000000 74.603729 0.222000 63.450001
484.000000 74.603729 0.222000 63.560001
484.625000 74.603729 0.222000 63.645000
485.125000 74.817596 0.222000 63.759998
486.000000 74.817596 0.222000 63.849998
486.250000 75.039864 0.222000 63.959999
486.250000 75.241356 0.222000 64.055000
486.375000 75.241356 0.222000 64.160004
486.500000 75.445869 0.222000 64.245003
486.500000 75.669464 0.222000 64.360001
486.500000 75.669464 0.231000 64.449997
486.500000 75.872742 0.231000 64.529999
486.500000 76.074867 0.231000 64.650002
486.625000 76.074867 0.231000 64.760002
486.625000 76.275108 0.231000 64.849998
486.625000 76.275108 0.231000 64.959999
486.625000 76.275108 0.231000 65.050003
486.625000 76.478500 0.231000 65.160004
486.625000 76.478500 0.231000 65.245003
486.625000 76.478500 0.231000 65.355003
486.625000 76.478500 0.228000 65.459999
486.625000 76.478500 0.228000 65.544998
486.625000 76.478500 0.228000 65.660004
486.625000 76.478500 0.228000 65.754997
486.625000 76.478500 0.228000 65.839996
486.625000 76.478500 0.228000 65.959999
486.625000 76.478500 0.228000 66.040001
486.625000 76.478500 0.228000 66.160004
486.625000 76.478500 0.228000 66.250000
486.625000 76.478500 0.207000 66.364998
486.625000 76.478500 0.207000 66.455002
486.625000 76.478500 0.207000 66.540001
486.625000 76.478500 0.207000 66.660004
486.625000 76.478500 0.207000 66.764999
486.625000 76.478500 0.207000 66.849998
486.625000 76.478500 0.207000 66.959999
486.625000 76.478500 0.207000 67.040001
486.625000 76.478500 0.207000 67.160004
486.625000 76.478500 0.207000 67.260002
486.625000 76.478500 0.202000 67.345001
486.625000 76.478500 0.202000 67.440002
486.625000 76.478500 0.202000 67.550003
486.625000 76.478500 0.202000 67.660004
486.625000 76.478500 0.202000 67.739998
486.625000 76.478500 0.202000 67.855003
486.625000 76.478500 0.202000 67.949997
486.625000 76.478500 0.202000 68.059998
486.625000 76.478500 0.202000 68.144997
486.625000 76.478500 0.202000 68.254997
486.625000 76.478500 0.202000 68.345001
486.625000 76.478500 0.197000 68.459999
486.625000 76.478500 0.197000 68.550003
486.625000 76.478500 0.197000 68.660004
486.625000 76.478500 0.197000 68.750000
486.625000 76.478500 0.197000 68.860001
486.625000 76.478500 0.197000 68.945000
486.625000 76.478500 0.197000 69.059998
486.625000 76.478500 0.197000 69.144997
486.625000 76.478500 0.197000 69.260002
486.625000 76.478500 0.197000 69.345001
486.625000 76.478500 0.223000 69.459999
486.625000 76.478500 0.223000 69.544998
486.625000 76.478500 0.223000 69.660004
486.625000 76.478500 0.223000 69.750000
486.625000 76.478500 0.223000 69.860001
486.625000 76.478500 0.223000 69.949997
486.625000 76.478500 0.223000 70.059998
486.625000 76.478500 0.223000 70.154999
486.625000 76.478500 0.223000 70.245003
486.625000 76.478500 0.198000 70.360001
486.625000 76.478500 0.198000 70.440002
486.625000 76.478500 0.198000 70.559998
486.625000 76.478500 0.198000 70.644997
486.625000 76.478500 0.198000 70.754997
486.625000 76.478500 0.198000 70.845001
486.625000 76.478500 0.198000 70.959999
486.625000 76.478500 0.198000 71.050003
486.625000 76.478500 0.198000 71.160004
486.625000 76.478500 0.198000 71.260002
486.625000 76.478500 0.198000 71.349998
486.625000 76.478500 0.206000 71.464996
486.625000 76.478500 0.206000 71.555000
486.625000 76.478500 0.206000 71.660004
486.625000 76.478500 0.206000 71.750000
486.625000 76.478500 0.206000 71.860001
486.625000 76.478500 0.206000 71.945000
486.625000 76.478500 0.206000 72.065002
486.625000 76.478500 0.206000 72.150002
486.625000 76.478500 0.206000 72.260002
486.625000 76.478500 0.203000 72.360001
486.625000 76.478500 0.203000 72.440002
486.625000 76.478500 0.203000 72.550003
486.625000 76.478500 0.203000 72.654999
486.625000 76.478500 0.203000 72.745003
486.750000 76.478500 0.203000 72.864998
486.750000 76.478500 0.203000 72.949997
486.750000 76.478500 0.203000 73.059998
486.750000 76.478500 0.203000 73.144997
486.750000 76.478500 0.203000 73.260002
486.750000 76.478500 0.203000 73.339996
486.750000 76.478500 0.200000 73.459999
486.750000 76.478500 0.200000 73.544998
486.750000 76.478500 0.200000 73.660004
486.750000 76.478500 0.200000 73.750000
486.750000 76.478500 0.200000 73.860001
486.750000 76.478500 0.200000 73.949997
486.750000 76.478500 0.200000 74.059998
486.750000 76.478500 0.200000 74.160004
486.750000 76.478500 0.200000 74.245003
486.750000 76.478500 0.200000 74.360001
486.750000 76.478500 0.197000 74.445000
486.750000 76.478500 0.197000 74.559998
486.750000 76.478500 0.197000 74.644997
486.750000 76.478500 0.197000 74.760002
486.750000 76.478500 0.197000 74.839996
486.750000 76.478500 0.197000 74.959999
486.750000 76.478500 0.197000 75.044998
486.750000 76.478500 0.197000 75.154999
486.750000 76.478500 0.197000 75.235001
486.750000 76.478500 0.202000 75.355003
486.750000 76.478500 0.202000 75.459999
486.750000 76.478500 0.202000 75.559998
486.750000 76.478500 0.202000 75.639999
486.750000 76.478500 0.202000 75.760002
486.750000 76.478500 0.202000 75.849998
486.750000 76.478500 0.202000 75.959999
486.750000 76.478500 0.202000 76.044998
486.750000 76.478500 0.202000 76.160004
486.750000 76.478500 0.202000 76.245003
486.750000 76.478500 0.202000 76.355003
486.750000 76.478500 0.193000 76.440002
486.750000 76.478500 0.193000 76.559998
486.750000 76.478500 0.193000 76.639999
486.750000 76.478500 0.193000 76.754997
486.750000 76.478500 0.193000 76.849998
486.750000 76.478500 0.193000 76.955002
486.750000 76.478500 0.193000 77.050003
486.750000 76.478500 0.193000 77.160004
486.750000 76.478500 0.193000 77.250000
486.750000 76.478500 0.193000 77.364998
486.750000 76.478500 0.195000 77.455002
486.750000 76.478500 0.195000 77.555000
486.750000 76.478500 0.195000 77.660004
486.750000 76.478500 0.195000 77.750000
486.750000 76.478500 0.195000 77.860001
486.750000 76.478500 0.195000 77.945000
486.750000 76.478500 0.195000 78.059998
486.750000 76.478500 0.195000 78.144997
486.750000 76.478500 0.195000 78.260002
486.750000 76.478500 0.195000 78.345001
486.750000 76.478500 0.196000 78.455002
486.750000 76.478500 0.196000 78.544998
486.750000 76.478500 0.196000 78.660004
486.750000 76.478500 0.196000 78.745003
486.750000 76.478500 0.196000 78.849998
486.750000 76.478500 0.196000 78.959999
486.750000 76.478500 0.196000 79.040001
486.750000 76.478500 0.196000 79.160004
486.750000 76.478500 0.196000 79.245003
486.750000 76.478500 0.199000 79.360001
486.750000 76.478500 0.199000 79.455002
486.750000 76.478500 0.199000 79.535004
486.750000 76.478500 0.199000 79.660004
486.750000 76.478500 0.199000 79.750000
486.750000 76.478500 0.199000 79.855003
486.750000 76.478500 0.199000 79.945000
486.750000 76.478500 0.199000 80.059998
486.750000 76.478500 0.199000 80.144997
486.750000 76.478500 0.199000 80.260002
486.750000 76.478500 0.195000 80.345001
486.750000 76.478500 0.195000 80.459999
486.750000 76.478500 0.195000 80.544998
486.750000 76.478500 0.195000 80.660004
486.750000 76.478500 0.195000 80.750000
486.750000 76.478500 0.195000 80.830002
486.750000 76.478500 0.195000 80.955002
486.750000 76.478500 0.195000 81.044998
486.750000 76.478500 0.195000 81.160004
486.750000 76.478500 0.195000 81.245003
486.750000 76.478500 0.195000 81.360001
486.750000 76.478500 0.199000 81.445000
486.750000 76.478500 0.199000 81.559998
486.750000 76.478500 0.199000 81.644997
486.750000 76.478500 0.199000 81.764999
486.750000 76.478500 0.199000 81.855003
486.750000 76.478500 0.199000 81.934998
486.750000 76.478500 0.199000 82.059998
486.750000 76.478500 0.199000 82.150002
486.750000 76.478500 0.199000 82.260002
486.750000 76.478500 0.199000 82.345001
486.750000 76.478500 0.192000 82.455002
486.750000 76.478500 0.192000 82.544998
486.750000 76.478500 0.192000 82.665001
486.750000 76.478500 0.192000 82.760002
486.750000 76.478500 0.192000 82.845001
486.750000 76.478500 0.192000 82.959999
486.750000 76.478500 0.192000 83.050003
486.750000 76.478500 0.192000 83.160004
486.750000 76.478500 0.192000 83.245003
486.750000 76.478500 0.202000 83.360001
486.750000 76.478500 0.202000 83.445000
486.750000 76.478500 0.202000 83.559998
486.750000 76.478500 0.202000 83.650002
486.750000 76.478500 0.202000 83.764999
486.875000 76.478500 0.202000 83.849998
487.000000 76.478500 0.202000 83.955002
487.000000 76.478500 0.202000 84.050003
487.000000 76.478500 0.202000 84.160004
487.000000 76.478500 0.202000 84.260002
487.000000 76.478500 0.202000 84.345001
487.000000 76.478500 0.200000 84.459999
487.000000 76.478500 0.200000 84.550003
487.000000 76.478500 0.200000 84.665001
487.000000 76.478500 0.200000 84.760002
487.000000 76.478500 0.200000 84.845001
487.000000 76.478500 0.200000 84.955002
487.000000 76.478500 0.200000 85.035004
487.000000 76.478500 0.200000 85.160004
487.000000 76.478500 0.200000 85.245003
487.000000 76.478500 0.200000 85.360001
487.000000 76.478500 0.215000 85.449997
487.000000 76.478500 0.215000 85.559998
487.000000 76.478500 0.215000 85.639999
487.000000 76.478500 0.215000 85.754997
487.000000 76.478500 0.215000 85.845001
487.000000 76.478500 0.215000 85.959999
487.000000 76.478500 0.215000 86.044998
487.000000 76.478500 0.215000 86.160004
487.000000 76.478500 0.215000 86.250000
487.000000 76.478500 0.215000 86.355003
487.000000 76.478500 0.193000 86.445000
487.000000 76.478500 0.193000 86.555000
487.000000 76.478500 0.193000 86.650002
487.000000 76.478500 0.193000 86.764999
487.000000 76.478500 0.193000 86.849998
487.000000 76.478500 0.193000 86.959999
487.000000 76.478500 0.193000 87.050003
487.000000 76.478500 0.193000 87.160004
487.000000 76.478500 0.193000 87.245003
487.000000 76.478500 0.193000 87.360001
487.000000 76.478500 0.198000 87.445000
487.000000 76.478500 0.198000 87.559998
487.000000 76.478500 0.198000 87.654999
487.000000 76.478500 0.198000 87.760002
487.000000 76.478500 0.198000 87.855003
487.000000 76.478500 0.198000 87.940002
487.000000 76.478500 0.198000 88.059998
487.000000 76.478500 0.198000 88.144997
487.000000 76.478500 0.198000 88.260002
487.000000 76.478500 0.198000 88.349998
487.000000 76.478500 0.205000 88.455002
487.000000 76.478500 0.205000 88.550003
487.000000 76.478500 0.205000 88.654999
487.000000 76.478500 0.205000 88.750000
487.000000 76.478500 0.205000 88.830002
487.000000 76.478500 0.205000 88.949997
487.000000 76.478500 0.205000 89.029999
487.000000 76.478500 0.205000 89.160004
487.000000 76.478500 0.205000 89.250000
487.000000 76.478500 0.205000 89.364998
487.000000 76.478500 0.193000 89.449997
487.000000 76.478500 0.193000 89.559998
487.000000 76.478500 0.193000 89.660004
487.000000 76.478500 0.193000 89.745003
487.000000 76.478500 0.193000 89.864998
487.000000 76.478500 0.193000 89.949997
487.000000 76.478500 0.193000 90.029999
487.000000 76.478500 0.193000 90.160004
487.000000 76.478500 0.193000 90.239998
487.000000 76.478500 0.193000 90.360001
487.000000 76.478500 0.203000 90.445000
487.000000 76.478500 0.203000 90.559998
487.000000 76.478500 0.203000 90.644997
487.000000 76.478500 0.203000 90.760002
487.000000 76.478500 0.203000 90.845001
487.000000 76.478500 0.203000 90.955002
487.000000 76.478500 0.203000 91.035004
487.000000 76.478500 0.203000 91.150002
487.000000 76.478500 0.203000 91.269997
487.000000 76.478500 0.203000 91.360001
487.000000 76.478500 0.212000 91.440002
487.000000 76.478500 0.212000 91.559998
487.000000 76.478500 0.212000 91.644997
487.000000 76.478500 0.212000 91.754997
487.000000 76.478500 0.212000 91.845001
487.000000 76.478500 0.212000 91.955002
487.000000 76.478500 0.212000 92.040001
487.000000 76.478500 0.212000 92.154999
487.000000 76.478500 0.212000 92.245003
487.000000 76.478500 0.212000 92.355003
487.000000 76.478500 0.200000 92.434998
487.000000 76.478500 0.200000 92.550003
487.000000 76.478500 0.200000 92.660004
487.000000 76.478500 0.200000 92.745003
487.000000 76.478500 0.200000 92.860001
487.000000 76.478500 0.200000 92.955002
487.000000 76.478500 0.200000 93.059998
487.000000 76.478500 0.200000 93.150002
487.000000 76.478500 0.200000 93.260002
487.000000 76.478500 0.200000 93.349998
487.000000 76.478500 0.196000 93.459999
487.000000 76.478500 0.196000 93.544998
487.000000 76.478500 0.196000 93.660004
487.000000 76.478500 0.196000 93.745003
487.000000 76.478500 0.196000 93.855003
487.000000 76.478500 0.196000 93.949997
487.000000 76.478500 0.196000 94.029999
487.000000 76.478500 0.196000 94.150002
487.000000 76.478500 0.196000 94.235001
487.000000 76.478500 0.196000 94.355003
487.000000 76.478500 0.194000 94.445000
487.000000 76.478500 0.194000 94.559998
487.000000 76.478500 0.194000 94.644997
487.000000 76.478500 0.194000 94.754997
487.000000 76.478500 0.194000 94.839996
487.000000 76.478500 0.194000 94.955002
487.000000 76.478500 0.194000 95.065002
487.000000 76.478500 0.194000 95.150002
487.000000 76.478500 0.194000 95.254997
487.000000 76.478500 0.194000 95.345001
487.000000 76.478500 0.198000 95.455002
487.000000 76.478500 0.198000 95.544998
487.000000 76.478500 0.198000 95.660004
487.000000 76.478500 0.198000 95.750000
487.000000 76.478500 0.198000 95.860001
487.000000 76.478500 0.198000 95.945000
487.000000 76.478500 0.198000 96.055000
487.000000 76.478500 0.198000 96.150002
487.000000 76.478500 0.198000 96.254997
487.000000 76.478500 0.198000 96.364998
487.000000 76.478500 0.204000 96.449997
487.000000 76.478500 0.204000 96.559998
487.000000 76.478500 0.204000 96.650002
487.000000 76.478500 0.204000 96.764999
487.000000 76.478500 0.204000 96.849998
487.000000 76.478500 0.204000 96.959999
487.000000 76.478500 0.204000 97.050003
487.000000 76.478500 0.204000 97.160004
