88.000000 0.000000 0.248000 0.060000
111.250000 0.206824 0.248000 0.165000
122.875000 0.206824 0.236000 0.260000
129.125000 0.408786 0.236000 0.365000
136.000000 0.610207 0.236000 0.450000
141.625000 0.610207 0.236000 0.565000
147.500000 0.836118 0.236000 0.665000
151.500000 1.069987 0.236000 0.755000
156.000000 1.278665 0.236000 0.865000
163.250000 1.278665 0.236000 0.950000
167.875000 1.483527 0.236000 1.055000
173.250000 1.685918 0.236000 1.160000
178.750000 1.911836 0.236000 1.255000
182.375000 2.120123 0.294000 1.365000
186.875000 2.328192 0.294000 1.450000
192.250000 2.529568 0.294000 1.555000
197.375000 2.731846 0.294000 1.660000
201.250000 2.731846 0.294000 1.750000
204.875000 2.939511 0.294000 1.865000
208.375000 3.149227 0.294000 1.955000
211.250000 3.379712 0.294000 2.060000
214.875000 3.379712 0.294000 2.150000
218.875000 3.586312 0.294000 2.265000
224.750000 3.791065 0.277000 2.360000
227.375000 3.994279 0.277000 2.445000
230.625000 3.994279 0.277000 2.560000
233.375000 4.211791 0.277000 2.645000
236.000000 4.445793 0.277000 2.755000
238.125000 4.445793 0.277000 2.860000
239.625000 4.664333 0.277000 2.960000
241.250000 4.867743 0.277000 3.065000
243.375000 4.867743 0.277000 3.145000
244.750000 5.071876 0.277000 3.265000
248.250000 5.276702 0.279000 3.350000
249.875000 5.504611 0.279000 3.455000
252.000000 5.504611 0.279000 3.565000
255.375000 5.732601 0.279000 3.665000
257.125000 5.952460 0.279000 3.750000
260.000000 6.160362 0.279000 3.860000
263.000000 6.160362 0.279000 3.950000
265.875000 6.362963 0.279000 4.060000
269.250000 6.567852 0.279000 4.145000
271.250000 6.778634 0.279000 4.255000
274.125000 7.003724 0.303000 4.360000
275.625000 7.228935 0.303000 4.465000
276.750000 7.442277 0.303000 4.565000
278.625000 7.442277 0.303000 4.650000
280.750000 7.644197 0.303000 4.755000
283.250000 7.875416 0.303000 4.860000
285.375000 8.077392 0.303000 4.950000
286.875000 8.077392 0.303000 5.060000
288.000000 8.308013 0.303000 5.150000
289.375000 8.545186 0.303000 5.260000
291.875000 8.545186 0.359000 5.365000
292.875000 8.745608 0.359000 5.455000
294.250000 8.952830 0.359000 5.565000
294.750000 9.184092 0.359000 5.670000
295.875000 9.384603 0.359000 5.760000
296.375000 9.589930 0.359000 5.845000
297.125000 9.797457 0.359000 5.955000
297.750000 10.004938 0.359000 6.065000
298.125000 10.004938 0.359000 6.150000
298.750000 10.208714 0.359000 6.260000
299.125000 10.412680 0.323000 6.345000
299.750000 10.613531 0.323000 6.460000
300.250000 10.814296 0.323000 6.545000
300.500000 11.017736 0.323000 6.670000
301.500000 11.017736 0.323000 6.755000
301.875000 11.218596 0.323000 6.865000
302.500000 11.425653 0.323000 6.950000
302.875000 11.425653 0.323000 7.055000
303.250000 11.625871 0.323000 7.160000
303.625000 11.849692 0.323000 7.250000
304.375000 12.051747 0.304000 7.365000
305.000000 12.051747 0.304000 7.445000
305.625000 12.254105 0.304000 7.565000
306.125000 12.456417 0.304000 7.650000
307.125000 12.456417 0.304000 7.760000
308.000000 12.674524 0.304000 7.845000
308.500000 12.901016 0.304000 7.950000
309.500000 13.106512 0.304000 8.065000
309.750000 13.106512 0.304000 8.150000
310.500000 13.311071 0.304000 8.260000
311.125000 13.515403 0.292000 8.345000
311.500000 13.515403 0.292000 8.460000
312.250000 13.750611 0.292000 8.555000
313.000000 13.952707 0.292000 8.655000
313.625000 14.160878 0.292000 8.765000
314.000000 14.368073 0.292000 8.855000
314.375000 14.368073 0.292000 8.955000
315.125000 14.611764 0.292000 9.055000
315.625000 14.815359 0.292000 9.160000
315.875000 15.022804 0.292000 9.245000
317.375000 15.022804 0.294000 9.350000
318.250000 15.229884 0.294000 9.460000
318.750000 15.430877 0.294000 9.550000
319.375000 15.636868 0.294000 9.660000
320.125000 15.636868 0.294000 9.745000
320.375000 15.849147 0.294000 9.850000
321.000000 16.071093 0.294000 9.960000
321.250000 16.071093 0.294000 10.045000
322.000000 16.272594 0.294000 10.165000
322.125000 16.506033 0.294000 10.250000
323.125000 16.506033 0.257000 10.355000
324.000000 16.714203 0.257000 10.460000
324.125000 16.917858 0.257000 10.550000
325.250000 16.917858 0.257000 10.655000
326.000000 16.917858 0.257000 10.765000
326.375000 17.126654 0.257000 10.850000
326.875000 17.126654 0.257000 10.960000
327.000000 17.126654 0.257000 11.050000
327.375000 17.126654 0.257000 11.155000
327.375000 17.126654 0.257000 11.260000
327.375000 17.126654 0.274000 11.350000
327.500000 17.126654 0.274000 11.460000
327.500000 17.126654 0.274000 11.550000
327.625000 17.126654 0.274000 11.660000
327.750000 17.126654 0.274000 11.750000
327.750000 17.126654 0.274000 11.860000
327.875000 17.326761 0.274000 11.945000
327.875000 17.326761 0.274000 12.055000
327.875000 17.326761 0.274000 12.165000
328.000000 17.326761 0.274000 12.250000
328.250000 17.326761 0.274000 12.365000
328.375000 17.326761 0.274000 12.455000
328.375000 17.326761 0.274000 12.560000
328.500000 17.326761 0.274000 12.660000
328.625000 17.326761 0.274000 12.750000
328.750000 17.326761 0.274000 12.865000
329.000000 17.326761 0.274000 12.955000
329.125000 17.326761 0.274000 13.065000
329.125000 17.326761 0.274000 13.155000
329.125000 17.326761 0.274000 13.260000
329.125000 17.540848 0.265000 13.350000
329.125000 17.742393 0.265000 13.455000
329.250000 17.742393 0.265000 13.555000
329.250000 17.945148 0.265000 13.650000
329.250000 18.160126 0.265000 13.760000
329.250000 18.160126 0.265000 13.845000
329.375000 18.384159 0.265000 13.960000
329.625000 18.588348 0.265000 14.050000
329.625000 18.588348 0.265000 14.160000
329.875000 18.806524 0.265000 14.250000
329.875000 19.019442 0.266000 14.360000
330.000000 19.019442 0.266000 14.445000
330.000000 19.226776 0.266000 14.550000
330.000000 19.226776 0.266000 14.660000
330.250000 19.431038 0.266000 14.750000
330.250000 19.431038 0.266000 14.860000
330.375000 19.431038 0.266000 14.960000
330.375000 19.431038 0.266000 15.050000
330.375000 19.431038 0.266000 15.165000
330.375000 19.431038 0.266000 15.245000
330.375000 19.632397 0.256000 15.365000
330.375000 19.632397 0.256000 15.450000
330.500000 19.632397 0.256000 15.560000
330.500000 19.632397 0.256000 15.645000
330.500000 19.632397 0.256000 15.755000
330.500000 19.632397 0.256000 15.860000
330.500000 19.632397 0.256000 15.960000
330.500000 19.632397 0.256000 16.045000
330.500000 19.632397 0.256000 16.160000
330.500000 19.632397 0.250000 16.270000
330.500000 19.632397 0.250000 16.355000
330.500000 19.632397 0.250000 16.459999
330.625000 19.632397 0.250000 16.540001
330.625000 19.833775 0.250000 16.660000
330.625000 19.833775 0.250000 16.745001
330.625000 20.038204 0.250000 16.855000
330.750000 20.244772 0.250000 16.959999
330.875000 20.447271 0.250000 17.045000
330.875000 20.447271 0.250000 17.160000
330.875000 20.657022 0.224000 17.250000
330.875000 20.882256 0.224000 17.360001
331.000000 20.882256 0.224000 17.445000
331.000000 21.093258 0.224000 17.555000
331.000000 21.093258 0.224000 17.655001
331.000000 21.093258 0.224000 17.760000
331.000000 21.093258 0.224000 17.860001
331.000000 21.296595 0.224000 17.965000
331.000000 21.296595 0.224000 18.049999
331.125000 21.296595 0.224000 18.160000
331.125000 21.296595 0.201000 18.254999
331.125000 21.296595 0.201000 18.365000
331.125000 21.296595 0.201000 18.450001
331.125000 21.296595 0.201000 18.559999
331.125000 21.296595 0.201000 18.645000
331.125000 21.296595 0.201000 18.764999
331.250000 21.296595 0.201000 18.855000
331.250000 21.296595 0.201000 18.959999
331.250000 21.296595 0.201000 19.055000
331.250000 21.296595 0.201000 19.160000
331.250000 21.296595 0.188000 19.250000
331.250000 21.296595 0.188000 19.360001
331.375000 21.296595 0.188000 19.445000
331.375000 21.296595 0.188000 19.555000
331.375000 21.296595 0.188000 19.665001
331.500000 21.296595 0.188000 19.750000
331.500000 21.296595 0.188000 19.860001
331.500000 21.296595 0.188000 19.950001
331.500000 21.296595 0.188000 20.065001
331.500000 21.521603 0.188000 20.160000
331.500000 21.721687 0.183000 20.245001
331.500000 21.721687 0.183000 20.360001
331.625000 21.934753 0.183000 20.450001
331.625000 22.137199 0.183000 20.559999
331.625000 22.137199 0.183000 20.650000
332.000000 22.338787 0.183000 20.760000
332.000000 22.557051 0.183000 20.844999
332.250000 22.557051 0.183000 20.955000
332.250000 22.759079 0.183000 21.059999
332.500000 22.759079 0.183000 21.165001
332.625000 22.961037 0.217000 21.250000
332.750000 22.961037 0.217000 21.365000
332.750000 22.961037 0.217000 21.450001
332.750000 23.173338 0.217000 21.559999
332.875000 23.173338 0.217000 21.665001
333.125000 23.379913 0.217000 21.750000
333.125000 23.580914 0.217000 21.860001
333.750000 23.580914 0.217000 21.959999
333.875000 23.784363 0.217000 22.055000
334.125000 23.784363 0.217000 22.160000
334.125000 23.987795 0.217000 22.264999
334.125000 23.987795 0.274000 22.350000
334.125000 23.987795 0.274000 22.455000
334.625000 24.192179 0.274000 22.565001
334.625000 24.192179 0.274000 22.660000
334.875000 24.192179 0.274000 22.754999
335.000000 24.192179 0.274000 22.860001
335.500000 24.192179 0.274000 22.945000
335.625000 24.192179 0.274000 23.055000
335.750000 24.192179 0.274000 23.165001
335.875000 24.192179 0.274000 23.250000
336.000000 24.192179 0.289000 23.360001
336.000000 24.394033 0.289000 23.455000
336.125000 24.394033 0.289000 23.559999
336.375000 24.394033 0.289000 23.660000
336.500000 24.394033 0.289000 23.764999
336.500000 24.394033 0.289000 23.850000
336.500000 24.394033 0.289000 23.959999
336.500000 24.394033 0.289000 24.065001
336.500000 24.394033 0.289000 24.160000
336.625000 24.394033 0.289000 24.245001
336.625000 24.394033 0.277000 24.355000
336.750000 24.394033 0.277000 24.465000
336.875000 24.394033 0.277000 24.565001
336.875000 24.394033 0.277000 24.655001
337.125000 24.394033 0.277000 24.764999
337.125000 24.394033 0.277000 24.850000
337.125000 24.394033 0.277000 24.959999
337.250000 24.394033 0.277000 25.045000
337.375000 24.394033 0.277000 25.155001
337.625000 24.394033 0.277000 25.260000
337.625000 24.621309 0.271000 25.350000
337.750000 24.822582 0.271000 25.459999
337.750000 24.822582 0.271000 25.565001
337.750000 25.035290 0.271000 25.655001
337.750000 25.254948 0.271000 25.764999
337.875000 25.254948 0.271000 25.850000
338.125000 25.461668 0.271000 25.959999
338.625000 25.676983 0.271000 26.045000
339.625000 25.883661 0.271000 26.160000
341.250000 25.883661 0.271000 26.250000
342.625000 26.094055 0.276000 26.365000
343.000000 26.297234 0.276000 26.445000
343.750000 26.297234 0.276000 26.559999
344.000000 26.506872 0.276000 26.645000
345.000000 26.506872 0.276000 26.764999
345.500000 26.506872 0.276000 26.844999
346.500000 26.711309 0.276000 26.965000
347.125000 26.711309 0.276000 27.049999
347.500000 26.711309 0.276000 27.155001
347.500000 26.711309 0.276000 27.264999
347.875000 26.711309 0.281000 27.355000
348.000000 26.711309 0.281000 27.459999
348.625000 26.711309 0.281000 27.549999
348.750000 26.711309 0.281000 27.665001
348.875000 26.711309 0.281000 27.760000
348.875000 26.711309 0.281000 27.850000
349.125000 26.711309 0.281000 27.965000
349.500000 26.711309 0.281000 28.059999
349.625000 26.711309 0.281000 28.145000
349.625000 26.711309 0.281000 28.260000
349.625000 26.711309 0.287000 28.340000
349.750000 26.711309 0.287000 28.459999
349.875000 26.711309 0.287000 28.555000
349.875000 26.711309 0.287000 28.660000
350.000000 26.711309 0.287000 28.740000
350.625000 26.914162 0.287000 28.860001
351.125000 26.914162 0.287000 28.950001
351.625000 26.914162 0.287000 29.059999
352.000000 27.135649 0.287000 29.160000
353.000000 27.135649 0.287000 29.250000
354.750000 27.343758 0.265000 29.365000
355.750000 27.551800 0.265000 29.455000
357.000000 27.756426 0.265000 29.565001
358.125000 27.977123 0.265000 29.655001
358.375000 28.181082 0.265000 29.760000
358.875000 28.181082 0.265000 29.844999
359.125000 28.419382 0.265000 29.959999
359.500000 28.626915 0.265000 30.045000
360.000000 28.626915 0.265000 30.160000
360.000000 28.847889 0.265000 30.254999
360.375000 29.053574 0.264000 30.360001
360.750000 29.053574 0.264000 30.445000
361.375000 29.261387 0.264000 30.559999
361.500000 29.468538 0.264000 30.645000
362.125000 29.671982 0.264000 30.760000
362.625000 29.877567 0.264000 30.844999
363.625000 30.086592 0.264000 30.959999
363.625000 30.289028 0.264000 31.045000
364.000000 30.495174 0.264000 31.160000
364.875000 30.696035 0.264000 31.245001
365.375000 30.898964 0.255000 31.360001
366.125000 30.898964 0.255000 31.455000
367.250000 31.104448 0.255000 31.570000
368.500000 31.334057 0.255000 31.660000
369.125000 31.334057 0.255000 31.750000
370.125000 31.535997 0.255000 31.865000
370.625000 31.535997 0.255000 31.945000
371.000000 31.535997 0.255000 32.064999
371.875000 31.736660 0.255000 32.160000
372.250000 31.736660 0.194000 32.244999
372.500000 31.736660 0.194000 32.365002
372.625000 31.736660 0.194000 32.450001
372.750000 31.736660 0.194000 32.560001
372.875000 31.736660 0.194000 32.660000
373.125000 31.736660 0.194000 32.750000
373.125000 31.736660 0.194000 32.860001
373.125000 31.736660 0.194000 32.950001
373.250000 31.736660 0.194000 33.060001
373.375000 31.736660 0.194000 33.150002
373.625000 31.736660 0.185000 33.259998
373.625000 31.736660 0.185000 33.349998
373.625000 31.736660 0.185000 33.465000
373.750000 31.736660 0.185000 33.549999
373.875000 31.736660 0.185000 33.665001
373.875000 31.736660 0.185000 33.755001
374.000000 31.736660 0.185000 33.865002
374.250000 31.736660 0.185000 33.959999
374.250000 31.736660 0.185000 34.055000
374.375000 31.736660 0.185000 34.139999
374.375000 31.736660 0.194000 34.259998
374.500000 31.736660 0.194000 34.345001
374.625000 31.736660 0.194000 34.459999
374.750000 31.736660 0.194000 34.544998
375.000000 31.736660 0.194000 34.665001
375.125000 31.736660 0.194000 34.750000
375.250000 31.736660 0.194000 34.860001
375.500000 31.736660 0.194000 34.945000
375.625000 31.736660 0.194000 35.060001
375.625000 31.736660 0.194000 35.145000
375.750000 31.736660 0.179000 35.259998
375.875000 31.736660 0.179000 35.360001
376.000000 31.736660 0.179000 35.470001
376.125000 31.736660 0.179000 35.560001
376.750000 31.736660 0.179000 35.654999
376.875000 31.736660 0.179000 35.764999
377.000000 31.736660 0.179000 35.849998
377.000000 31.736660 0.179000 35.959999
377.250000 31.736660 0.179000 36.070000
377.500000 31.736660 0.179000 36.154999
377.750000 31.736660 0.187000 36.264999
378.000000 31.736660 0.187000 36.349998
378.125000 31.736660 0.187000 36.465000
378.250000 31.736660 0.187000 36.555000
378.250000 31.736660 0.187000 36.665001
378.375000 31.736660 0.187000 36.755001
378.375000 31.736660 0.187000 36.869999
378.625000 31.736660 0.187000 36.959999
378.875000 31.736660 0.187000 37.044998
379.000000 31.736660 0.187000 37.165001
379.000000 31.736660 0.181000 37.255001
379.000000 31.736660 0.181000 37.360001
379.125000 31.736660 0.181000 37.450001
379.625000 31.736660 0.181000 37.560001
379.625000 31.736660 0.181000 37.650002
379.625000 31.736660 0.181000 37.759998
379.625000 31.736660 0.181000 37.840000
379.875000 31.736660 0.181000 37.959999
380.250000 31.736660 0.181000 38.044998
380.375000 31.736660 0.181000 38.160000
380.375000 31.736660 0.193000 38.240002
380.750000 31.736660 0.193000 38.360001
380.750000 31.736660 0.193000 38.450001
380.875000 31.736660 0.193000 38.560001
380.875000 31.736660 0.193000 38.650002
381.125000 31.736660 0.193000 38.759998
381.125000 31.736660 0.193000 38.849998
381.250000 31.736660 0.193000 38.959999
381.375000 31.736660 0.193000 39.055000
381.875000 31.736660 0.193000 39.165001
382.000000 31.736660 0.190000 39.250000
382.000000 31.736660 0.190000 39.360001
382.125000 31.736660 0.190000 39.450001
382.250000 31.736660 0.190000 39.560001
382.375000 31.736660 0.190000 39.650002
382.375000 31.736660 0.190000 39.759998
382.375000 31.736660 0.190000 39.865002
382.375000 31.736660 0.190000 39.950001
382.500000 31.736660 0.190000 40.060001
382.625000 31.736660 0.190000 40.145000
382.625000 31.736660 0.184000 40.255001
382.875000 31.736660 0.184000 40.345001
382.875000 31.736660 0.184000 40.459999
383.000000 31.736660 0.184000 40.549999
383.000000 31.736660 0.184000 40.660000
383.250000 31.736660 0.184000 40.759998
383.625000 31.736660 0.184000 40.849998
383.625000 31.736660 0.184000 40.965000
383.625000 31.736660 0.184000 41.049999
383.625000 31.736660 0.184000 41.169998
383.625000 31.736660 0.188000 41.250000
383.625000 31.736660 0.188000 41.360001
383.625000 31.736660 0.188000 41.450001
383.625000 31.736660 0.188000 41.564999
383.625000 31.736660 0.188000 41.654999
383.625000 31.736660 0.188000 41.759998
384.000000 31.736660 0.188000 41.849998
385.000000 31.736660 0.188000 41.965000
385.000000 31.736660 0.188000 42.055000
385.250000 31.736660 0.188000 42.165001
385.250000 31.736660 0.184000 42.250000
385.250000 31.736660 0.184000 42.360001
385.375000 31.736660 0.184000 42.445000
385.375000 31.736660 0.184000 42.560001
385.375000 31.736660 0.184000 42.650002
385.375000 31.736660 0.184000 42.764999
385.375000 31.736660 0.184000 42.855000
385.375000 31.736660 0.184000 42.939999
385.375000 31.736660 0.184000 43.055000
385.375000 31.736660 0.184000 43.169998
385.375000 31.736660 0.194000 43.250000
385.375000 31.736660 0.194000 43.365002
385.375000 31.736660 0.194000 43.450001
385.375000 31.736660 0.194000 43.570000
385.375000 31.736660 0.194000 43.654999
385.375000 31.736660 0.194000 43.759998
385.375000 31.736660 0.194000 43.855000
385.375000 31.736660 0.194000 43.935001
385.375000 31.736660 0.194000 44.060001
385.375000 31.736660 0.194000 44.145000
385.375000 31.736660 0.184000 44.264999
385.375000 31.736660 0.184000 44.365002
385.375000 31.736660 0.184000 44.465000
385.375000 31.736660 0.184000 44.540001
385.500000 31.736660 0.184000 44.654999
385.500000 31.736660 0.184000 44.750000
385.500000 31.736660 0.184000 44.845001
385.500000 31.736660 0.184000 44.950001
385.625000 31.736660 0.184000 45.060001
385.750000 31.736660 0.184000 45.145000
385.750000 31.736660 0.189000 45.259998
385.750000 31.736660 0.189000 45.349998
385.750000 31.736660 0.189000 45.465000
385.750000 31.736660 0.189000 45.560001
385.750000 31.736660 0.189000 45.645000
385.750000 31.736660 0.189000 45.764999
385.750000 31.736660 0.189000 45.860001
385.750000 31.736660 0.189000 45.945000
385.750000 31.736660 0.189000 46.060001
385.750000 31.736660 0.189000 46.150002
385.750000 31.736660 0.181000 46.264999
385.750000 31.736660 0.181000 46.349998
385.750000 31.736660 0.181000 46.435001
385.750000 31.736660 0.181000 46.549999
385.750000 31.736660 0.181000 46.665001
385.750000 31.736660 0.181000 46.759998
385.750000 31.736660 0.181000 46.855000
385.875000 31.736660 0.181000 46.965000
385.875000 31.736660 0.181000 47.044998
385.875000 31.736660 0.181000 47.165001
385.875000 31.736660 0.184000 47.250000
385.875000 31.736660 0.184000 47.369999
385.875000 31.736660 0.184000 47.465000
385.875000 31.736660 0.184000 47.560001
385.875000 31.736660 0.184000 47.650002
385.875000 31.736660 0.184000 47.764999
385.875000 31.736660 0.184000 47.849998
385.875000 31.736660 0.184000 47.959999
385.875000 31.736660 0.184000 48.049999
385.875000 31.736660 0.184000 48.160000
386.000000 31.736660 0.181000 48.250000
386.000000 31.736660 0.181000 48.365002
386.000000 31.736660 0.181000 48.465000
386.000000 31.736660 0.181000 48.549999
386.125000 31.736660 0.181000 48.660000
386.250000 31.736660 0.181000 48.744999
386.250000 31.736660 0.181000 48.860001
386.250000 31.736660 0.181000 48.945000
386.250000 31.736660 0.181000 49.064999
386.250000 31.736660 0.181000 49.145000
386.250000 31.736660 0.183000 49.255001
386.250000 31.736660 0.183000 49.340000
386.250000 31.736660 0.183000 49.459999
386.250000 31.736660 0.183000 49.544998
386.250000 31.736660 0.183000 49.665001
386.250000 31.736660 0.183000 49.755001
386.250000 31.736660 0.183000 49.865002
386.250000 31.736660 0.183000 49.955002
386.250000 31.736660 0.183000 50.060001
386.250000 31.736660 0.183000 50.150002
386.250000 31.736660 0.202000 50.235001
386.250000 31.736660 0.202000 50.355000
386.250000 31.736660 0.202000 50.459999
386.375000 31.736660 0.202000 50.549999
386.375000 31.736660 0.202000 50.660000
386.375000 31.736660 0.202000 50.744999
386.375000 31.736660 0.202000 50.860001
386.500000 31.736660 0.202000 50.950001
386.500000 31.736660 0.202000 51.064999
386.500000 31.736660 0.202000 51.150002
386.500000 31.736660 0.192000 51.264999
386.500000 31.736660 0.192000 51.349998
386.500000 31.736660 0.192000 51.459999
386.625000 31.736660 0.192000 51.555000
386.625000 31.736660 0.192000 51.660000
386.625000 31.736660 0.192000 51.750000
386.625000 31.736660 0.192000 51.860001
386.625000 31.736660 0.192000 51.965000
386.625000 31.736660 0.192000 52.049999
386.625000 31.736660 0.192000 52.165001
386.625000 31.736660 0.188000 52.255001
386.625000 31.736660 0.188000 52.360001
386.625000 31.736660 0.188000 52.450001
386.625000 31.736660 0.188000 52.560001
386.625000 31.736660 0.188000 52.645000
386.625000 31.736660 0.188000 52.759998
386.625000 31.736660 0.188000 52.840000
386.625000 31.736660 0.188000 52.959999
386.625000 31.736660 0.188000 53.040001
386.625000 31.736660 0.188000 53.154999
386.625000 31.736660 0.196000 53.235001
386.625000 31.736660 0.196000 53.355000
386.625000 31.736660 0.196000 53.435001
386.625000 31.736660 0.196000 53.560001
386.625000 31.736660 0.196000 53.645000
386.625000 31.736660 0.196000 53.764999
386.625000 31.736660 0.196000 53.849998
386.625000 31.736660 0.196000 53.959999
386.625000 31.736660 0.196000 54.049999
386.625000 31.736660 0.196000 54.160000
386.625000 31.736660 0.189000 54.250000
386.625000 31.736660 0.189000 54.365002
386.625000 31.736660 0.189000 54.450001
386.625000 31.736660 0.189000 54.564999
386.625000 31.736660 0.189000 54.660000
386.625000 31.736660 0.189000 54.740002
386.625000 31.736660 0.189000 54.860001
386.625000 31.736660 0.189000 54.945000
386.625000 31.736660 0.189000 55.055000
386.625000 31.736660 0.189000 55.134998
386.625000 31.736660 0.191000 55.250000
386.625000 31.736660 0.191000 55.360001
386.625000 31.736660 0.191000 55.450001
386.625000 31.736660 0.191000 55.560001
386.625000 31.736660 0.191000 55.650002
386.625000 31.736660 0.191000 55.759998
386.625000 31.736660 0.191000 55.845001
386.625000 31.736660 0.191000 55.959999
386.625000 31.736660 0.191000 56.044998
386.625000 31.736660 0.191000 56.165001
386.625000 31.736660 0.191000 56.244999
386.625000 31.736660 0.191000 56.360001
386.625000 31.736660 0.191000 56.445000
386.625000 31.736660 0.191000 56.560001
386.625000 31.736660 0.191000 56.645000
386.625000 31.736660 0.191000 56.759998
386.625000 31.736660 0.191000 56.849998
386.625000 31.736660 0.191000 56.959999
386.625000 31.736660 0.191000 57.049999
386.625000 31.736660 0.191000 57.160000
386.625000 31.736660 0.194000 57.240002
386.625000 31.736660 0.194000 57.360001
386.625000 31.736660 0.194000 57.445000
386.625000 31.736660 0.194000 57.560001
386.625000 31.736660 0.194000 57.650002
386.625000 31.736660 0.194000 57.759998
386.625000 31.736660 0.194000 57.855000
386.625000 31.736660 0.194000 57.965000
386.625000 31.736660 0.194000 58.044998
386.625000 31.736660 0.194000 58.160000
386.625000 31.736660 0.204000 58.255001
386.625000 31.736660 0.204000 58.340000
386.625000 31.736660 0.204000 58.455002
386.625000 31.736660 0.204000 58.570000
386.625000 31.736660 0.204000 58.660000
386.625000 31.736660 0.204000 58.750000
386.625000 31.736660 0.204000 58.860001
386.625000 31.736660 0.204000 58.950001
386.625000 31.736660 0.204000 59.064999
386.625000 31.736660 0.204000 59.154999
386.625000 31.736660 0.193000 59.259998
386.625000 31.736660 0.193000 59.349998
386.625000 31.736660 0.193000 59.459999
386.625000 31.736660 0.193000 59.555000
386.625000 31.736660 0.193000 59.634998
386.625000 31.736660 0.193000 59.755001
386.625000 31.736660 0.193000 59.869999
386.625000 31.736660 0.193000 59.950001
386.625000 31.736660 0.193000 60.070000
386.625000 31.736660 0.193000 60.160000
386.625000 31.736660 0.191000 60.250000
386.625000 31.736660 0.191000 60.365002
386.625000 31.736660 0.191000 60.450001
386.625000 31.736660 0.191000 60.570000
386.625000 31.736660 0.191000 60.654999
386.625000 31.736660 0.191000 60.764999
386.625000 31.736660 0.191000 60.849998
386.625000 31.736660 0.191000 60.965000
386.625000 31.736660 0.191000 61.049999
386.625000 31.736660 0.191000 61.165001
386.625000 31.736660 0.186000 61.255001
386.625000 31.736660 0.186000 61.334999
386.625000 31.736660 0.186000 61.455002
386.625000 31.736660 0.186000 61.560001
386.625000 31.736660 0.186000 61.669998
386.625000 31.736660 0.186000 61.755001
386.625000 31.736660 0.186000 61.860001
386.625000 31.736660 0.186000 61.945000
386.625000 31.736660 0.186000 62.064999
386.625000 31.736660 0.186000 62.150002
386.625000 31.736660 0.199000 62.259998
386.625000 31.736660 0.199000 62.360001
386.625000 31.736660 0.199000 62.445000
386.625000 31.736660 0.199000 62.560001
386.625000 31.736660 0.199000 62.645000
386.625000 31.736660 0.199000 62.764999
386.625000 31.736660 0.199000 62.845001
386.625000 31.736660 0.199000 62.959999
386.625000 31.736660 0.199000 63.049999
386.625000 31.736660 0.199000 63.160000
386.625000 31.736660 0.189000 63.255001
386.625000 31.736660 0.189000 63.360001
386.625000 31.736660 0.189000 63.450001
386.625000 31.736660 0.189000 63.560001
386.625000 31.736660 0.189000 63.645000
386.625000 31.736660 0.189000 63.759998
386.625000 31.736660 0.189000 63.840000
386.625000 31.736660 0.189000 63.965000
386.625000 31.736660 0.189000 64.044998
386.625000 31.736660 0.189000 64.165001
386.625000 31.736660 0.195000 64.250000
386.625000 31.736660 0.195000 64.364998
386.625000 31.736660 0.195000 64.449997
386.625000 31.736660 0.195000 64.565002
386.625000 31.736660 0.195000 64.650002
386.625000 31.736660 0.195000 64.764999
386.625000 31.736660 0.195000 64.849998
386.625000 31.736660 0.195000 64.964996
386.625000 31.736660 0.195000 65.050003
386.625000 31.736660 0.195000 65.165001
386.625000 31.736660 0.180000 65.250000
386.625000 31.736660 0.180000 65.364998
386.625000 31.736660 0.180000 65.449997
386.625000 31.736660 0.180000 65.559998
386.625000 31.736660 0.180000 65.644997
386.625000 31.736660 0.180000 65.754997
386.625000 31.736660 0.180000 65.860001
386.625000 31.736660 0.180000 65.949997
386.625000 31.736660 0.180000 66.059998
386.625000 31.736660 0.180000 66.150002
386.625000 31.736660 0.193000 66.264999
386.625000 31.736660 0.193000 66.349998
386.625000 31.736660 0.193000 66.464996
386.625000 31.736660 0.193000 66.550003
386.625000 31.736660 0.193000 66.665001
386.625000 31.736660 0.193000 66.750000
386.625000 31.736660 0.193000 66.860001
386.625000 31.736660 0.193000 66.945000
386.750000 31.736660 0.193000 67.059998
386.750000 31.736660 0.193000 67.144997
386.750000 31.736660 0.191000 67.264999
386.750000 31.736660 0.191000 67.345001
386.750000 31.736660 0.191000 67.430000
386.750000 31.736660 0.191000 67.550003
386.750000 31.736660 0.191000 67.665001
386.750000 31.736660 0.191000 67.750000
386.750000 31.736660 0.191000 67.860001
386.750000 31.736660 0.191000 67.949997
386.750000 31.736660 0.191000 68.059998
386.750000 31.736660 0.191000 68.150002
386.875000 31.736660 0.192000 68.264999
386.875000 31.736660 0.192000 68.349998
386.875000 31.736660 0.192000 68.470001
386.875000 31.736660 0.192000 68.559998
386.875000 31.736660 0.192000 68.644997
386.875000 31.736660 0.192000 68.760002
386.875000 31.736660 0.192000 68.849998
386.875000 31.736660 0.192000 68.964996
386.875000 31.736660 0.192000 69.050003
386.875000 31.736660 0.192000 69.135002
386.875000 31.736660 0.187000 69.260002
386.875000 31.736660 0.187000 69.349998
386.875000 31.736660 0.187000 69.459999
386.875000 31.736660 0.187000 69.544998
386.875000 31.736660 0.187000 69.665001
386.875000 31.736660 0.187000 69.750000
386.875000 31.736660 0.187000 69.864998
386.875000 31.736660 0.187000 69.955002
386.875000 31.736660 0.187000 70.044998
386.875000 31.736660 0.187000 70.165001
386.875000 31.736660 0.190000 70.254997
386.875000 31.736660 0.190000 70.364998
386.875000 31.736660 0.190000 70.449997
386.875000 31.736660 0.190000 70.565002
386.875000 31.736660 0.190000 70.650002
386.875000 31.736660 0.190000 70.760002
386.875000 31.736660 0.190000 70.849998
386.875000 31.736660 0.190000 70.959999
386.875000 31.736660 0.190000 71.050003
386.875000 31.736660 0.190000 71.154999
386.875000 31.736660 0.193000 71.250000
386.875000 31.736660 0.193000 71.364998
386.875000 31.736660 0.193000 71.449997
386.875000 31.736660 0.193000 71.535004
386.875000 31.736660 0.193000 71.660004
386.875000 31.736660 0.193000 71.745003
386.875000 31.736660 0.193000 71.860001
386.875000 31.736660 0.193000 71.940002
386.875000 31.736660 0.193000 72.055000
386.875000 31.736660 0.193000 72.165001
386.875000 31.736660 0.194000 72.254997
386.875000 31.736660 0.194000 72.360001
386.875000 31.736660 0.194000 72.455002
386.875000 31.736660 0.194000 72.565002
386.875000 31.736660 0.194000 72.650002
386.875000 31.736660 0.194000 72.760002
386.875000 31.736660 0.194000 72.849998
386.875000 31.736660 0.194000 72.945000
386.875000 31.736660 0.194000 73.050003
386.875000 31.736660 0.194000 73.139999
386.875000 31.736660 0.182000 73.250000
386.875000 31.736660 0.182000 73.334999
386.875000 31.736660 0.182000 73.464996
386.875000 31.736660 0.182000 73.559998
386.875000 31.736660 0.182000 73.644997
386.875000 31.736660 0.182000 73.760002
386.875000 31.736660 0.182000 73.845001
386.875000 31.736660 0.182000 73.959999
386.875000 31.736660 0.182000 74.040001
386.875000 31.736660 0.182000 74.154999
386.875000 31.736660 0.188000 74.260002
386.875000 31.736660 0.188000 74.360001
386.875000 31.736660 0.188000 74.440002
386.875000 31.736660 0.188000 74.555000
386.875000 31.736660 0.188000 74.639999
386.875000 31.736660 0.188000 74.760002
386.875000 31.736660 0.188000 74.845001
386.875000 31.736660 0.188000 74.959999
386.875000 31.736660 0.188000 75.044998
386.875000 31.736660 0.188000 75.165001
386.875000 31.736660 0.211000 75.250000
386.875000 31.736660 0.211000 75.364998
386.875000 31.736660 0.211000 75.459999
386.875000 31.736660 0.211000 75.550003
386.875000 31.736660 0.211000 75.635002
386.875000 31.736660 0.211000 75.750000
386.875000 31.736660 0.211000 75.860001
386.875000 31.736660 0.211000 75.955002
386.875000 31.736660 0.211000 76.040001
386.875000 31.736660 0.211000 76.154999
386.875000 31.736660 0.187000 76.239998
386.875000 31.736660 0.187000 76.355003
386.875000 31.736660 0.187000 76.464996
386.875000 31.736660 0.187000 76.559998
386.875000 31.736660 0.187000 76.650002
386.875000 31.736660 0.187000 76.760002
386.875000 31.736660 0.187000 76.855003
386.875000 31.736660 0.187000 76.964996
386.875000 31.736660 0.187000 77.050003
386.875000 31.736660 0.187000 77.160004
386.875000 31.736660 0.190000 77.245003
387.000000 31.736660 0.190000 77.364998
387.000000 31.736660 0.190000 77.449997
387.000000 31.736660 0.190000 77.565002
387.000000 31.736660 0.190000 77.654999
387.000000 31.736660 0.190000 77.764999
387.000000 31.736660 0.190000 77.864998
387.000000 31.736660 0.190000 77.955002
387.000000 31.736660 0.190000 78.035004
387.000000 31.736660 0.190000 78.160004
387.000000 31.736660 0.196000 78.245003
387.000000 31.736660 0.196000 78.364998
387.000000 31.736660 0.196000 78.449997
387.000000 31.736660 0.196000 78.559998
387.000000 31.736660 0.196000 78.650002
387.000000 31.736660 0.196000 78.754997
387.000000 31.736660 0.196000 78.845001
387.000000 31.736660 0.196000 78.959999
387.000000 31.736660 0.196000 79.044998
387.000000 31.736660 0.196000 79.160004
387.000000 31.736660 0.191000 79.250000
387.000000 31.736660 0.191000 79.364998
387.000000 31.736660 0.191000 79.449997
387.000000 31.736660 0.191000 79.535004
387.000000 31.736660 0.191000 79.661003
387.000000 31.736660 0.191000 79.745003
387.000000 31.736660 0.191000 79.860001
387.000000 31.736660 0.191000 79.955002
387.000000 31.736660 0.191000 80.065002
387.000000 31.736660 0.191000 80.150002
387.000000 31.736660 0.187000 80.264999
387.000000 31.736660 0.187000 80.349998
387.000000 31.736660 0.187000 80.459999
387.000000 31.736660 0.187000 80.555000
387.000000 31.736660 0.187000 80.665001
387.000000 31.736660 0.187000 80.754997
387.000000 31.736660 0.187000 80.864998
387.000000 31.736660 0.187000 80.949997
387.000000 31.736660 0.187000 81.065002
387.000000 31.736660 0.187000 81.160004
387.000000 31.736660 0.187000 81.245003
387.000000 31.736660 0.187000 81.360001
387.000000 31.736660 0.187000 81.449997
387.000000 31.736660 0.187000 81.550003
387.000000 31.736660 0.187000 81.635002
387.000000 31.736660 0.187000 81.745003
387.000000 31.736660 0.187000 81.864998
387.000000 31.736660 0.187000 81.949997
387.000000 31.736660 0.187000 82.070000
387.000000 31.736660 0.187000 82.150002
387.000000 31.736660 0.185000 82.230003
387.000000 31.736660 0.185000 82.360001
387.000000 31.736660 0.185000 82.445000
387.000000 31.736660 0.185000 82.559998
387.000000 31.736660 0.185000 82.644997
387.000000 31.736660 0.185000 82.760002
387.000000 31.736660 0.185000 82.845001
387.000000 31.736660 0.185000 82.959999
387.000000 31.736660 0.185000 83.044998
387.000000 31.736660 0.185000 83.160004
387.000000 31.736660 0.187000 83.250000
387.000000 31.736660 0.187000 83.360001
387.000000 31.736660 0.187000 83.455002
387.000000 31.736660 0.187000 83.540001
387.000000 31.736660 0.187000 83.665001
387.000000 31.736660 0.187000 83.754997
387.000000 31.736660 0.187000 83.860001
387.000000 31.736660 0.187000 83.949997
387.000000 31.736660 0.187000 84.065002
387.000000 31.736660 0.187000 84.150002
387.000000 31.736660 0.180000 84.264999
387.000000 31.736660 0.180000 84.349998
387.250000 31.736660 0.180000 84.459999
387.250000 31.736660 0.180000 84.550003
387.250000 31.736660 0.180000 84.660004
387.250000 31.736660 0.180000 84.750000
387.375000 31.736660 0.180000 84.864998
387.375000 31.736660 0.180000 84.955002
387.375000 31.736660 0.180000 85.059998
387.375000 31.736660 0.180000 85.150002
387.375000 31.736660 0.187000 85.264999
387.375000 31.736660 0.187000 85.349998
387.375000 31.736660 0.187000 85.459999
387.375000 31.736660 0.187000 85.544998
387.375000 31.736660 0.187000 85.665001
387.375000 31.736660 0.187000 85.750000
387.375000 31.736660 0.187000 85.860001
387.375000 31.736660 0.187000 85.949997
387.375000 31.736660 0.187000 86.065002
387.375000 31.736660 0.187000 86.160004
387.375000 31.736660 0.186000 86.245003
387.375000 31.736660 0.186000 86.364998
387.375000 31.736660 0.186000 86.449997
387.375000 31.736660 0.186000 86.559998
387.375000 31.736660 0.186000 86.644997
387.375000 31.736660 0.186000 86.764999
387.375000 31.736660 0.186000 86.860001
387.375000 31.736660 0.186000 86.945000
387.375000 31.736660 0.186000 87.065002
387.375000 31.736660 0.186000 87.154999
387.375000 31.736660 0.189000 87.235001
387.375000 31.736660 0.189000 87.360001
387.375000 31.736660 0.189000 87.449997
387.375000 31.736660 0.189000 87.535004
387.375000 31.736660 0.189000 87.660004
387.375000 31.736660 0.189000 87.730003
387.375000 31.736660 0.189000 87.855003
387.375000 31.736660 0.189000 87.934998
387.375000 31.736660 0.189000 88.050003
387.375000 31.736660 0.189000 88.165001
387.375000 31.736660 0.198000 88.254997
387.375000 31.736660 0.198000 88.364998
387.375000 31.736660 0.198000 88.449997
387.375000 31.736660 0.198000 88.559998
387.375000 31.736660 0.198000 88.650002
387.375000 31.736660 0.198000 88.760002
387.375000 31.736660 0.198000 88.845001
387.375000 31.736660 0.198000 88.955002
387.375000 31.736660 0.198000 89.050003
387.375000 31.736660 0.198000 89.165001
387.375000 31.736660 0.187000 89.245003
387.375000 31.736660 0.187000 89.364998
387.375000 31.736660 0.187000 89.449997
387.375000 31.736660 0.187000 89.565002
387.375000 31.736660 0.187000 89.654999
387.375000 31.736660 0.187000 89.730003
387.375000 31.736660 0.187000 89.849998
387.375000 31.736660 0.187000 89.959999
387.375000 31.736660 0.187000 90.040001
387.375000 31.736660 0.187000 90.160004
387.375000 31.736660 0.197000 90.254997
387.375000 31.736660 0.197000 90.360001
387.375000 31.736660 0.197000 90.449997
387.375000 31.736660 0.197000 90.559998
387.375000 31.736660 0.197000 90.644997
387.375000 31.736660 0.197000 90.754997
387.375000 31.736660 0.197000 90.839996
387.375000 31.736660 0.197000 90.959999
387.375000 31.736660 0.197000 91.044998
387.375000 31.736660 0.197000 91.160004
387.375000 31.736660 0.216000 91.245003
387.375000 31.736660 0.216000 91.360001
387.375000 31.736660 0.216000 91.445000
387.375000 31.736660 0.216000 91.559998
387.375000 31.736660 0.216000 91.660004
387.375000 31.736660 0.216000 91.750000
387.375000 31.736660 0.216000 91.870003
387.375000 31.736660 0.216000 91.949997
387.375000 31.736660 0.216000 92.055000
387.375000 31.736660 0.216000 92.160004
387.375000 31.736660 0.183000 92.250000
387.375000 31.736660 0.183000 92.370003
387.375000 31.736660 0.183000 92.449997
387.375000 31.736660 0.183000 92.540001
387.375000 31.736660 0.183000 92.654999
387.375000 31.736660 0.183000 92.739998
387.375000 31.736660 0.183000 92.855003
387.375000 31.736660 0.183000 92.940002
387.375000 31.736660 0.183000 93.059998
387.375000 31.736660 0.183000 93.144997
387.375000 31.736660 0.185000 93.260002
387.375000 31.736660 0.185000 93.345001
387.375000 31.736660 0.185000 93.464996
387.375000 31.736660 0.185000 93.555000
387.375000 31.736660 0.185000 93.669998
387.375000 31.736660 0.185000 93.754997
387.375000 31.736660 0.185000 93.834999
387.375000 31.736660 0.185000 93.955002
387.375000 31.736660 0.185000 94.035004
387.500000 31.736660 0.185000 94.160004
387.500000 31.736660 0.195000 94.250000
387.500000 31.736660 0.195000 94.360001
387.500000 31.736660 0.195000 94.455002
387.500000 31.736660 0.195000 94.544998
387.500000 31.736660 0.195000 94.665001
387.500000 31.736660 0.195000 94.745003
387.500000 31.736660 0.195000 94.860001
387.500000 31.736660 0.195000 94.949997
387.500000 31.736660 0.195000 95.065002
387.500000 31.736660 0.195000 95.150002
387.500000 31.736660 0.183000 95.260002
387.500000 31.736660 0.183000 95.360001
387.500000 31.736660 0.183000 95.449997
387.500000 31.736660 0.183000 95.559998
387.500000 31.736660 0.183000 95.650002
387.500000 31.736660 0.183000 95.735001
387.500000 31.736660 0.183000 95.855003
387.500000 31.736660 0.183000 95.959999
387.500000 31.736660 0.183000 96.050003
387.500000 31.736660 0.183000 96.165001
387.625000 31.736660 0.187000 96.250000
387.625000 31.736660 0.187000 96.360001
387.625000 31.736660 0.187000 96.449997
387.625000 31.736660 0.187000 96.565002
387.625000 31.736660 0.187000 96.644997
387.625000 31.736660 0.187000 96.760002
387.625000 31.736660 0.187000 96.845001
387.625000 31.736660 0.187000 96.964996
387.625000 31.736660 0.187000 97.070000
387.625000 31.736660 0.187000 97.154999
387.625000 31.736660 0.190000 97.269997
387.625000 31.736660 0.190000 97.355003
387.625000 31.736660 0.190000 97.459999
387.625000 31.736660 0.190000 97.550003
387.625000 31.736660 0.190000 97.660004
387.625000 31.736660 0.190000 97.750000
387.625000 31.736660 0.190000 97.860001
387.625000 31.736660 0.190000 97.949997
387.625000 31.736660 0.190000 98.065002
387.625000 31.736660 0.190000 98.154999
387.625000 31.736660 0.184000 98.269997
387.625000 31.736660 0.184000 98.349998
387.625000 31.736660 0.184000 98.470001
387.625000 31.736660 0.184000 98.550003
387.625000 31.736660 0.184000 98.629997
387.625000 31.736660 0.184000 98.760002
387.625000 31.736660 0.184000 98.845001
387.625000 31.736660 0.184000 98.959999
387.625000 31.736660 0.184000 99.050003
387.625000 31.736660 0.184000 99.160004
387.625000 31.736660 0.184000 99.245003
387.625000 31.736660 0.184000 99.364998
387.625000 31.736660 0.184000 99.459999
387.625000 31.736660 0.184000 99.550003
387.625000 31.736660 0.184000 99.669998
387.625000 31.736660 0.184000 99.750000
387.625000 31.736660 0.184000 99.860001
387.625000 31.736660 0.184000 99.945000
387.625000 31.736660 0.184000 100.059998
387.625000 31.736660 0.184000 100.150002
387.625000 31.736660 0.202000 100.260002
387.625000 31.736660 0.202000 100.345001
387.625000 31.736660 0.202000 100.459999
387.625000 31.736660 0.202000 100.555000
387.625000 31.736660 0.202000 100.660004
387.625000 31.736660 0.202000 100.750000
387.625000 31.736660 0.202000 100.860001
387.625000 31.736660 0.202000 100.949997
387.625000 31.736660 0.202000 101.059998
387.625000 31.736660 0.202000 101.150002
387.625000 31.736660 0.180000 101.264999
387.625000 31.736660 0.180000 101.349998
387.625000 31.736660 0.180000 101.464996
387.625000 31.736660 0.180000 101.550003
387.625000 31.736660 0.180000 101.650002
387.625000 31.736660 0.180000 101.739998
387.625000 31.736660 0.180000 101.855003
387.625000 31.736660 0.180000 101.959999
387.625000 31.736660 0.180000 102.059998
387.625000 31.736660 0.180000 102.144997
387.625000 31.736660 0.180000 102.260002
387.625000 31.736660 0.180000 102.345001
387.625000 31.736660 0.180000 102.459999
387.625000 31.736660 0.180000 102.550003
387.625000 31.736660 0.180000 102.665001
387.625000 31.736660 0.180000 102.750000
387.625000 31.736660 0.180000 102.860001
387.625000 31.736660 0.180000 102.949997
387.625000 31.736660 0.180000 103.059998
387.625000 31.736660 0.180000 103.150002
387.625000 31.736660 0.185000 103.260002
387.625000 31.736660 0.185000 103.355003
387.625000 31.736660 0.185000 103.434998
387.625000 31.736660 0.185000 103.550003
387.625000 31.736660 0.185000 103.629997
387.625000 31.736660 0.185000 103.760002
387.625000 31.736660 0.185000 103.845001
387.625000 31.736660 0.185000 103.964996
387.625000 31.736660 0.185000 104.055000
387.625000 31.736660 0.185000 104.160004
387.625000 31.736660 0.190000 104.245003
387.625000 31.736660 0.190000 104.364998
387.625000 31.736660 0.190000 104.459999
387.625000 31.736660 0.190000 104.550003
387.625000 31.736660 0.190000 104.660004
387.625000 31.736660 0.190000 104.745003
387.625000 31.736660 0.190000 104.860001
387.625000 31.736660 0.190000 104.955002
387.625000 31.736660 0.190000 105.059998
387.625000 31.736660 0.190000 105.150002
387.625000 31.736660 0.187000 105.235001
387.625000 31.736660 0.187000 105.355003
387.625000 31.736660 0.187000 105.464996
387.625000 31.736660 0.187000 105.550003
387.625000 31.736660 0.187000 105.660004
387.625000 31.736660 0.187000 105.750000
387.625000 31.736660 0.187000 105.860001
387.625000 31.736660 0.187000 105.955002
387.625000 31.736660 0.187000 106.044998
387.625000 31.736660 0.187000 106.160004
387.625000 31.736660 0.189000 106.254997
387.625000 31.736660 0.189000 106.360001
387.625000 31.736660 0.189000 106.449997
387.625000 31.736660 0.189000 106.559998
387.625000 31.736660 0.189000 106.644997
387.625000 31.736660 0.189000 106.760002
387.625000 31.736660 0.189000 106.845001
387.625000 31.736660 0.189000 106.959999
387.625000 31.736660 0.189000 107.059998
387.625000 31.736660 0.189000 107.144997
387.625000 31.736660 0.193000 107.260002
387.625000 31.736660 0.193000 107.349998
387.625000 31.736660 0.193000 107.459999
387.625000 31.736660 0.193000 107.544998
387.625000 31.736660 0.193000 107.660004
387.625000 31.736660 0.193000 107.769997
387.625000 31.736660 0.193000 107.849998
387.625000 31.736660 0.193000 107.964996
387.625000 31.736660 0.193000 108.065002
387.625000 31.736660 0.193000 108.160004
387.625000 31.736660 0.190000 108.264999
387.625000 31.736660 0.190000 108.360001
387.625000 31.736660 0.190000 108.449997
387.625000 31.736660 0.190000 108.550003
387.625000 31.736660 0.190000 108.654999
387.625000 31.736660 0.190000 108.739998
387.625000 31.736660 0.190000 108.860001
387.625000 31.736660 0.190000 108.949997
387.625000 31.736660 0.190000 109.059998
387.625000 31.736660 0.190000 109.150002
387.625000 31.736660 0.197000 109.264999
387.625000 31.736660 0.197000 109.355003
387.625000 31.736660 0.197000 109.459999
387.625000 31.736660 0.197000 109.550003
387.625000 31.736660 0.197000 109.654999
387.625000 31.736660 0.197000 109.750000
387.625000 31.736660 0.197000 109.864998
387.625000 31.736660 0.197000 109.949997
387.625000 31.736660 0.197000 110.070000
387.625000 31.736660 0.197000 110.160004
387.625000 31.736660 0.194000 110.250000
387.625000 31.736660 0.194000 110.360001
387.625000 31.736660 0.194000 110.445000
387.625000 31.736660 0.194000 110.565002
387.625000 31.736660 0.194000 110.650002
387.625000 31.736660 0.194000 110.760002
387.625000 31.736660 0.194000 110.860001
387.625000 31.736660 0.194000 110.949997
387.625000 31.736660 0.194000 111.059998
387.625000 31.736660 0.194000 111.154999
387.625000 31.736660 0.194000 111.260002
387.625000 31.736660 0.194000 111.345001
387.625000 31.736660 0.194000 111.459999
387.625000 31.736660 0.194000 111.540001
387.625000 31.736660 0.194000 111.660004
387.750000 31.736660 0.194000 111.750000
387.750000 31.736660 0.194000 111.864998
387.750000 31.736660 0.194000 111.955002
387.750000 31.736660 0.194000 112.065002
387.750000 31.736660 0.194000 112.160004
387.750000 31.736660 0.194000 112.245003
387.750000 31.736660 0.194000 112.360001
387.750000 31.736660 0.194000 112.449997
387.750000 31.736660 0.194000 112.529999
387.750000 31.736660 0.194000 112.654999
387.750000 31.736660 0.194000 112.735001
387.750000 31.736660 0.194000 112.849998
387.750000 31.736660 0.194000 112.964996
387.750000 31.736660 0.194000 113.050003
387.750000 31.736660 0.194000 113.160004
387.750000 31.736660 0.194000 113.250000
387.875000 31.736660 0.194000 113.364998
387.875000 31.736660 0.194000 113.445000
387.875000 31.736660 0.194000 113.565002
387.875000 31.736660 0.194000 113.650002
387.875000 31.736660 0.194000 113.760002
387.875000 31.736660 0.194000 113.849998
387.875000 31.736660 0.194000 113.930000
387.875000 31.736660 0.194000 114.050003
387.875000 31.736660 0.194000 114.169998
387.875000 31.736660 0.194000 114.260002
387.875000 31.736660 0.194000 114.349998
387.875000 31.736660 0.194000 114.464996
387.875000 31.736660 0.194000 114.555000
387.875000 31.736660 0.194000 114.665001
387.875000 31.736660 0.194000 114.760002
387.875000 31.736660 0.194000 114.849998
387.875000 31.736660 0.194000 114.959999
387.875000 31.736660 0.194000 115.055000
387.875000 31.736660 0.194000 115.165001
387.875000 31.736660 0.194000 115.254997
387.875000 31.736660 0.194000 115.360001
387.875000 31.736660 0.194000 115.449997
