88.125000 0.000000 0.247000 0.080000
107.750000 0.000000 0.247000 0.180000
119.500000 0.203918 0.247000 0.270000
127.625000 0.404355 0.247000 0.380000
133.625000 0.610542 0.247000 0.475000
139.750000 0.610542 0.247000 0.570000
144.875000 0.827105 0.247000 0.680000
149.000000 1.036893 0.247000 0.780000
154.250000 1.036893 0.247000 0.875000
158.625000 1.262345 0.247000 0.970000
163.875000 1.466556 0.272000 1.080000
169.000000 1.466556 0.272000 1.170000
173.125000 1.671849 0.272000 1.275000
177.125000 1.872355 0.272000 1.365000
180.625000 2.094305 0.272000 1.475000
184.500000 2.295633 0.272000 1.570000
190.500000 2.501830 0.272000 1.680000
196.875000 2.501830 0.272000 1.770000
201.375000 2.703519 0.272000 1.880000
205.750000 2.930019 0.272000 1.965000
212.375000 3.136749 0.272000 2.080000
214.750000 3.340537 0.291000 2.165000
218.250000 3.340537 0.291000 2.275000
221.500000 3.547435 0.291000 2.360000
224.625000 3.768904 0.291000 2.465000
226.250000 3.970857 0.291000 2.580000
229.000000 3.970857 0.291000 2.680000
231.000000 4.173507 0.291000 2.765000
233.375000 4.375455 0.291000 2.875000
235.000000 4.375455 0.291000 2.960000
236.875000 4.577281 0.240000 3.070000
239.500000 4.785568 0.240000 3.170000
240.875000 4.988152 0.240000 3.260000
241.875000 4.988152 0.240000 3.380000
243.250000 5.198427 0.240000 3.465000
245.375000 5.400925 0.240000 3.580000
247.125000 5.400925 0.240000 3.660000
247.875000 5.603720 0.240000 3.780000
249.750000 5.806975 0.240000 3.870000
251.625000 6.010962 0.240000 3.980000
253.125000 6.215916 0.204000 4.075000
254.250000 6.215916 0.204000 4.165000
256.125000 6.417614 0.204000 4.280000
258.625000 6.620266 0.204000 4.370000
259.625000 6.825057 0.204000 4.480000
260.625000 7.027895 0.204000 4.565000
263.000000 7.027895 0.204000 4.680000
264.625000 7.236416 0.204000 4.775000
265.500000 7.443197 0.204000 4.860000
266.625000 7.443197 0.204000 4.975000
268.750000 7.658551 0.188000 5.060000
270.250000 7.870160 0.188000 5.170000
270.875000 7.870160 0.188000 5.280000
272.125000 8.089439 0.188000 5.365000
273.250000 8.293167 0.188000 5.485000
273.750000 8.293167 0.188000 5.570000
274.750000 8.498733 0.188000 5.680000
275.125000 8.733731 0.188000 5.780000
275.875000 8.733731 0.188000 5.875000
276.750000 8.953386 0.188000 5.960000
277.375000 9.181627 0.243000 6.070000
278.000000 9.181627 0.243000 6.180000
278.500000 9.406381 0.243000 6.265000
278.875000 9.613008 0.243000 6.380000
279.250000 9.820072 0.243000 6.470000
279.875000 9.820072 0.243000 6.580000
280.125000 10.025255 0.243000 6.670000
281.125000 10.225651 0.243000 6.780000
281.250000 10.225651 0.243000 6.865000
281.750000 10.430525 0.243000 6.975000
282.750000 10.634020 0.195000 7.070000
283.125000 10.836294 0.195000 7.180000
284.250000 10.836294 0.195000 7.265000
285.500000 11.052440 0.195000 7.370000
286.875000 11.269447 0.195000 7.480000
287.750000 11.269447 0.195000 7.570000
288.750000 11.473202 0.195000 7.680000
289.625000 11.692138 0.195000 7.770000
291.125000 11.692138 0.195000 7.875000
291.875000 11.897050 0.195000 7.980000
292.500000 12.131183 0.229000 8.070000
293.125000 12.131183 0.229000 8.175000
294.125000 12.352126 0.229000 8.265000
294.750000 12.579475 0.229000 8.380000
295.125000 12.579475 0.229000 8.470000
296.000000 12.785250 0.229000 8.575000
296.875000 12.985662 0.229000 8.680000
297.375000 13.187285 0.229000 8.770000
298.625000 13.187285 0.229000 8.880000
299.000000 13.389646 0.229000 8.970000
300.500000 13.592586 0.229000 9.080000
301.500000 13.796926 0.290000 9.170000
302.500000 13.796926 0.290000 9.275000
303.625000 14.004494 0.290000 9.370000
303.625000 14.208555 0.290000 9.485000
304.750000 14.416639 0.290000 9.570000
305.875000 14.621380 0.290000 9.675000
306.875000 14.621380 0.290000 9.760000
307.500000 15.027126 0.290000 9.880000
308.500000 15.027126 0.290000 9.965000
309.000000 15.233423 0.290000 10.080000
309.500000 15.471209 0.279000 10.170000
310.500000 15.675088 0.279000 10.280000
310.750000 15.899583 0.279000 10.365000
311.750000 15.899583 0.279000 10.475000
313.000000 16.113068 0.279000 10.585000
313.375000 16.113068 0.279000 10.680000
313.750000 16.113068 0.279000 10.765000
313.875000 16.320320 0.279000 10.880000
314.000000 16.320320 0.279000 10.980000
314.750000 16.320320 0.246000 11.070000
315.125000 16.320320 0.246000 11.180000
315.625000 16.320320 0.246000 11.270000
316.500000 16.520617 0.246000 11.380000
316.625000 16.520617 0.246000 11.460000
316.625000 16.520617 0.246000 11.580000
316.875000 16.520617 0.246000 11.665000
316.875000 16.520617 0.246000 11.780000
317.000000 16.520617 0.246000 11.865000
317.375000 16.520617 0.246000 11.975000
317.500000 16.520617 0.253000 12.065000
317.500000 16.520617 0.253000 12.180000
317.500000 16.520617 0.253000 12.260000
317.500000 16.520617 0.253000 12.380000
317.500000 16.520617 0.253000 12.465000
317.625000 16.520617 0.253000 12.580000
317.750000 16.520617 0.253000 12.670000
317.875000 16.520617 0.253000 12.780000
317.875000 16.520617 0.253000 12.860000
317.875000 16.520617 0.253000 12.980000
317.875000 16.520617 0.253000 13.075000
318.125000 16.520617 0.249000 13.170000
318.375000 16.520617 0.249000 13.280000
318.500000 16.520617 0.249000 13.370000
318.875000 16.520617 0.249000 13.475000
319.125000 16.520617 0.249000 13.570000
319.375000 16.520617 0.249000 13.680000
319.500000 16.520617 0.249000 13.770000
319.500000 16.520617 0.249000 13.880000
319.625000 16.520617 0.249000 13.970000
319.625000 16.520617 0.249000 14.080000
319.625000 16.520617 0.255000 14.170000
319.625000 16.520617 0.255000 14.280000
319.625000 16.520617 0.255000 14.365000
319.625000 16.520617 0.255000 14.480000
319.750000 16.520617 0.255000 14.575000
319.750000 16.520617 0.255000 14.665000
319.875000 16.520617 0.255000 14.780000
319.875000 16.520617 0.255000 14.870000
319.875000 16.520617 0.255000 14.975000
320.000000 16.520617 0.255000 15.060000
320.000000 16.520617 0.251000 15.180000
320.000000 16.520617 0.251000 15.265000
320.625000 16.520617 0.251000 15.380000
351.000000 16.520617 0.251000 15.470000
351.125000 16.520617 0.251000 15.580000
351.125000 16.520617 0.251000 15.665000
351.250000 16.520617 0.251000 15.780000
351.375000 16.520617 0.251000 15.865000
351.625000 16.520617 0.251000 15.980000
351.625000 16.520617 0.268000 16.065001
351.625000 16.520617 0.268000 16.174999
351.625000 16.520617 0.268000 16.264999
351.750000 16.520617 0.268000 16.370001
351.875000 16.520617 0.268000 16.485001
351.875000 16.520617 0.268000 16.565001
351.875000 16.520617 0.268000 16.680000
351.875000 16.520617 0.268000 16.760000
351.875000 16.520617 0.268000 16.879999
351.875000 16.520617 0.268000 16.959999
351.875000 16.520617 0.268000 17.080000
352.250000 16.520617 0.265000 17.165001
352.250000 16.520617 0.265000 17.275000
352.250000 16.520617 0.265000 17.360001
352.250000 16.520617 0.265000 17.480000
352.250000 16.520617 0.265000 17.559999
352.250000 16.520617 0.265000 17.674999
352.250000 16.520617 0.265000 17.770000
352.750000 16.520617 0.265000 17.879999
353.000000 16.520617 0.265000 17.959999
353.125000 16.520617 0.265000 18.080000
353.625000 16.520617 0.255000 18.170000
353.625000 16.520617 0.255000 18.285000
353.750000 16.520617 0.255000 18.370001
353.750000 16.520617 0.255000 18.480000
354.125000 16.520617 0.255000 18.575001
354.125000 16.520617 0.255000 18.665001
354.125000 16.520617 0.255000 18.780001
354.250000 16.520617 0.255000 18.865000
354.625000 16.520617 0.255000 18.975000
354.625000 16.520617 0.255000 19.055000
354.625000 16.520617 0.250000 19.170000
354.750000 16.520617 0.250000 19.275000
354.750000 16.520617 0.250000 19.360001
354.875000 16.520617 0.250000 19.475000
355.000000 16.520617 0.250000 19.555000
355.125000 16.520617 0.250000 19.665001
355.250000 16.520617 0.250000 19.780001
355.375000 16.520617 0.250000 19.870001
355.375000 16.520617 0.250000 19.980000
355.625000 16.520617 0.253000 20.070000
355.750000 16.520617 0.253000 20.180000
355.750000 16.520617 0.253000 20.264999
356.000000 16.520617 0.253000 20.379999
356.125000 16.520617 0.253000 20.469999
356.500000 16.520617 0.253000 20.580000
356.750000 16.520617 0.253000 20.680000
356.875000 16.520617 0.253000 20.775000
357.125000 16.520617 0.253000 20.870001
357.875000 16.520617 0.253000 20.980000
357.875000 16.520617 0.247000 21.070000
358.000000 16.520617 0.247000 21.180000
358.000000 16.520617 0.247000 21.264999
358.125000 16.520617 0.247000 21.375000
358.500000 16.520617 0.247000 21.469999
358.500000 16.520617 0.247000 21.580000
358.750000 16.520617 0.247000 21.660000
359.000000 16.520617 0.247000 21.770000
359.000000 16.520617 0.247000 21.879999
359.375000 16.520617 0.247000 21.969999
359.375000 16.520617 0.247000 22.080000
359.375000 16.520617 0.247000 22.165001
359.500000 16.520617 0.247000 22.280001
359.500000 16.520617 0.247000 22.365000
359.750000 16.520617 0.247000 22.475000
359.750000 16.520617 0.247000 22.575001
359.875000 16.520617 0.247000 22.665001
360.000000 16.520617 0.247000 22.760000
