87.875000 0.000000 0.238000 0.020000
111.000000 0.000000 0.238000 0.125000
122.875000 0.205622 0.238000 0.225000
130.625000 0.411592 0.238000 0.315000
139.000000 0.411592 0.238000 0.415000
144.500000 0.641528 0.238000 0.530000
149.375000 0.845101 0.238000 0.615000
154.375000 0.845101 0.238000 0.720000
158.375000 1.072604 0.260000 0.825000
163.875000 1.280133 0.260000 0.915000
167.875000 1.495528 0.260000 1.015000
172.000000 1.495528 0.260000 1.120000
175.125000 1.695969 0.260000 1.220000
177.750000 1.695969 0.260000 1.315000
181.000000 1.899900 0.260000 1.425000
184.250000 2.102230 0.260000 1.525000
187.500000 2.102230 0.260000 1.630000
191.000000 2.102230 0.260000 1.715000
197.125000 2.306339 0.291000 1.815000
201.875000 2.306339 0.291000 1.925000
205.500000 2.513522 0.291000 2.010000
209.250000 2.715196 0.291000 2.115000
212.875000 2.715196 0.291000 2.225000
218.125000 2.929777 0.291000 2.320000
221.375000 3.157432 0.291000 2.415000
226.250000 3.157432 0.291000 2.520000
229.125000 3.386175 0.291000 2.615000
232.125000 3.591064 0.291000 2.725000
236.750000 3.591064 0.240000 2.810000
238.750000 3.803526 0.240000 2.920000
244.500000 4.007545 0.240000 3.005000
248.125000 4.210585 0.240000 3.120000
250.000000 4.432509 0.240000 3.210000
253.250000 4.633695 0.240000 3.320000
255.125000 4.633695 0.240000 3.410000
257.000000 4.850670 0.240000 3.515000
258.250000 5.070362 0.240000 3.620000
259.250000 5.070362 0.216000 3.725000
260.375000 5.296266 0.216000 3.810000
262.625000 5.514944 0.216000 3.920000
264.125000 5.514944 0.216000 4.025000
264.375000 5.719357 0.216000 4.120000
264.500000 5.954475 0.216000 4.225000
265.250000 5.954475 0.216000 4.310000
265.500000 6.159708 0.216000 4.420000
266.125000 6.365179 0.216000 4.515000
266.500000 6.585531 0.216000 4.625000
267.000000 6.787409 0.203000 4.720000
268.250000 6.787409 0.203000 4.810000
270.750000 6.996291 0.203000 4.920000
275.000000 7.231776 0.203000 5.020000
276.500000 7.450707 0.203000 5.110000
279.625000 7.665506 0.203000 5.220000
282.375000 7.883402 0.203000 5.305000
284.750000 7.883402 0.203000 5.420000
286.250000 8.085267 0.203000 5.530000
287.125000 8.085267 0.203000 5.625000
288.250000 8.294782 0.203000 5.720000
288.875000 8.294782 0.301000 5.825000
289.500000 8.294782 0.301000 5.915000
290.250000 8.294782 0.301000 6.025000
291.000000 8.294782 0.301000 6.125000
291.875000 8.294782 0.301000 6.225000
292.875000 8.294782 0.301000 6.310000
292.875000 8.495271 0.301000 6.425000
293.875000 8.495271 0.301000 6.510000
294.125000 8.495271 0.301000 6.625000
295.125000 8.495271 0.301000 6.715000
295.875000 8.712133 0.299000 6.825000
296.750000 8.712133 0.299000 6.915000
297.125000 8.915392 0.299000 7.020000
297.500000 9.143959 0.299000 7.105000
298.125000 9.344477 0.299000 7.225000
299.125000 9.344477 0.299000 7.315000
300.125000 9.555418 0.299000 7.425000
300.625000 9.763762 0.299000 7.525000
301.125000 9.968309 0.299000 7.615000
302.500000 10.175955 0.299000 7.720000
303.250000 10.175955 0.265000 7.810000
303.500000 10.379921 0.265000 7.915000
304.625000 10.586367 0.265000 8.020000
305.500000 10.823627 0.265000 8.120000
306.375000 11.031732 0.265000 8.220000
308.000000 11.240047 0.265000 8.315000
310.000000 11.459534 0.265000 8.425000
311.875000 11.661358 0.265000 8.510000
313.250000 11.863482 0.265000 8.620000
314.875000 12.103395 0.265000 8.705000
316.625000 12.323153 0.270000 8.820000
317.250000 12.526156 0.270000 8.905000
318.500000 12.526156 0.270000 9.020000
319.500000 12.752975 0.270000 9.105000
320.375000 12.752975 0.270000 9.215000
320.750000 12.956272 0.270000 9.320000
321.250000 12.956272 0.270000 9.410000
321.750000 12.956272 0.270000 9.515000
322.250000 13.164581 0.270000 9.610000
322.500000 13.164581 0.286000 9.715000
322.625000 13.164581 0.286000 9.820000
322.750000 13.164581 0.286000 9.915000
323.375000 13.164581 0.286000 10.020000
323.750000 13.164581 0.286000 10.125000
323.750000 13.164581 0.286000 10.205000
324.000000 13.164581 0.286000 10.315000
324.250000 13.164581 0.286000 10.420000
324.375000 13.164581 0.286000 10.515000
324.375000 13.164581 0.286000 10.610000
324.375000 13.164581 0.286000 10.725000
324.500000 13.164581 0.276000 10.805000
324.750000 13.164581 0.276000 10.920000
324.750000 13.164581 0.276000 11.010000
324.750000 13.164581 0.276000 11.120000
325.125000 13.164581 0.276000 11.215000
325.125000 13.374534 0.276000 11.320000
325.375000 13.581569 0.276000 11.430000
325.750000 13.581569 0.276000 11.525000
325.875000 13.816369 0.276000 11.615000
326.000000 14.020508 0.276000 11.720000
326.250000 14.020508 0.276000 11.805000
326.375000 14.225997 0.350000 11.920000
326.500000 14.462576 0.350000 12.010000
326.750000 14.462576 0.350000 12.115000
326.875000 14.671377 0.350000 12.225000
326.875000 14.873858 0.350000 12.315000
327.250000 15.074535 0.350000 12.420000
327.250000 15.074535 0.350000 12.510000
327.375000 15.277892 0.350000 12.625000
327.625000 15.277892 0.350000 12.705000
327.875000 15.277892 0.273000 12.825000
328.000000 15.277892 0.273000 12.910000
328.125000 15.478682 0.273000 13.025000
328.125000 15.478682 0.273000 13.110000
328.250000 15.478682 0.273000 13.215000
328.375000 15.478682 0.273000 13.310000
328.500000 15.478682 0.273000 13.420000
328.500000 15.478682 0.273000 13.505000
328.500000 15.478682 0.273000 13.625000
328.750000 15.478682 0.273000 13.710000
329.125000 15.478682 0.240000 13.820000
329.125000 15.478682 0.240000 13.905000
329.125000 15.478682 0.240000 14.025000
329.375000 15.478682 0.240000 14.110000
329.375000 15.478682 0.240000 14.220000
329.375000 15.478682 0.240000 14.310000
329.625000 15.478682 0.240000 14.420000
329.875000 15.478682 0.240000 14.510000
330.000000 15.687346 0.240000 14.625000
330.750000 15.687346 0.240000 14.710000
331.000000 15.894261 0.237000 14.820000
331.500000 16.098845 0.237000 14.910000
331.750000 16.309334 0.237000 15.020000
331.875000 16.309334 0.237000 15.105000
331.875000 16.511726 0.237000 15.220000
332.000000 16.744276 0.237000 15.305000
332.125000 16.947300 0.237000 15.420000
332.125000 16.947300 0.237000 15.510000
332.125000 17.156986 0.237000 15.620000
332.250000 17.358932 0.237000 15.725000
332.375000 17.358932 0.274000 15.810000
332.375000 17.562725 0.274000 15.920000
332.375000 17.770483 0.274000 16.010000
332.500000 17.974100 0.274000 16.110001
332.500000 18.180931 0.274000 16.209999
333.000000 18.384733 0.274000 16.315001
333.625000 18.590948 0.274000 16.424999
334.875000 18.798828 0.274000 16.514999
335.750000 19.007679 0.274000 16.615000
338.500000 19.209593 0.201000 16.719999
340.875000 19.418974 0.201000 16.809999
344.000000 19.628489 0.201000 16.924999
347.125000 19.628489 0.201000 17.014999
350.125000 20.039095 0.201000 17.125000
351.875000 20.039095 0.201000 17.215000
353.500000 20.442259 0.201000 17.325001
353.875000 20.442259 0.201000 17.415001
354.625000 20.651003 0.201000 17.525000
355.750000 20.889919 0.201000 17.615000
356.375000 21.119028 0.201000 17.725000
356.625000 21.324232 0.273000 17.815001
357.625000 21.532804 0.273000 17.924999
357.625000 21.743725 0.273000 18.004999
358.250000 21.959438 0.273000 18.125000
359.125000 22.166473 0.273000 18.209999
360.250000 22.374407 0.273000 18.320000
362.875000 22.374407 0.273000 18.405001
369.625000 22.790245 0.273000 18.514999
377.750000 22.998964 0.273000 18.620001
385.125000 22.998964 0.273000 18.719999
389.625000 23.234528 0.275000 18.799999
393.375000 23.437809 0.275000 18.915001
395.625000 23.642685 0.275000 19.025000
397.250000 23.642685 0.275000 19.110001
398.375000 23.845989 0.275000 19.219999
399.000000 23.845989 0.275000 19.305000
400.625000 23.845989 0.275000 19.424999
402.250000 23.845989 0.275000 19.510000
402.625000 24.051332 0.275000 19.620001
402.875000 24.051332 0.275000 19.730000
403.625000 24.051332 0.275000 19.815001
404.000000 24.051332 0.275000 19.920000
404.500000 24.051332 0.275000 20.014999
404.875000 24.051332 0.275000 20.115000
405.125000 24.051332 0.275000 20.225000
405.625000 24.051332 0.275000 20.309999
405.750000 24.051332 0.275000 20.420000
405.875000 24.051332 0.275000 20.525000
406.000000 24.051332 0.275000 20.610001
406.125000 24.051332 0.275000 20.719999
406.250000 24.051332 0.235000 20.805000
406.250000 24.051332 0.235000 20.920000
406.250000 24.051332 0.235000 21.020000
406.250000 24.051332 0.235000 21.110001
406.250000 24.051332 0.235000 21.219999
406.250000 24.051332 0.235000 21.305000
406.375000 24.051332 0.235000 21.424999
406.500000 24.051332 0.235000 21.520000
406.875000 24.051332 0.235000 21.605000
407.000000 24.051332 0.235000 21.715000
407.125000 24.051332 0.210000 21.820000
407.125000 24.051332 0.210000 21.910000
407.125000 24.051332 0.210000 22.014999
407.125000 24.262396 0.210000 22.125000
407.375000 24.493536 0.210000 22.235001
407.500000 24.493536 0.210000 22.320000
408.250000 24.715189 0.210000 22.415001
408.625000 24.917421 0.210000 22.525000
409.125000 25.119322 0.210000 22.610001
409.125000 25.119322 0.210000 22.725000
409.125000 25.361748 0.245000 22.820000
409.125000 25.569088 0.245000 22.910000
409.125000 25.782299 0.245000 23.025000
409.125000 25.782299 0.245000 23.110001
409.125000 25.985163 0.245000 23.219999
409.250000 25.985163 0.245000 23.309999
409.250000 25.985163 0.245000 23.420000
409.375000 26.186279 0.245000 23.504999
409.375000 26.186279 0.245000 23.620001
409.375000 26.186279 0.245000 23.709999
409.375000 26.186279 0.227000 23.815001
409.375000 26.186279 0.227000 23.920000
409.375000 26.186279 0.227000 24.010000
409.375000 26.186279 0.227000 24.120001
409.375000 26.186279 0.227000 24.205000
409.375000 26.186279 0.227000 24.330000
409.375000 26.186279 0.227000 24.410000
409.375000 26.186279 0.227000 24.525000
409.375000 26.186279 0.227000 24.610001
409.375000 26.186279 0.227000 24.725000
409.375000 26.186279 0.227000 24.809999
409.375000 26.186279 0.227000 24.915001
409.375000 26.186279 0.227000 25.025000
409.375000 26.186279 0.227000 25.110001
409.375000 26.186279 0.227000 25.225000
409.375000 26.186279 0.227000 25.309999
409.375000 26.186279 0.227000 25.420000
409.375000 26.186279 0.227000 25.504999
409.375000 26.388781 0.227000 25.615000
409.500000 26.388781 0.227000 25.719999
409.625000 26.591488 0.232000 25.815001
409.750000 26.813272 0.232000 25.920000
409.875000 26.813272 0.232000 26.010000
409.875000 27.016706 0.232000 26.125000
410.250000 27.218906 0.232000 26.209999
410.500000 27.425676 0.232000 26.320000
410.625000 27.425676 0.232000 26.410000
410.625000 27.644732 0.232000 26.520000
410.625000 27.847645 0.232000 26.605000
410.750000 27.847645 0.232000 26.709999
410.875000 28.052357 0.273000 26.825001
411.000000 28.281834 0.273000 26.924999
411.125000 28.281834 0.273000 27.010000
411.750000 28.483480 0.273000 27.120001
412.625000 28.686253 0.273000 27.219999
413.500000 28.889688 0.273000 27.315001
413.625000 28.889688 0.273000 27.420000
413.875000 29.108433 0.273000 27.530001
413.875000 29.313883 0.273000 27.620001
414.125000 29.521521 0.273000 27.730000
414.250000 29.730865 0.337000 27.830000
414.250000 29.730865 0.337000 27.910000
414.375000 29.931236 0.337000 28.020000
414.875000 30.165695 0.337000 28.105000
415.000000 30.402800 0.337000 28.219999
415.250000 30.651264 0.337000 28.320000
415.375000 30.870634 0.337000 28.415001
416.000000 31.090261 0.337000 28.530001
416.125000 31.300030 0.337000 28.615000
416.125000 31.508497 0.337000 28.725000
416.250000 31.508497 0.310000 28.809999
416.625000 31.709761 0.310000 28.915001
416.750000 31.913820 0.310000 29.025000
417.250000 32.131462 0.310000 29.110001
417.750000 32.344826 0.310000 29.215000
417.750000 32.581173 0.310000 29.320000
418.000000 32.819492 0.310000 29.415001
418.000000 33.028759 0.310000 29.520000
418.625000 33.238361 0.310000 29.610001
419.000000 33.446598 0.310000 29.719999
419.125000 33.648464 0.265000 29.825001
420.250000 33.848923 0.265000 29.924999
420.375000 33.848923 0.265000 30.010000
420.875000 34.052647 0.265000 30.125000
421.375000 34.288803 0.265000 30.209999
421.625000 34.507065 0.265000 30.315001
422.250000 34.746151 0.265000 30.420000
422.500000 34.975723 0.265000 30.510000
422.875000 35.185505 0.265000 30.615000
423.500000 35.393562 0.265000 30.725000
423.625000 35.593868 0.276000 30.809999
423.875000 35.794365 0.276000 30.920000
424.125000 35.794365 0.276000 31.010000
424.625000 35.999699 0.276000 31.120001
425.375000 36.220776 0.276000 31.209999
426.375000 36.447289 0.276000 31.315001
427.375000 36.653473 0.276000 31.424999
428.375000 36.868023 0.276000 31.520000
429.375000 36.868023 0.276000 31.610001
430.875000 37.069962 0.276000 31.719999
432.000000 37.280293 0.283000 31.815001
433.750000 37.487492 0.283000 31.910000
435.875000 37.693516 0.283000 32.025002
437.375000 37.693516 0.283000 32.119999
438.250000 37.896412 0.283000 32.209999
439.750000 38.101738 0.283000 32.325001
439.875000 38.304493 0.283000 32.410000
441.000000 38.304493 0.283000 32.525002
441.000000 38.520954 0.283000 32.610001
442.375000 38.725273 0.283000 32.720001
442.875000 38.959278 0.285000 32.799999
443.625000 39.191360 0.285000 32.919998
444.625000 39.394844 0.285000 33.009998
445.000000 39.609325 0.285000 33.119999
445.125000 39.814793 0.285000 33.205002
446.500000 40.016518 0.285000 33.325001
446.750000 40.218475 0.285000 33.410000
446.750000 40.420574 0.285000 33.520000
446.750000 40.622711 0.285000 33.605000
446.875000 40.824841 0.285000 33.715000
446.875000 41.025890 0.215000 33.805000
447.000000 41.235516 0.215000 33.919998
447.000000 41.444996 0.215000 34.009998
447.000000 41.654816 0.215000 34.119999
447.125000 41.654816 0.215000 34.205002
447.125000 41.855148 0.215000 34.314999
447.125000 42.063839 0.215000 34.415001
447.250000 42.293812 0.215000 34.505001
447.250000 42.494938 0.215000 34.619999
447.375000 42.713627 0.215000 34.715000
447.375000 42.922504 0.262000 34.805000
447.375000 43.131790 0.262000 34.919998
447.500000 43.341290 0.262000 35.000000
447.500000 43.551292 0.262000 35.115002
447.500000 43.771706 0.262000 35.224998
447.625000 44.010315 0.262000 35.314999
447.750000 44.216812 0.262000 35.419998
447.750000 44.216812 0.262000 35.514999
447.875000 44.441811 0.262000 35.630001
447.875000 44.441811 0.184000 35.709999
447.875000 44.642075 0.184000 35.825001
447.875000 44.642075 0.184000 35.904999
447.875000 44.642075 0.184000 36.020000
447.875000 44.642075 0.184000 36.115002
447.875000 44.642075 0.184000 36.195000
447.875000 44.642075 0.184000 36.325001
447.875000 44.642075 0.184000 36.410000
447.875000 44.642075 0.184000 36.529999
447.875000 44.842525 0.184000 36.615002
447.875000 44.842525 0.159000 36.720001
447.875000 44.842525 0.159000 36.810001
447.875000 44.842525 0.159000 36.919998
447.875000 44.842525 0.159000 37.035000
447.875000 44.842525 0.159000 37.119999
447.875000 44.842525 0.159000 37.205002
448.000000 44.842525 0.159000 37.325001
448.000000 44.842525 0.159000 37.415001
448.000000 44.842525 0.159000 37.494999
448.000000 44.842525 0.159000 37.619999
448.000000 44.842525 0.146000 37.705002
448.000000 44.842525 0.146000 37.820000
448.000000 44.842525 0.146000 37.915001
448.000000 44.842525 0.146000 38.020000
448.000000 44.842525 0.146000 38.110001
448.000000 44.842525 0.146000 38.224998
448.000000 44.842525 0.146000 38.305000
448.000000 44.842525 0.146000 38.419998
448.000000 44.842525 0.146000 38.500000
448.000000 44.842525 0.146000 38.615002
448.000000 44.842525 0.159000 38.724998
448.000000 44.842525 0.159000 38.810001
448.000000 44.842525 0.159000 38.919998
448.000000 45.061882 0.159000 39.005001
448.000000 45.061882 0.159000 39.115002
448.000000 45.277241 0.159000 39.200001
448.000000 45.518002 0.159000 39.320000
448.125000 45.719952 0.159000 39.415001
448.125000 45.944782 0.159000 39.505001
448.125000 46.162491 0.159000 39.625000
448.125000 46.371601 0.159000 39.720001
448.125000 46.581291 0.171000 39.805000
448.250000 46.791245 0.171000 39.915001
448.250000 46.791245 0.171000 40.000000
448.250000 46.996899 0.171000 40.119999
448.375000 47.224052 0.171000 40.205002
448.375000 47.442383 0.171000 40.325001
448.375000 47.645439 0.171000 40.415001
448.500000 47.645439 0.171000 40.520000
448.500000 47.849236 0.171000 40.610001
448.500000 48.057770 0.171000 40.720001
448.500000 48.265270 0.171000 40.799999
448.500000 48.265270 0.171000 40.919998
448.500000 48.503521 0.171000 41.014999
448.500000 48.710789 0.171000 41.125000
448.500000 48.915630 0.171000 41.221001
448.500000 48.915630 0.171000 41.305000
448.500000 49.127827 0.171000 41.424999
448.500000 49.333740 0.171000 41.509998
448.500000 49.333740 0.171000 41.595001
448.625000 49.533787 0.192000 41.709999
448.750000 49.736153 0.192000 41.814999
448.875000 49.940514 0.192000 41.910000
449.125000 50.151699 0.192000 42.020000
449.375000 50.387848 0.192000 42.105000
449.625000 50.606056 0.192000 42.220001
449.625000 50.815292 0.192000 42.305000
449.750000 51.016071 0.192000 42.415001
449.875000 51.225803 0.192000 42.520000
450.000000 51.428215 0.192000 42.610001
450.250000 51.629871 0.192000 42.720001
450.375000 51.837734 0.240000 42.810001
450.625000 52.045815 0.240000 42.915001
450.625000 52.253136 0.240000 43.025002
450.750000 52.253136 0.240000 43.115002
450.875000 52.664474 0.240000 43.224998
450.875000 52.664474 0.240000 43.314999
450.875000 52.864861 0.240000 43.419998
450.875000 53.104591 0.240000 43.509998
450.875000 53.344532 0.240000 43.619999
450.875000 53.594440 0.240000 43.709999
450.875000 53.804306 0.255000 43.814999
450.875000 54.014179 0.255000 43.919998
450.875000 54.224003 0.255000 44.009998
450.875000 54.425938 0.255000 44.119999
450.875000 54.425938 0.255000 44.205002
450.875000 54.628414 0.255000 44.325001
450.875000 54.830299 0.255000 44.410000
450.875000 54.830299 0.255000 44.525002
450.875000 54.830299 0.255000 44.610001
450.875000 55.032501 0.255000 44.720001
450.875000 55.032501 0.242000 44.805000
450.875000 55.032501 0.242000 44.915001
450.875000 55.032501 0.242000 44.994999
450.875000 55.032501 0.242000 45.119999
450.875000 55.032501 0.242000 45.224998
450.875000 55.032501 0.242000 45.314999
450.875000 55.032501 0.242000 45.424999
450.875000 55.032501 0.242000 45.509998
450.875000 55.032501 0.242000 45.619999
450.875000 55.032501 0.242000 45.705002
450.875000 55.032501 0.208000 45.820000
450.875000 55.032501 0.208000 45.915001
450.875000 55.032501 0.208000 46.025002
450.875000 55.032501 0.208000 46.105000
450.875000 55.032501 0.208000 46.220001
450.875000 55.032501 0.208000 46.305000
450.875000 55.032501 0.208000 46.419998
450.875000 55.251339 0.208000 46.514999
450.875000 55.455601 0.208000 46.619999
451.000000 55.455601 0.208000 46.705002
451.000000 55.655827 0.233000 46.820000
451.125000 55.875832 0.233000 46.915001
451.125000 55.875832 0.233000 47.005001
451.125000 56.075993 0.233000 47.115002
451.250000 56.299568 0.233000 47.224998
451.250000 56.502419 0.233000 47.320000
451.250000 56.502419 0.233000 47.404999
451.250000 56.732368 0.233000 47.514999
451.375000 56.947525 0.233000 47.619999
451.375000 57.147621 0.233000 47.724998
451.375000 57.147621 0.242000 47.825001
451.500000 57.348022 0.242000 47.915001
451.500000 57.567867 0.242000 48.025002
451.500000 57.567867 0.242000 48.110001
451.625000 57.772381 0.242000 48.224998
451.625000 57.977646 0.242000 48.314999
451.625000 58.182674 0.242000 48.419998
451.750000 58.182674 0.242000 48.529999
451.875000 58.410400 0.242000 48.625000
451.875000 58.614368 0.248000 48.709999
451.875000 58.819798 0.248000 48.825001
452.000000 58.819798 0.248000 48.910000
452.125000 59.031162 0.248000 49.020000
452.125000 59.238689 0.248000 49.110001
452.250000 59.238689 0.248000 49.224998
452.500000 59.469707 0.248000 49.320000
452.500000 59.677193 0.248000 49.404999
452.500000 59.883511 0.248000 49.520000
452.500000 59.883511 0.248000 49.610001
452.625000 60.093098 0.248000 49.724998
452.625000 60.299419 0.259000 49.810001
452.625000 60.299419 0.259000 49.924999
452.625000 60.514431 0.259000 50.005001
452.625000 60.717850 0.259000 50.125000
452.625000 60.923367 0.259000 50.220001
452.625000 60.923367 0.259000 50.310001
452.750000 61.143597 0.259000 50.419998
452.750000 61.345650 0.259000 50.509998
452.750000 61.345650 0.259000 50.619999
452.875000 61.345650 0.259000 50.709999
452.875000 61.546654 0.210000 50.825001
452.875000 61.546654 0.210000 50.915001
452.875000 61.546654 0.210000 51.020000
452.875000 61.546654 0.210000 51.115002
452.875000 61.747280 0.210000 51.224998
452.875000 61.747280 0.210000 51.314999
452.875000 61.747280 0.210000 51.430000
452.875000 61.747280 0.210000 51.514999
452.875000 61.747280 0.210000 51.625000
452.875000 61.747280 0.197000 51.720001
452.875000 61.747280 0.197000 51.810001
452.875000 61.747280 0.197000 51.919998
452.875000 61.747280 0.197000 52.014999
452.875000 61.747280 0.197000 52.130001
452.875000 61.747280 0.197000 52.209999
452.875000 61.747280 0.197000 52.320000
452.875000 61.747280 0.197000 52.410000
452.875000 61.747280 0.197000 52.520000
452.875000 61.747280 0.197000 52.610001
452.875000 61.747280 0.197000 52.720001
452.875000 61.747280 0.242000 52.799999
452.875000 61.747280 0.242000 52.915001
452.875000 61.747280 0.242000 53.020000
452.875000 61.747280 0.242000 53.105000
452.875000 61.747280 0.242000 53.220001
452.875000 61.951714 0.242000 53.310001
452.875000 61.951714 0.242000 53.395000
452.875000 61.951714 0.242000 53.514999
452.875000 61.951714 0.242000 53.625000
452.875000 61.951714 0.242000 53.709999
452.875000 61.951714 0.216000 53.825001
452.875000 61.951714 0.216000 53.910000
452.875000 61.951714 0.216000 54.020000
452.875000 61.951714 0.216000 54.110001
452.875000 61.951714 0.216000 54.224998
452.875000 61.951714 0.216000 54.314999
452.875000 61.951714 0.216000 54.404999
452.875000 61.951714 0.216000 54.520000
452.875000 61.951714 0.216000 54.610001
452.875000 61.951714 0.196000 54.720001
452.875000 61.951714 0.196000 54.805000
452.875000 61.951714 0.196000 54.919998
452.875000 61.951714 0.196000 55.009998
452.875000 61.951714 0.196000 55.125000
452.875000 61.951714 0.196000 55.209999
452.875000 61.951714 0.196000 55.320000
452.875000 61.951714 0.196000 55.410000
452.875000 61.951714 0.196000 55.525002
452.875000 61.951714 0.196000 55.615002
452.875000 61.951714 0.194000 55.720001
452.875000 61.951714 0.194000 55.805000
452.875000 61.951714 0.194000 55.910000
452.875000 61.951714 0.194000 56.020000
452.875000 61.951714 0.194000 56.110001
452.875000 61.951714 0.194000 56.220001
452.875000 61.951714 0.194000 56.310001
452.875000 61.951714 0.194000 56.419998
452.875000 61.951714 0.194000 56.529999
452.875000 61.951714 0.194000 56.610001
452.875000 61.951714 0.213000 56.720001
452.875000 61.951714 0.213000 56.814999
452.875000 61.951714 0.213000 56.924999
452.875000 61.951714 0.213000 57.009998
452.875000 61.951714 0.213000 57.125000
452.875000 61.951714 0.213000 57.209999
452.875000 61.951714 0.213000 57.325001
452.875000 61.951714 0.213000 57.415001
452.875000 61.951714 0.213000 57.525002
452.875000 61.951714 0.213000 57.605000
452.875000 61.951714 0.190000 57.720001
452.875000 61.951714 0.190000 57.805000
452.875000 61.951714 0.190000 57.919998
452.875000 61.951714 0.190000 58.005001
452.875000 61.951714 0.190000 58.119999
452.875000 61.951714 0.190000 58.209999
452.875000 61.951714 0.190000 58.320000
452.875000 61.951714 0.190000 58.400002
452.875000 61.951714 0.190000 58.520000
452.875000 61.951714 0.190000 58.605000
452.875000 61.951714 0.190000 58.724998
452.875000 61.951714 0.192000 58.810001
452.875000 61.951714 0.192000 58.919998
452.875000 61.951714 0.192000 59.005001
452.875000 61.951714 0.192000 59.125000
452.875000 61.951714 0.192000 59.209999
452.875000 61.951714 0.192000 59.320000
452.875000 61.951714 0.192000 59.410000
452.875000 61.951714 0.192000 59.520000
452.875000 61.951714 0.192000 59.630001
452.875000 61.951714 0.205000 59.715000
452.875000 61.951714 0.205000 59.825001
452.875000 61.951714 0.205000 59.904999
452.875000 61.951714 0.205000 60.025002
452.875000 61.951714 0.205000 60.115002
452.875000 61.951714 0.205000 60.209999
452.875000 61.951714 0.205000 60.320000
452.875000 61.951714 0.205000 60.410000
452.875000 61.951714 0.205000 60.520000
452.875000 61.951714 0.205000 60.605000
452.875000 61.951714 0.205000 60.720001
452.875000 61.951714 0.192000 60.805000
452.875000 61.951714 0.192000 60.919998
452.875000 61.951714 0.192000 61.005001
452.875000 61.951714 0.192000 61.125000
452.875000 61.951714 0.192000 61.220001
452.875000 61.951714 0.192000 61.314999
452.875000 61.951714 0.192000 61.424999
452.875000 61.951714 0.192000 61.509998
452.875000 61.951714 0.192000 61.625000
452.875000 61.951714 0.193000 61.705002
452.875000 61.951714 0.193000 61.825001
452.875000 61.951714 0.193000 61.910000
452.875000 61.951714 0.193000 62.020000
452.875000 61.951714 0.193000 62.110001
452.875000 61.951714 0.193000 62.224998
452.875000 61.951714 0.193000 62.314999
452.875000 61.951714 0.193000 62.424999
452.875000 61.951714 0.193000 62.509998
452.875000 61.951714 0.193000 62.619999
452.875000 61.951714 0.187000 62.715000
452.875000 61.951714 0.187000 62.820000
452.875000 61.951714 0.187000 62.904999
452.875000 61.951714 0.187000 63.014999
452.875000 61.951714 0.187000 63.130001
452.875000 61.951714 0.187000 63.224998
452.875000 61.951714 0.187000 63.305000
452.875000 61.951714 0.187000 63.424999
452.875000 61.951714 0.187000 63.509998
452.875000 61.951714 0.187000 63.625000
452.875000 61.951714 0.187000 63.709999
452.875000 61.951714 0.194000 63.820000
452.875000 61.951714 0.194000 63.904999
452.875000 61.951714 0.194000 64.019997
452.875000 61.951714 0.194000 64.110001
452.875000 61.951714 0.194000 64.220001
452.875000 61.951714 0.194000 64.305000
452.875000 61.951714 0.194000 64.419998
452.875000 61.951714 0.194000 64.504997
452.875000 61.951714 0.194000 64.625000
452.875000 61.951714 0.187000 64.709999
452.875000 61.951714 0.187000 64.820000
452.875000 61.951714 0.187000 64.910004
452.875000 61.951714 0.187000 65.025002
452.875000 61.951714 0.187000 65.110001
452.875000 61.951714 0.187000 65.230003
452.875000 61.951714 0.187000 65.315002
452.875000 61.951714 0.187000 65.425003
452.875000 61.951714 0.187000 65.510002
452.875000 61.951714 0.187000 65.625000
452.875000 61.951714 0.187000 65.709999
452.875000 61.951714 0.189000 65.824997
452.875000 61.951714 0.189000 65.910004
452.875000 61.951714 0.189000 66.025002
452.875000 61.951714 0.189000 66.110001
452.875000 61.951714 0.189000 66.220001
452.875000 61.951714 0.189000 66.309998
452.875000 61.951714 0.189000 66.425003
452.875000 61.951714 0.189000 66.510002
452.875000 61.951714 0.189000 66.625000
452.875000 61.951714 0.189000 66.709999
452.875000 61.951714 0.189000 66.824997
452.875000 61.951714 0.189000 66.910004
452.875000 61.951714 0.189000 67.019997
452.875000 61.951714 0.189000 67.110001
452.875000 61.951714 0.189000 67.224998
452.875000 61.951714 0.189000 67.309998
452.875000 61.951714 0.189000 67.425003
452.875000 61.951714 0.189000 67.510002
