93.000000 0.000000 0.248000 0.025000
111.500000 0.000000 0.257000 0.125000
120.500000 0.000000 0.257000 0.220000
127.375000 0.203409 0.257000 0.325000
136.125000 0.418712 0.257000 0.420000
142.750000 0.418712 0.257000 0.530000
147.750000 0.630068 0.257000 0.615000
153.625000 0.850781 0.257000 0.720000
158.000000 0.850781 0.257000 0.830000
162.125000 1.081111 0.257000 0.925000
166.875000 1.291047 0.257000 1.025000
171.250000 1.291047 0.282000 1.120000
176.125000 1.494374 0.282000 1.225000
180.000000 1.717138 0.282000 1.320000
181.750000 1.717138 0.282000 1.430000
185.625000 1.717138 0.282000 1.510000
188.000000 1.928985 0.282000 1.620000
190.000000 1.928985 0.282000 1.720000
190.750000 1.928985 0.282000 1.820000
192.250000 1.928985 0.282000 1.925000
194.125000 1.928985 0.282000 2.015000
194.875000 1.928985 0.290000 2.125000
195.750000 2.132030 0.290000 2.215000
197.000000 2.132030 0.290000 2.320000
197.750000 2.132030 0.290000 2.420000
197.875000 2.132030 0.290000 2.530000
198.375000 2.132030 0.290000 2.625000
198.750000 2.132030 0.290000 2.715000
199.000000 2.132030 0.290000 2.825000
199.500000 2.132030 0.290000 2.915000
199.875000 2.132030 0.290000 3.020000
200.125000 2.132030 0.250000 3.120000
200.375000 2.132030 0.250000 3.225000
200.375000 2.132030 0.250000 3.315000
200.750000 2.132030 0.250000 3.415000
201.875000 2.132030 0.250000 3.525000
202.375000 2.338516 0.250000 3.610000
203.750000 2.338516 0.250000 3.715000
204.750000 2.548731 0.250000 3.825000
206.500000 2.762175 0.250000 3.925000
208.250000 2.962837 0.250000 4.015000
211.375000 3.163048 0.238000 4.125000
213.750000 3.368008 0.238000 4.230000
215.000000 3.575535 0.238000 4.315000
216.250000 3.784309 0.238000 4.425000
219.125000 3.993634 0.238000 4.530000
222.375000 3.993634 0.238000 4.620000
224.750000 4.203054 0.238000 4.710000
229.250000 4.412552 0.238000 4.815000
233.500000 4.622279 0.238000 4.920000
237.500000 4.832052 0.238000 5.025000
240.875000 5.039031 0.288000 5.125000
244.125000 5.246531 0.288000 5.215000
247.875000 5.450906 0.288000 5.320000
252.375000 5.670074 0.288000 5.425000
257.250000 5.874620 0.288000 5.525000
261.625000 6.082531 0.288000 5.620000
264.625000 6.291857 0.288000 5.715000
267.500000 6.493251 0.288000 5.820000
270.000000 6.702911 0.288000 5.925000
274.125000 6.912446 0.288000 6.025000
275.875000 7.122160 0.314000 6.115000
278.125000 7.332046 0.314000 6.225000
281.250000 7.332046 0.314000 6.320000
282.875000 7.572025 0.314000 6.430000
285.000000 7.802073 0.314000 6.525000
287.875000 8.002104 0.314000 6.630000
289.500000 8.202236 0.314000 6.720000
291.125000 8.422317 0.314000 6.825000
292.125000 8.667650 0.314000 6.915000
293.375000 8.667650 0.314000 7.015000
294.500000 8.870501 0.295000 7.125000
295.000000 8.870501 0.295000 7.215000
295.750000 9.070724 0.295000 7.325000
295.875000 9.070724 0.295000 7.425000
296.500000 9.070724 0.295000 7.530000
297.625000 9.272299 0.295000 7.610000
297.750000 9.272299 0.295000 7.720000
298.125000 9.272299 0.295000 7.825000
298.375000 9.272299 0.295000 7.935000
298.500000 9.272299 0.295000 8.030000
298.500000 9.272299 0.265000 8.120000
298.500000 9.272299 0.265000 8.230000
299.125000 9.272299 0.265000 8.325000
299.375000 9.272299 0.265000 8.425000
299.500000 9.272299 0.265000 8.515000
299.625000 9.272299 0.265000 8.630000
299.625000 9.272299 0.265000 8.715000
299.625000 9.272299 0.265000 8.825000
299.625000 9.272299 0.265000 8.925000
299.625000 9.272299 0.265000 9.020000
300.000000 9.272299 0.212000 9.125000
300.000000 9.272299 0.212000 9.220000
300.875000 9.272299 0.212000 9.330000
301.125000 9.476063 0.212000 9.415000
301.500000 9.677623 0.212000 9.525000
302.000000 9.677623 0.212000 9.625000
302.125000 9.878110 0.212000 9.725000
302.375000 10.098921 0.212000 9.820000
302.750000 10.098921 0.212000 9.920000
303.125000 10.306737 0.212000 10.020000
303.500000 10.531475 0.244000 10.125000
304.375000 10.531475 0.244000 10.225000
304.750000 10.754105 0.244000 10.330000
305.250000 10.957390 0.244000 10.410000
305.500000 10.957390 0.244000 10.520000
305.875000 11.160781 0.244000 10.630000
305.875000 11.160781 0.244000 10.720000
306.500000 11.374898 0.244000 10.830000
306.750000 11.374898 0.244000 10.925000
307.250000 11.577659 0.244000 11.020000
307.750000 11.577659 0.283000 11.130000
308.000000 11.779550 0.283000 11.220000
308.125000 11.779550 0.283000 11.320000
308.375000 11.779550 0.283000 11.420000
308.875000 11.779550 0.283000 11.515000
309.000000 11.979675 0.283000 11.615000
309.000000 11.979675 0.283000 11.725000
309.125000 11.979675 0.283000 11.815000
309.500000 11.979675 0.283000 11.930000
309.750000 11.979675 0.283000 12.010000
310.125000 11.979675 0.275000 12.115000
310.250000 11.979675 0.275000 12.225000
310.625000 11.979675 0.275000 12.325000
310.625000 11.979675 0.275000 12.415000
310.625000 11.979675 0.275000 12.525000
310.625000 11.979675 0.275000 12.625000
310.875000 11.979675 0.275000 12.715000
310.875000 11.979675 0.275000 12.815000
311.250000 11.979675 0.275000 12.920000
311.250000 11.979675 0.275000 13.030000
311.250000 11.979675 0.263000 13.115000
311.250000 11.979675 0.263000 13.215000
311.375000 11.979675 0.263000 13.320000
311.500000 11.979675 0.263000 13.425000
311.625000 11.979675 0.263000 13.530000
311.625000 11.979675 0.263000 13.630000
311.875000 12.200307 0.263000 13.715000
313.375000 12.200307 0.263000 13.820000
315.250000 12.407686 0.263000 13.930000
316.250000 12.609728 0.263000 14.030000
317.125000 12.817143 0.265000 14.115000
323.125000 13.021682 0.265000 14.230000
327.000000 13.229440 0.265000 14.320000
327.875000 13.438587 0.265000 14.425000
328.500000 13.668493 0.265000 14.530000
330.500000 13.878388 0.265000 14.625000
332.125000 14.080059 0.265000 14.715000
333.125000 14.293647 0.265000 14.820000
333.750000 14.494286 0.265000 14.925000
334.125000 14.694911 0.265000 15.010000
334.750000 14.904817 0.311000 15.110000
335.000000 15.107816 0.311000 15.225000
335.125000 15.310902 0.311000 15.330000
335.750000 15.310902 0.311000 15.420000
336.000000 15.513794 0.311000 15.525000
336.125000 15.728928 0.311000 15.610000
336.250000 15.728928 0.311000 15.720000
336.750000 15.938484 0.311000 15.825000
336.875000 16.138695 0.311000 15.925000
337.000000 16.338779 0.311000 16.014999
337.125000 16.338779 0.311000 16.120001
337.625000 16.545135 0.353000 16.225000
337.750000 16.773331 0.353000 16.320000
338.000000 16.773331 0.353000 16.430000
338.375000 16.978596 0.353000 16.510000
338.375000 16.978596 0.353000 16.629999
338.500000 16.978596 0.353000 16.719999
338.750000 17.180283 0.353000 16.830000
338.750000 17.180283 0.353000 16.915001
338.750000 17.180283 0.353000 17.020000
338.750000 17.180283 0.281000 17.115000
339.000000 17.180283 0.281000 17.225000
339.000000 17.180283 0.281000 17.315001
339.000000 17.180283 0.281000 17.424999
339.000000 17.180283 0.281000 17.514999
339.000000 17.180283 0.281000 17.629999
339.000000 17.180283 0.281000 17.715000
339.125000 17.180283 0.281000 17.830000
339.125000 17.180283 0.281000 17.930000
339.250000 17.180283 0.281000 18.025000
339.375000 17.180283 0.228000 18.110001
339.375000 17.180283 0.228000 18.230000
339.375000 17.180283 0.228000 18.320000
339.500000 17.393618 0.228000 18.430000
339.750000 17.393618 0.228000 18.520000
339.875000 17.595535 0.228000 18.629999
339.875000 17.797588 0.228000 18.719999
340.125000 18.023689 0.228000 18.825001
340.125000 18.248169 0.228000 18.930000
340.125000 18.456388 0.228000 19.014999
340.250000 18.662628 0.275000 19.125000
340.250000 18.662628 0.275000 19.205000
340.250000 18.866079 0.275000 19.320000
340.625000 19.068407 0.275000 19.434999
340.750000 19.274239 0.275000 19.520000
340.875000 19.475817 0.275000 19.625000
341.375000 19.475817 0.275000 19.719999
341.750000 19.682554 0.275000 19.820000
341.750000 19.889240 0.275000 19.910000
341.875000 19.889240 0.275000 20.025000
342.250000 20.125713 0.275000 20.120001
342.375000 20.333015 0.316000 20.205000
342.375000 20.333015 0.316000 20.325001
342.875000 20.562292 0.316000 20.410000
343.250000 20.790945 0.316000 20.520000
343.250000 20.790945 0.316000 20.629999
343.375000 21.010941 0.316000 20.715000
343.500000 21.214674 0.316000 20.825001
343.500000 21.214674 0.316000 20.905001
343.750000 21.420086 0.316000 21.025000
344.125000 21.622486 0.282000 21.115000
344.125000 21.826693 0.282000 21.225000
344.375000 21.826693 0.282000 21.320000
344.375000 22.032011 0.282000 21.420000
344.500000 22.278145 0.282000 21.514999
345.000000 22.479494 0.282000 21.625000
345.375000 22.479494 0.282000 21.715000
346.000000 22.696245 0.282000 21.825001
346.375000 22.903852 0.282000 21.915001
346.750000 22.903852 0.282000 22.030001
347.125000 23.138735 0.272000 22.125000
347.500000 23.343502 0.272000 22.205000
347.875000 23.547121 0.272000 22.325001
348.000000 23.547121 0.272000 22.415001
348.250000 23.765602 0.272000 22.525000
348.625000 23.969173 0.272000 22.615000
349.000000 23.969173 0.272000 22.730000
349.750000 24.188145 0.272000 22.815001
350.250000 24.392601 0.272000 22.924999
350.375000 24.392601 0.272000 23.014999
350.625000 24.605227 0.244000 23.120001
351.000000 24.810560 0.244000 23.215000
351.250000 25.017761 0.244000 23.330000
351.500000 25.218925 0.244000 23.415001
352.000000 25.419323 0.244000 23.525000
352.375000 25.419323 0.244000 23.610001
352.500000 25.628389 0.244000 23.725000
352.875000 25.841705 0.244000 23.809999
353.125000 26.077496 0.244000 23.930000
353.375000 26.285534 0.244000 24.025000
353.500000 26.543964 0.251000 24.120001
354.250000 26.747700 0.251000 24.225000
355.125000 26.747700 0.251000 24.305000
356.000000 26.952452 0.251000 24.420000
356.875000 27.156160 0.251000 24.530001
357.375000 27.386972 0.251000 24.615000
357.875000 27.386972 0.251000 24.725000
358.625000 27.621231 0.251000 24.815001
359.125000 27.824873 0.251000 24.924999
359.625000 27.824873 0.251000 25.010000
360.125000 28.028591 0.238000 25.120001
360.750000 28.233335 0.238000 25.200001
361.625000 28.444786 0.238000 25.315001
362.125000 28.444786 0.238000 25.424999
362.500000 28.670925 0.238000 25.510000
363.000000 28.874153 0.238000 25.629999
363.625000 29.077053 0.238000 25.719999
364.875000 29.077053 0.238000 25.825001
365.875000 29.283375 0.238000 25.910000
366.625000 29.488424 0.238000 26.025000
367.750000 29.488424 0.273000 26.129999
368.375000 29.692564 0.273000 26.219999
369.375000 29.894190 0.273000 26.305000
370.500000 29.894190 0.273000 26.424999
371.125000 30.096107 0.273000 26.510000
371.875000 30.096107 0.273000 26.625000
372.500000 30.096107 0.273000 26.705000
372.875000 30.096107 0.273000 26.825001
373.875000 30.096107 0.273000 26.910000
374.000000 30.296589 0.273000 27.020000
374.500000 30.296589 0.271000 27.129999
374.875000 30.296589 0.271000 27.225000
375.250000 30.296589 0.271000 27.334999
375.750000 30.296589 0.271000 27.420000
376.000000 30.296589 0.271000 27.525000
376.625000 30.296589 0.271000 27.615000
376.875000 30.296589 0.271000 27.730000
377.125000 30.296589 0.271000 27.825001
377.375000 30.296589 0.271000 27.910000
377.500000 30.296589 0.271000 28.020000
377.750000 30.296589 0.240000 28.110001
378.000000 30.296589 0.240000 28.230000
378.125000 30.499197 0.240000 28.309999
378.125000 30.499197 0.240000 28.424999
378.250000 30.729462 0.240000 28.514999
378.500000 30.941620 0.240000 28.620001
378.500000 31.168285 0.240000 28.709999
378.500000 31.381874 0.240000 28.825001
378.625000 31.588236 0.240000 28.915001
378.625000 31.796358 0.240000 29.025000
378.625000 32.005520 0.270000 29.115000
378.750000 32.211334 0.270000 29.225000
378.875000 32.211334 0.270000 29.309999
378.875000 32.418072 0.270000 29.424999
379.000000 32.622704 0.270000 29.510000
379.125000 32.622704 0.270000 29.620001
379.125000 32.622704 0.270000 29.705000
379.125000 32.827469 0.270000 29.825001
379.125000 32.827469 0.270000 29.905001
379.125000 32.827469 0.270000 30.025000
379.250000 32.827469 0.272000 30.115000
379.250000 32.827469 0.272000 30.225000
379.375000 32.827469 0.272000 30.305000
379.375000 32.827469 0.272000 30.420000
379.375000 33.029400 0.272000 30.504999
379.625000 33.029400 0.272000 30.620001
379.625000 33.029400 0.272000 30.725000
379.625000 33.029400 0.272000 30.815001
379.750000 33.029400 0.272000 30.920000
379.750000 33.029400 0.272000 31.014999
379.750000 33.029400 0.271000 31.129999
379.750000 33.029400 0.271000 31.209999
379.750000 33.029400 0.271000 31.330000
379.750000 33.029400 0.271000 31.415001
379.750000 33.029400 0.271000 31.525000
379.750000 33.029400 0.271000 31.610001
379.750000 33.029400 0.271000 31.719999
379.750000 33.029400 0.271000 31.809999
379.750000 33.029400 0.271000 31.924999
379.750000 33.029400 0.271000 32.020000
379.750000 33.029400 0.266000 32.125000
379.750000 33.029400 0.266000 32.235001
379.750000 33.229713 0.266000 32.314999
379.750000 33.229713 0.266000 32.430000
379.750000 33.449379 0.266000 32.514999
379.750000 33.659817 0.266000 32.625000
379.875000 33.885292 0.266000 32.709999
380.125000 34.097942 0.266000 32.825001
380.250000 34.305428 0.266000 32.910000
380.375000 34.511452 0.266000 33.029999
380.625000 34.717346 0.266000 33.125000
380.625000 34.924385 0.308000 33.224998
380.875000 34.924385 0.308000 33.314999
381.000000 35.333649 0.308000 33.430000
381.375000 35.333649 0.308000 33.514999
381.625000 35.534222 0.308000 33.630001
381.750000 35.744446 0.308000 33.715000
382.250000 35.949451 0.308000 33.825001
382.625000 36.154594 0.308000 33.915001
383.375000 36.154594 0.308000 34.029999
383.875000 36.363743 0.262000 34.119999
384.500000 36.363743 0.262000 34.200001
384.875000 36.565357 0.262000 34.320000
385.375000 36.565357 0.262000 34.415001
385.375000 36.565357 0.262000 34.525002
385.375000 36.565357 0.262000 34.605000
385.500000 36.565357 0.262000 34.724998
385.500000 36.565357 0.262000 34.814999
385.625000 36.767147 0.262000 34.919998
385.750000 36.767147 0.262000 35.014999
385.875000 36.767147 0.200000 35.130001
385.875000 36.767147 0.200000 35.220001
385.875000 36.767147 0.200000 35.330002
385.875000 36.767147 0.200000 35.415001
385.875000 36.767147 0.200000 35.525002
386.125000 36.767147 0.200000 35.610001
386.250000 36.767147 0.200000 35.724998
386.375000 36.767147 0.200000 35.825001
386.375000 36.767147 0.200000 35.910000
386.375000 36.767147 0.200000 36.025002
386.375000 36.767147 0.189000 36.130001
386.500000 36.767147 0.189000 36.220001
386.875000 36.967224 0.189000 36.325001
387.000000 36.967224 0.189000 36.424999
387.250000 37.172245 0.189000 36.514999
387.625000 37.374004 0.189000 36.625000
387.750000 37.374004 0.189000 36.709999
388.375000 37.578861 0.189000 36.825001
388.375000 37.578861 0.189000 36.910000
388.875000 37.578861 0.189000 37.020000
389.250000 37.779377 0.231000 37.125000
389.625000 37.779377 0.231000 37.215000
390.000000 37.983929 0.231000 37.325001
390.375000 37.983929 0.231000 37.424999
390.625000 38.207836 0.231000 37.514999
391.000000 38.207836 0.231000 37.630001
391.000000 38.431057 0.231000 37.726002
391.250000 38.636261 0.231000 37.805000
391.375000 38.636261 0.231000 37.924999
391.375000 38.859856 0.231000 38.029999
391.500000 39.092377 0.254000 38.119999
391.875000 39.299450 0.254000 38.230000
392.250000 39.299450 0.254000 38.314999
392.375000 39.501499 0.254000 38.424999
392.750000 39.706558 0.254000 38.514999
393.625000 39.937920 0.254000 38.625000
394.000000 40.163979 0.254000 38.709999
394.250000 40.392124 0.254000 38.825001
394.750000 40.601315 0.254000 38.915001
395.250000 40.810940 0.254000 39.025002
396.000000 40.810940 0.271000 39.110001
397.125000 41.220856 0.271000 39.230000
397.875000 41.220856 0.271000 39.305000
398.125000 41.420952 0.271000 39.419998
398.750000 41.630383 0.271000 39.505001
399.000000 41.838947 0.271000 39.625000
399.500000 42.067574 0.271000 39.715000
400.375000 42.276806 0.271000 39.830002
401.375000 42.486324 0.271000 39.915001
402.375000 42.705315 0.271000 40.025002
403.250000 42.946266 0.256000 40.110001
404.125000 43.147079 0.256000 40.220001
404.625000 43.350353 0.256000 40.310001
405.000000 43.550770 0.256000 40.419998
405.750000 43.755547 0.256000 40.525002
406.500000 43.755547 0.256000 40.610001
407.125000 44.171272 0.256000 40.730000
408.625000 44.171272 0.256000 40.814999
408.750000 44.380474 0.256000 40.930000
409.000000 44.609879 0.256000 41.014999
409.750000 44.825909 0.259000 41.125000
410.125000 45.068981 0.259000 41.209999
411.125000 45.274235 0.259000 41.320000
411.375000 45.475525 0.259000 41.410000
412.625000 45.680683 0.259000 41.525002
413.750000 45.887695 0.259000 41.619999
414.500000 45.887695 0.259000 41.705002
415.750000 46.096020 0.259000 41.820000
417.000000 46.305161 0.259000 41.924999
417.750000 46.514683 0.259000 42.014999
418.750000 46.721706 0.276000 42.130001
419.250000 46.938046 0.276000 42.215000
420.250000 47.157635 0.276000 42.325001
422.000000 47.402847 0.276000 42.419998
423.125000 47.616131 0.276000 42.535000
424.375000 47.822777 0.276000 42.619999
425.625000 48.031063 0.276000 42.724998
426.250000 48.031063 0.276000 42.810001
427.750000 48.240135 0.276000 42.924999
428.875000 48.489429 0.276000 43.014999
430.000000 48.715466 0.255000 43.130001
431.625000 48.949883 0.255000 43.209999
432.500000 49.164406 0.255000 43.330002
432.875000 49.365986 0.255000 43.424999
433.625000 49.571770 0.255000 43.514999
435.375000 49.778244 0.255000 43.630001
436.875000 49.778244 0.255000 43.715000
438.875000 50.193558 0.255000 43.830002
440.750000 50.193558 0.255000 43.915001
443.000000 50.402306 0.255000 44.025002
445.375000 50.619682 0.268000 44.110001
447.000000 50.847580 0.268000 44.220001
448.125000 51.079025 0.268000 44.310001
448.875000 51.287857 0.268000 44.419998
451.000000 51.492393 0.268000 44.509998
451.375000 51.698662 0.268000 44.625000
451.500000 51.698662 0.268000 44.709999
451.500000 51.913727 0.268000 44.820000
451.500000 52.138535 0.268000 44.930000
451.625000 52.364044 0.268000 45.014999
451.625000 52.589836 0.277000 45.125000
451.750000 52.791809 0.277000 45.220001
451.875000 53.014702 0.277000 45.305000
451.875000 53.260834 0.277000 45.430000
451.875000 53.467587 0.277000 45.514999
452.000000 53.467587 0.277000 45.615002
452.125000 53.674660 0.277000 45.720001
452.250000 53.902191 0.277000 45.830002
452.250000 54.140854 0.277000 45.924999
452.250000 54.349991 0.277000 46.014999
452.375000 54.574619 0.282000 46.125000
452.375000 54.793667 0.282000 46.215000
452.375000 54.995377 0.282000 46.330002
452.375000 54.995377 0.282000 46.424999
452.500000 54.995377 0.282000 46.514999
452.500000 55.199913 0.282000 46.625000
452.500000 55.199913 0.282000 46.715000
452.625000 55.199913 0.282000 46.825001
452.625000 55.401432 0.282000 46.910000
452.625000 55.401432 0.282000 47.020000
452.750000 55.401432 0.229000 47.130001
452.750000 55.401432 0.229000 47.224998
452.750000 55.401432 0.229000 47.310001
452.750000 55.401432 0.229000 47.419998
452.750000 55.401432 0.229000 47.525002
452.750000 55.401432 0.229000 47.615002
452.750000 55.401432 0.229000 47.724998
452.750000 55.401432 0.229000 47.820000
452.750000 55.401432 0.229000 47.930000
452.750000 55.401432 0.229000 48.009998
452.750000 55.401432 0.213000 48.130001
452.750000 55.401432 0.213000 48.215000
452.750000 55.401432 0.213000 48.330002
452.750000 55.401432 0.213000 48.415001
452.750000 55.401432 0.213000 48.529999
452.750000 55.401432 0.213000 48.615002
452.750000 55.401432 0.213000 48.730000
452.750000 55.401432 0.213000 48.814999
452.750000 55.401432 0.213000 48.930000
452.750000 55.401432 0.213000 49.014999
452.750000 55.401432 0.212000 49.125000
452.750000 55.401432 0.212000 49.205002
452.750000 55.401432 0.212000 49.320000
452.750000 55.401432 0.212000 49.410000
452.750000 55.608013 0.212000 49.525002
452.750000 55.608013 0.212000 49.610001
452.750000 55.814484 0.212000 49.724998
452.750000 56.016502 0.212000 49.805000
452.875000 56.229645 0.212000 49.919998
452.875000 56.478939 0.212000 50.025002
452.875000 56.700871 0.245000 50.115002
453.000000 56.922310 0.245000 50.230000
453.000000 57.128956 0.245000 50.314999
453.750000 57.128956 0.245000 50.424999
453.875000 57.359234 0.245000 50.514999
454.125000 57.561401 0.245000 50.625000
454.250000 57.763878 0.245000 50.715000
454.375000 57.763878 0.245000 50.820000
454.375000 57.978783 0.245000 50.910000
454.500000 58.185612 0.245000 51.025002
454.750000 58.392067 0.276000 51.115002
454.750000 58.392067 0.276000 51.224998
454.750000 58.598923 0.276000 51.334999
454.875000 58.806572 0.276000 51.419998
455.000000 59.014938 0.276000 51.525002
455.250000 59.224148 0.276000 51.615002
455.250000 59.428085 0.276000 51.730000
455.625000 59.632816 0.276000 51.814999
456.125000 59.838703 0.276000 51.924999
456.625000 60.046223 0.276000 52.020000
456.750000 60.254551 0.268000 52.130001
457.250000 60.254551 0.268000 52.215000
457.500000 60.457092 0.268000 52.330002
457.750000 60.668262 0.268000 52.410000
458.000000 60.870045 0.268000 52.520000
458.000000 61.076664 0.268000 52.615002
458.250000 61.076664 0.268000 52.720001
458.500000 61.277790 0.268000 52.805000
458.500000 61.506084 0.268000 52.924999
458.625000 61.506084 0.268000 53.014999
459.000000 61.711323 0.273000 53.130001
459.000000 61.937950 0.273000 53.215000
459.250000 61.937950 0.273000 53.330002
459.250000 62.165997 0.273000 53.410000
459.250000 62.366798 0.273000 53.529999
459.500000 62.568718 0.273000 53.625000
460.000000 62.568718 0.273000 53.715000
460.125000 62.786331 0.273000 53.825001
460.375000 62.989361 0.273000 53.915001
460.625000 62.989361 0.273000 54.025002
461.000000 63.215179 0.269000 54.115002
461.125000 63.419243 0.269000 54.224998
461.125000 63.624451 0.269000 54.330002
461.250000 63.624451 0.269000 54.430000
461.250000 63.835949 0.269000 54.520000
461.250000 64.036987 0.269000 54.630001
461.500000 64.237030 0.269000 54.709999
461.500000 64.237030 0.269000 54.814999
461.500000 64.437073 0.269000 54.915001
461.625000 64.645477 0.254000 55.029999
461.875000 64.849464 0.254000 55.115002
462.125000 64.849464 0.254000 55.224998
462.250000 65.065811 0.254000 55.305000
462.375000 65.274109 0.254000 55.419998
462.375000 65.484627 0.254000 55.505001
462.625000 65.686913 0.254000 55.619999
463.000000 65.894302 0.254000 55.715000
463.000000 66.104370 0.254000 55.825001
463.125000 66.305504 0.254000 55.915001
463.125000 66.524872 0.254000 56.029999
463.250000 66.733665 0.217000 56.125000
463.375000 66.733665 0.217000 56.215000
463.375000 66.940475 0.217000 56.325001
463.625000 67.146812 0.217000 56.404999
463.750000 67.146812 0.217000 56.525002
463.875000 67.347336 0.217000 56.619999
463.875000 67.347336 0.217000 56.735001
463.875000 67.347336 0.217000 56.814999
463.875000 67.548683 0.217000 56.919998
463.875000 67.548683 0.173000 57.005001
463.875000 67.548683 0.173000 57.115002
463.875000 67.548683 0.173000 57.230000
464.000000 67.548683 0.173000 57.314999
464.125000 67.548683 0.173000 57.424999
464.125000 67.548683 0.173000 57.514999
464.125000 67.548683 0.173000 57.630001
464.125000 67.548683 0.173000 57.715000
464.125000 67.548683 0.173000 57.830002
464.125000 67.548683 0.173000 57.919998
464.125000 67.548683 0.173000 58.014999
464.125000 67.548683 0.170000 58.125000
464.125000 67.548683 0.170000 58.215000
464.125000 67.548683 0.170000 58.325001
464.250000 67.750015 0.170000 58.410000
464.250000 67.750015 0.170000 58.525002
464.500000 67.964935 0.170000 58.615002
464.625000 67.964935 0.170000 58.730000
464.625000 68.182632 0.170000 58.820000
464.750000 68.386322 0.170000 58.895000
464.875000 68.386322 0.163000 59.014999
465.125000 68.620003 0.163000 59.130001
465.125000 68.822906 0.163000 59.215000
465.500000 68.822906 0.163000 59.299999
465.500000 69.027176 0.163000 59.419998
465.500000 69.230858 0.163000 59.525002
465.875000 69.465630 0.163000 59.619999
465.875000 69.666824 0.163000 59.730000
465.875000 69.666824 0.163000 59.814999
466.000000 69.870476 0.163000 59.930000
466.000000 70.087204 0.163000 60.025002
466.125000 70.291161 0.223000 60.110001
466.375000 70.507858 0.223000 60.224998
466.500000 70.752213 0.223000 60.320000
466.750000 70.958244 0.223000 60.419998
466.875000 70.958244 0.223000 60.509998
466.875000 71.189255 0.223000 60.625000
467.250000 71.391197 0.223000 60.709999
467.375000 71.591805 0.223000 60.825001
467.375000 71.591805 0.223000 60.915001
467.375000 71.812691 0.223000 61.020000
467.625000 72.019157 0.194000 61.110001
468.000000 72.019157 0.194000 61.220001
468.000000 72.233208 0.194000 61.310001
468.250000 72.448982 0.194000 61.419998
468.250000 72.662018 0.194000 61.509998
468.250000 72.872391 0.194000 61.619999
469.000000 73.088974 0.194000 61.730000
469.000000 73.298660 0.194000 61.814999
469.250000 73.506775 0.194000 61.924999
470.750000 73.506775 0.194000 62.009998
472.000000 73.713799 0.233000 62.125000
473.625000 73.931297 0.233000 62.209999
475.375000 74.131561 0.233000 62.325001
475.750000 74.338043 0.233000 62.410000
476.625000 74.338043 0.233000 62.525002
477.875000 74.565636 0.233000 62.610001
479.000000 74.767380 0.233000 62.724998
479.625000 74.974350 0.233000 62.820000
480.125000 74.974350 0.233000 62.930000
481.250000 75.174782 0.233000 63.014999
481.750000 75.396164 0.202000 63.130001
483.625000 75.396164 0.202000 63.220001
483.875000 75.605377 0.202000 63.330002
484.625000 75.605377 0.202000 63.419998
485.750000 75.605377 0.202000 63.525002
485.875000 75.812981 0.202000 63.615002
486.125000 75.812981 0.202000 63.720001
486.375000 75.812981 0.202000 63.810001
486.375000 75.812981 0.202000 63.924999
486.375000 75.812981 0.202000 64.014999
486.375000 75.812981 0.223000 64.125000
486.500000 75.812981 0.223000 64.214996
486.500000 75.812981 0.223000 64.324997
486.500000 76.013084 0.223000 64.430000
486.500000 76.013084 0.223000 64.514999
486.500000 76.013084 0.223000 64.629997
486.500000 76.013084 0.223000 64.714996
486.500000 76.013084 0.223000 64.824997
486.500000 76.013084 0.223000 64.915001
486.500000 76.013084 0.223000 65.025002
486.500000 76.013084 0.218000 65.120003
486.500000 76.013084 0.218000 65.230003
486.875000 76.013084 0.218000 65.315002
487.125000 76.013084 0.218000 65.425003
487.625000 76.228630 0.218000 65.514999
487.625000 76.228630 0.218000 65.629997
487.625000 76.432365 0.218000 65.714996
487.625000 76.648766 0.218000 65.830002
487.750000 76.648766 0.218000 65.925003
487.875000 76.864639 0.218000 66.014999
487.875000 77.067467 0.235000 66.129997
487.875000 77.067467 0.235000 66.214996
488.250000 77.285667 0.235000 66.330002
488.375000 77.488792 0.235000 66.415001
489.000000 77.706963 0.235000 66.529999
489.125000 77.706963 0.235000 66.625000
489.250000 77.910355 0.235000 66.714996
489.250000 78.118553 0.235000 66.824997
489.500000 78.332069 0.235000 66.915001
489.625000 78.542114 0.235000 67.029999
489.875000 78.746269 0.255000 67.125000
489.875000 78.746269 0.255000 67.205002
490.000000 78.958794 0.255000 67.324997
490.000000 79.186516 0.255000 67.415001
490.000000 79.390022 0.255000 67.529999
490.500000 79.591331 0.255000 67.614998
490.625000 79.591331 0.255000 67.724998
491.000000 79.796898 0.255000 67.809998
491.125000 80.009552 0.255000 67.919998
491.250000 80.009552 0.255000 68.029999
491.500000 80.230217 0.233000 68.120003
491.625000 80.436325 0.233000 68.230003
491.625000 80.436325 0.233000 68.320000
492.000000 80.642181 0.233000 68.425003
492.000000 80.847580 0.233000 68.514999
492.875000 81.052399 0.233000 68.620003
492.875000 81.052399 0.233000 68.714996
492.875000 81.256592 0.233000 68.830002
493.125000 81.467873 0.233000 68.915001
493.375000 81.467873 0.233000 69.025002
493.625000 81.679825 0.213000 69.105003
493.875000 81.885849 0.213000 69.224998
494.125000 81.885849 0.213000 69.315002
494.375000 82.108116 0.213000 69.430000
494.500000 82.309357 0.213000 69.519997
494.500000 82.526596 0.213000 69.629997
494.625000 82.526596 0.213000 69.714996
494.625000 82.730186 0.213000 69.820000
494.750000 82.957771 0.213000 69.915001
494.875000 82.957771 0.213000 70.025002
494.875000 83.186615 0.209000 70.110001
494.875000 83.394417 0.209000 70.224998
494.875000 83.394417 0.209000 70.309998
495.000000 83.618126 0.209000 70.425003
495.000000 83.618126 0.209000 70.510002
495.000000 83.821648 0.209000 70.629997
495.000000 83.821648 0.209000 70.714996
495.000000 83.821648 0.209000 70.824997
495.000000 83.821648 0.209000 70.919998
495.000000 84.022751 0.209000 71.029999
495.000000 84.022751 0.252000 71.114998
495.000000 84.022751 0.252000 71.230003
495.125000 84.022751 0.252000 71.315002
495.125000 84.022751 0.252000 71.425003
495.250000 84.022751 0.252000 71.535004
495.375000 84.022751 0.252000 71.614998
495.375000 84.022751 0.252000 71.735001
495.375000 84.022751 0.252000 71.824997
495.375000 84.022751 0.252000 71.915001
495.375000 84.022751 0.252000 72.025002
495.500000 84.022751 0.240000 72.120003
495.500000 84.022751 0.240000 72.224998
495.500000 84.022751 0.240000 72.315002
495.500000 84.223335 0.240000 72.425003
495.625000 84.223335 0.240000 72.504997
495.625000 84.448578 0.240000 72.629997
495.750000 84.677795 0.240000 72.714996
495.875000 84.894997 0.240000 72.830002
495.875000 84.894997 0.240000 72.910004
496.250000 85.118622 0.240000 73.025002
496.500000 85.355980 0.236000 73.135002
496.750000 85.572807 0.236000 73.220001
496.875000 85.793159 0.236000 73.330002
496.875000 85.793159 0.236000 73.415001
496.875000 85.998268 0.236000 73.529999
496.875000 85.998268 0.236000 73.610001
496.875000 86.199364 0.236000 73.730003
496.875000 86.199364 0.236000 73.815002
496.875000 86.199364 0.236000 73.930000
496.875000 86.199364 0.236000 74.019997
496.875000 86.199364 0.266000 74.110001
496.875000 86.199364 0.266000 74.224998
496.875000 86.399544 0.266000 74.305000
496.875000 86.399544 0.266000 74.419998
497.000000 86.399544 0.266000 74.529999
497.000000 86.399544 0.266000 74.620003
497.000000 86.399544 0.266000 74.730003
497.000000 86.399544 0.266000 74.815002
497.000000 86.399544 0.266000 74.925003
497.000000 86.399544 0.266000 75.010002
497.000000 86.399544 0.261000 75.125000
497.000000 86.399544 0.261000 75.209999
497.000000 86.399544 0.261000 75.324997
497.000000 86.399544 0.261000 75.410004
497.000000 86.399544 0.261000 75.519997
497.000000 86.399544 0.261000 75.605003
497.000000 86.399544 0.261000 75.724998
497.000000 86.399544 0.261000 75.809998
497.000000 86.399544 0.261000 75.925003
497.000000 86.602592 0.261000 76.019997
497.000000 86.802605 0.256000 76.129997
497.250000 87.003487 0.256000 76.214996
497.250000 87.209366 0.256000 76.324997
497.500000 87.209366 0.256000 76.415001
497.500000 87.411568 0.256000 76.525002
497.500000 87.622902 0.256000 76.610001
497.625000 87.824654 0.256000 76.724998
497.625000 88.027107 0.256000 76.815002
497.750000 88.027107 0.256000 76.900002
497.750000 88.231918 0.256000 77.014999
497.875000 88.458946 0.257000 77.129997
497.875000 88.664032 0.257000 77.214996
497.875000 88.664032 0.257000 77.330002
498.000000 88.868851 0.257000 77.419998
498.000000 89.070084 0.257000 77.529999
498.125000 89.070084 0.257000 77.614998
498.125000 89.275360 0.257000 77.724998
498.125000 89.490974 0.257000 77.815002
498.125000 89.490974 0.257000 77.925003
498.250000 89.490974 0.257000 78.025002
498.250000 89.696342 0.213000 78.114998
498.250000 89.696342 0.213000 78.230003
498.250000 89.696342 0.213000 78.315002
498.250000 89.696342 0.213000 78.400002
498.250000 89.696342 0.213000 78.514999
498.250000 89.696342 0.213000 78.629997
498.250000 89.896538 0.213000 78.714996
498.250000 89.896538 0.213000 78.830002
498.250000 89.896538 0.213000 78.915001
498.375000 89.896538 0.213000 79.029999
498.375000 89.896538 0.186000 79.114998
498.375000 89.896538 0.186000 79.230003
498.375000 89.896538 0.186000 79.315002
498.375000 89.896538 0.186000 79.430000
498.500000 89.896538 0.186000 79.519997
498.500000 89.896538 0.186000 79.625000
498.500000 89.896538 0.186000 79.714996
498.500000 89.896538 0.186000 79.830002
498.500000 89.896538 0.186000 79.915001
498.500000 89.896538 0.186000 80.029999
498.500000 89.896538 0.187000 80.120003
498.500000 89.896538 0.187000 80.199997
498.500000 89.896538 0.187000 80.320000
498.500000 89.896538 0.187000 80.430000
498.500000 89.896538 0.187000 80.514999
498.500000 89.896538 0.187000 80.629997
498.500000 89.896538 0.187000 80.714996
498.500000 89.896538 0.187000 80.830002
498.500000 89.896538 0.187000 80.925003
498.500000 89.896538 0.187000 81.014999
498.500000 89.896538 0.190000 81.125000
498.500000 90.121407 0.190000 81.224998
498.500000 90.121407 0.190000 81.315002
498.500000 90.329216 0.190000 81.430000
498.500000 90.535492 0.190000 81.519997
498.500000 90.774055 0.190000 81.629997
498.500000 90.999451 0.190000 81.709999
498.500000 91.227402 0.190000 81.830002
498.500000 91.436752 0.190000 81.915001
498.500000 91.636787 0.190000 82.029999
498.500000 91.837219 0.241000 82.114998
498.500000 92.037872 0.241000 82.230003
498.500000 92.238289 0.241000 82.324997
498.750000 92.448135 0.241000 82.415001
499.000000 92.657623 0.241000 82.529999
499.000000 92.657623 0.241000 82.620003
499.125000 92.896942 0.241000 82.705002
499.125000 93.146812 0.241000 82.824997
499.125000 93.346970 0.241000 82.919998
499.250000 93.577171 0.241000 83.025002
499.250000 93.806900 0.236000 83.114998
499.375000 94.016754 0.236000 83.230003
499.375000 94.216873 0.236000 83.315002
499.625000 94.437035 0.236000 83.430000
499.625000 94.646500 0.236000 83.525002
499.625000 94.646500 0.236000 83.610001
499.625000 94.846672 0.236000 83.724998
499.625000 95.064850 0.236000 83.815002
499.750000 95.268677 0.236000 83.930000
499.875000 95.473495 0.236000 84.014999
499.875000 95.473495 0.256000 84.125000
499.875000 95.689720 0.256000 84.214996
500.000000 95.689720 0.256000 84.324997
500.000000 95.689720 0.256000 84.410004
500.000000 95.889809 0.256000 84.519997
500.000000 95.889809 0.256000 84.629997
500.000000 95.889809 0.256000 84.720001
500.000000 95.889809 0.256000 84.830002
500.000000 95.889809 0.256000 84.919998
500.000000 95.889809 0.169000 85.025002
500.000000 95.889809 0.169000 85.105003
500.000000 95.889809 0.169000 85.220001
500.000000 95.889809 0.169000 85.305000
500.125000 95.889809 0.169000 85.425003
500.125000 95.889809 0.169000 85.519997
500.125000 95.889809 0.169000 85.629997
500.125000 95.889809 0.169000 85.709999
500.125000 95.889809 0.169000 85.824997
500.250000 95.889809 0.169000 85.904999
500.250000 95.889809 0.148000 86.025002
500.250000 95.889809 0.148000 86.114998
500.250000 95.889809 0.148000 86.224998
500.250000 95.889809 0.148000 86.315002
500.250000 95.889809 0.148000 86.430000
500.250000 95.889809 0.148000 86.514999
500.250000 95.889809 0.148000 86.629997
500.250000 95.889809 0.148000 86.714996
500.250000 96.091057 0.148000 86.830002
500.250000 96.091057 0.148000 86.919998
500.250000 96.302010 0.169000 87.029999
500.375000 96.522903 0.169000 87.110001
500.375000 96.725357 0.169000 87.224998
500.375000 96.725357 0.169000 87.315002
500.375000 96.956169 0.169000 87.430000
500.375000 97.161217 0.169000 87.514999
500.375000 97.364059 0.169000 87.625000
500.375000 97.364059 0.169000 87.705002
500.375000 97.585129 0.169000 87.820000
500.375000 97.800583 0.169000 87.925003
500.500000 98.037827 0.169000 88.014999
500.500000 98.265915 0.222000 88.129997
500.500000 98.474045 0.222000 88.224998
500.625000 98.731834 0.222000 88.320000
500.625000 98.940773 0.222000 88.425003
500.875000 99.149849 0.222000 88.519997
500.875000 99.357857 0.222000 88.629997
500.875000 99.357857 0.222000 88.714996
501.000000 99.559586 0.222000 88.830002
501.000000 99.559586 0.222000 88.915001
501.000000 99.759811 0.222000 89.029999
501.000000 99.759811 0.246000 89.114998
501.000000 99.759811 0.246000 89.230003
501.125000 99.960068 0.246000 89.315002
501.125000 99.960068 0.246000 89.430000
501.125000 99.960068 0.246000 89.514999
501.125000 99.960068 0.246000 89.629997
501.125000 99.960068 0.246000 89.714996
501.125000 99.960068 0.246000 89.830002
501.125000 99.960068 0.246000 89.915001
501.250000 99.960068 0.246000 90.025002
501.250000 99.960068 0.256000 90.114998
501.250000 99.960068 0.256000 90.220001
501.250000 99.960068 0.256000 90.305000
501.250000 99.960068 0.256000 90.425003
501.250000 99.960068 0.256000 90.510002
501.250000 99.960068 0.256000 90.629997
501.250000 99.960068 0.256000 90.724998
501.250000 99.960068 0.256000 90.805000
501.250000 99.960068 0.256000 90.919998
501.250000 99.960068 0.256000 91.029999
501.250000 99.960068 0.216000 91.114998
501.250000 99.960068 0.216000 91.224998
501.250000 99.960068 0.216000 91.315002
501.250000 99.960068 0.216000 91.425003
501.250000 100.166374 0.216000 91.519997
501.250000 100.166374 0.216000 91.614998
501.250000 100.372551 0.216000 91.724998
501.375000 100.589600 0.216000 91.820000
501.625000 100.589600 0.216000 91.934998
501.625000 100.818306 0.216000 92.019997
501.750000 101.019203 0.211000 92.125000
501.750000 101.019203 0.211000 92.209999
501.750000 101.221977 0.211000 92.330002
501.750000 101.425941 0.211000 92.415001
501.750000 101.653336 0.211000 92.529999
501.750000 101.653336 0.211000 92.610001
501.750000 101.856812 0.211000 92.730003
501.750000 102.057350 0.211000 92.815002
501.875000 102.262482 0.211000 92.930000
501.875000 102.472168 0.211000 93.014999
501.875000 102.676163 0.232000 93.129997
501.875000 102.676163 0.232000 93.220001
501.875000 102.879845 0.232000 93.330002
501.875000 102.879845 0.232000 93.419998
501.875000 103.085403 0.232000 93.519997
501.875000 103.085403 0.232000 93.614998
501.875000 103.085403 0.232000 93.735001
501.875000 103.085403 0.232000 93.820000
501.875000 103.085403 0.232000 93.930000
501.875000 103.289970 0.232000 94.014999
501.875000 103.289970 0.208000 94.129997
501.875000 103.289970 0.208000 94.214996
501.875000 103.289970 0.208000 94.324997
501.875000 103.289970 0.208000 94.415001
501.875000 103.289970 0.208000 94.525002
501.875000 103.289970 0.208000 94.610001
501.875000 103.289970 0.208000 94.720001
501.875000 103.289970 0.208000 94.824997
501.875000 103.289970 0.208000 94.915001
501.875000 103.289970 0.208000 95.029999
501.875000 103.289970 0.204000 95.114998
501.875000 103.289970 0.204000 95.230003
501.875000 103.289970 0.204000 95.315002
501.875000 103.289970 0.204000 95.425003
501.875000 103.289970 0.204000 95.514999
501.875000 103.289970 0.204000 95.629997
501.875000 103.289970 0.204000 95.720001
501.875000 103.289970 0.204000 95.824997
501.875000 103.289970 0.204000 95.934998
501.875000 103.289970 0.204000 96.014999
501.875000 103.289970 0.192000 96.129997
501.875000 103.289970 0.192000 96.214996
501.875000 103.289970 0.192000 96.330002
501.875000 103.510338 0.192000 96.415001
501.875000 103.510338 0.192000 96.529999
501.875000 103.718048 0.192000 96.614998
501.875000 103.924622 0.192000 96.730003
501.875000 103.924622 0.192000 96.815002
501.875000 104.128265 0.192000 96.930000
501.875000 104.371475 0.192000 97.019997
501.875000 104.371475 0.214000 97.129997
501.875000 104.595688 0.214000 97.214996
502.000000 104.799118 0.214000 97.330002
502.000000 104.799118 0.214000 97.415001
502.000000 105.003296 0.214000 97.529999
502.000000 105.207985 0.214000 97.614998
502.000000 105.413239 0.214000 97.730003
502.000000 105.616020 0.214000 97.820000
502.250000 105.616020 0.214000 97.925003
502.250000 105.849113 0.214000 98.010002
502.250000 106.056000 0.214000 98.120003
502.250000 106.259941 0.214000 98.230003
502.250000 106.259941 0.214000 98.315002
502.250000 106.460197 0.214000 98.425003
502.250000 106.460197 0.214000 98.510002
502.250000 106.661400 0.214000 98.625000
502.250000 106.661400 0.214000 98.709999
502.250000 106.661400 0.214000 98.834999
502.250000 106.661400 0.214000 98.919998
502.375000 106.661400 0.214000 99.029999
502.375000 106.661400 0.210000 99.120003
502.375000 106.661400 0.210000 99.224998
502.375000 106.661400 0.210000 99.330002
502.500000 106.861588 0.210000 99.415001
502.500000 106.861588 0.210000 99.529999
502.500000 106.861588 0.210000 99.620003
502.500000 106.861588 0.210000 99.730003
502.500000 106.861588 0.210000 99.815002
502.500000 106.861588 0.210000 99.919998
502.500000 106.861588 0.210000 100.010002
502.500000 106.861588 0.208000 100.125000
502.500000 106.861588 0.208000 100.209999
502.500000 106.861588 0.208000 100.320000
502.500000 106.861588 0.208000 100.410004
502.500000 106.861588 0.208000 100.529999
502.500000 106.861588 0.208000 100.614998
502.500000 106.861588 0.208000 100.724998
502.500000 106.861588 0.208000 100.815002
502.500000 106.861588 0.208000 100.930000
502.500000 106.861588 0.208000 101.025002
502.500000 106.861588 0.199000 101.110001
502.500000 106.861588 0.199000 101.224998
502.500000 106.861588 0.199000 101.309998
502.500000 106.861588 0.199000 101.430000
502.500000 107.064789 0.199000 101.514999
502.500000 107.064789 0.199000 101.625000
502.625000 107.298164 0.199000 101.720001
502.750000 107.511871 0.199000 101.820000
502.750000 107.511871 0.199000 101.904999
503.125000 107.715988 0.199000 102.019997
503.125000 107.922180 0.219000 102.125000
503.250000 108.129463 0.219000 102.220001
503.250000 108.129463 0.219000 102.330002
503.250000 108.329887 0.219000 102.425003
503.250000 108.531784 0.219000 102.510002
503.250000 108.735367 0.219000 102.625000
503.250000 108.735367 0.219000 102.714996
503.250000 108.962662 0.219000 102.824997
503.250000 109.167709 0.219000 102.934998
503.250000 109.167709 0.219000 103.019997
503.250000 109.372665 0.226000 103.129997
503.250000 109.577881 0.226000 103.220001
503.250000 109.785240 0.226000 103.309998
503.250000 109.785240 0.226000 103.419998
503.250000 109.987968 0.226000 103.529999
503.250000 109.987968 0.226000 103.635002
503.250000 109.987968 0.226000 103.720001
503.250000 110.189842 0.226000 103.805000
503.250000 110.189842 0.226000 103.919998
503.250000 110.189842 0.226000 104.025002
503.250000 110.189842 0.219000 104.110001
503.250000 110.189842 0.219000 104.224998
503.250000 110.189842 0.219000 104.315002
503.250000 110.189842 0.219000 104.425003
503.250000 110.189842 0.219000 104.519997
503.250000 110.189842 0.219000 104.625000
503.250000 110.189842 0.219000 104.714996
503.250000 110.189842 0.219000 104.815002
503.250000 110.389938 0.207000 104.910004
503.250000 110.389938 0.207000 105.010002
503.250000 110.389938 0.207000 105.114998
503.250000 110.389938 0.207000 105.230003
503.250000 110.389938 0.207000 105.320000
503.250000 110.389938 0.207000 105.425003
503.250000 110.389938 0.207000 105.514999
503.250000 110.389938 0.207000 105.625000
503.250000 110.389938 0.207000 105.714996
503.250000 110.389938 0.207000 105.830002
503.250000 110.389938 0.207000 105.915001
503.250000 110.618805 0.207000 106.029999
503.250000 110.618805 0.196000 106.120003
503.250000 110.838799 0.196000 106.224998
503.250000 111.040047 0.196000 106.320000
503.250000 111.040047 0.196000 106.430000
503.250000 111.243744 0.196000 106.514999
503.250000 111.473534 0.196000 106.629997
503.250000 111.473534 0.196000 106.724998
503.250000 111.676613 0.196000 106.809998
503.250000 111.880966 0.196000 106.919998
503.250000 112.085861 0.196000 107.025002
503.250000 112.085861 0.223000 107.110001
503.250000 112.309914 0.223000 107.230003
503.250000 112.309914 0.223000 107.315002
503.375000 112.513939 0.223000 107.425003
503.375000 112.513939 0.223000 107.514999
503.375000 112.714600 0.223000 107.629997
503.375000 112.714600 0.223000 107.720001
503.500000 112.714600 0.223000 107.824997
503.500000 112.714600 0.223000 107.915001
503.500000 112.714600 0.223000 108.029999
503.500000 112.714600 0.221000 108.125000
503.875000 112.714600 0.221000 108.214996
503.875000 112.714600 0.221000 108.330002
503.875000 112.714600 0.221000 108.415001
503.875000 112.714600 0.221000 108.519997
503.875000 112.914688 0.221000 108.614998
503.875000 112.914688 0.221000 108.724998
503.875000 112.914688 0.221000 108.815002
504.000000 112.914688 0.221000 108.925003
504.000000 112.914688 0.221000 109.019997
504.125000 112.914688 0.220000 109.110001
504.375000 112.914688 0.220000 109.230003
504.500000 113.126404 0.220000 109.315002
504.750000 113.126404 0.220000 109.430000
504.750000 113.329086 0.220000 109.514999
504.750000 113.543114 0.220000 109.629997
504.750000 113.543114 0.220000 109.714996
504.750000 113.744179 0.220000 109.830002
505.000000 113.979279 0.220000 109.915001
505.000000 114.180931 0.220000 110.029999
505.000000 114.382629 0.221000 110.139999
505.000000 114.382629 0.221000 110.220001
505.000000 114.582680 0.221000 110.305000
505.125000 114.797729 0.221000 110.419998
505.250000 114.797729 0.221000 110.529999
505.250000 114.998817 0.221000 110.614998
505.250000 114.998817 0.221000 110.730003
505.250000 114.998817 0.221000 110.820000
505.250000 114.998817 0.221000 110.934998
505.250000 114.998817 0.221000 111.019997
505.250000 115.200142 0.194000 111.129997
505.250000 115.200142 0.194000 111.220001
505.250000 115.200142 0.194000 111.330002
505.250000 115.200142 0.194000 111.415001
505.250000 115.200142 0.194000 111.529999
505.250000 115.402428 0.194000 111.625000
505.375000 115.402428 0.194000 111.730003
505.375000 115.608635 0.194000 111.809998
505.500000 115.608635 0.194000 111.930000
505.500000 115.824921 0.194000 112.014999
505.625000 116.030029 0.178000 112.125000
505.625000 116.030029 0.178000 112.209999
505.625000 116.256386 0.178000 112.330002
505.625000 116.256386 0.178000 112.415001
505.625000 116.458923 0.178000 112.529999
505.750000 116.458923 0.178000 112.620003
505.750000 116.458923 0.178000 112.724998
505.750000 116.458923 0.178000 112.815002
505.750000 116.458923 0.178000 112.930000
505.750000 116.458923 0.162000 113.014999
505.750000 116.659477 0.162000 113.129997
505.750000 116.659477 0.162000 113.220001
505.750000 116.659477 0.162000 113.320000
505.750000 116.659477 0.162000 113.415001
505.750000 116.659477 0.162000 113.525002
505.750000 116.659477 0.162000 113.614998
505.750000 116.659477 0.162000 113.724998
505.750000 116.659477 0.162000 113.815002
505.750000 116.659477 0.162000 113.930000
505.750000 116.659477 0.146000 114.035004
505.750000 116.659477 0.146000 114.114998
505.750000 116.659477 0.146000 114.230003
505.750000 116.659477 0.146000 114.315002
505.750000 116.659477 0.146000 114.430000
505.750000 116.659477 0.146000 114.525002
505.750000 116.659477 0.146000 114.610001
505.750000 116.659477 0.146000 114.724998
505.750000 116.659477 0.146000 114.815002
505.750000 116.659477 0.146000 114.925003
505.750000 116.659477 0.139000 115.014999
505.750000 116.659477 0.139000 115.125000
505.750000 116.861496 0.139000 115.224998
505.750000 116.861496 0.139000 115.320000
505.750000 117.082191 0.139000 115.425003
505.750000 117.082191 0.139000 115.510002
505.750000 117.292084 0.139000 115.629997
505.750000 117.493073 0.139000 115.714996
505.750000 117.697563 0.139000 115.834999
505.750000 117.902725 0.139000 115.930000
505.875000 117.902725 0.157000 116.019997
505.875000 118.110779 0.157000 116.129997
505.875000 118.314972 0.157000 116.224998
505.875000 118.515442 0.157000 116.309998
505.875000 118.715935 0.157000 116.419998
505.875000 118.715935 0.157000 116.525002
505.875000 118.715935 0.157000 116.614998
505.875000 118.916740 0.157000 116.720001
505.875000 118.916740 0.157000 116.815002
505.875000 118.916740 0.157000 116.930000
505.875000 118.916740 0.166000 117.014999
505.875000 118.916740 0.166000 117.129997
505.875000 118.916740 0.166000 117.214996
505.875000 118.916740 0.166000 117.320000
505.875000 118.916740 0.166000 117.410004
505.875000 119.117043 0.166000 117.519997
505.875000 119.117043 0.166000 117.610001
506.000000 119.117043 0.166000 117.730003
506.000000 119.117043 0.166000 117.815002
506.000000 119.117043 0.166000 117.930000
506.000000 119.117043 0.166000 118.025002
506.125000 119.117043 0.187000 118.120003
506.125000 119.117043 0.187000 118.230003
506.125000 119.117043 0.187000 118.320000
506.125000 119.117043 0.187000 118.430000
506.125000 119.117043 0.187000 118.529999
506.125000 119.117043 0.187000 118.610001
506.125000 119.117043 0.187000 118.730003
506.125000 119.117043 0.187000 118.820000
506.125000 119.117043 0.187000 118.925003
506.125000 119.117043 0.187000 119.014999
506.125000 119.117043 0.170000 119.129997
506.125000 119.117043 0.170000 119.220001
506.125000 119.321823 0.170000 119.330002
506.125000 119.523163 0.170000 119.410004
506.125000 119.523163 0.170000 119.525002
506.125000 119.731049 0.170000 119.610001
506.125000 119.931343 0.170000 119.714996
506.375000 120.134331 0.170000 119.824997
506.375000 120.134331 0.170000 119.910004
506.375000 120.337700 0.170000 120.029999
506.375000 120.582108 0.176000 120.120003
506.375000 120.582108 0.176000 120.224998
506.500000 120.813469 0.176000 120.315002
506.500000 121.019852 0.176000 120.430000
506.500000 121.019852 0.176000 120.514999
506.500000 121.240791 0.176000 120.625000
506.500000 121.446243 0.176000 120.709999
506.500000 121.652161 0.176000 120.824997
506.500000 121.652161 0.176000 120.910004
506.625000 121.858780 0.158000 121.029999
506.750000 122.066833 0.158000 121.125000
506.750000 122.304535 0.158000 121.209999
507.125000 122.515816 0.158000 121.324997
507.250000 122.722084 0.158000 121.410004
507.375000 122.930008 0.158000 121.525002
507.875000 123.138947 0.158000 121.614998
508.125000 123.348396 0.158000 121.730003
508.625000 123.348396 0.158000 121.820000
509.000000 123.568077 0.158000 121.930000
509.625000 123.807831 0.158000 122.014999
512.125000 124.037628 0.173000 122.125000
516.250000 124.264702 0.173000 122.235001
517.125000 124.264702 0.173000 122.320000
519.875000 124.473869 0.173000 122.430000
521.750000 124.473869 0.173000 122.514999
523.000000 124.686523 0.173000 122.599998
525.000000 124.686523 0.173000 122.720001
526.000000 124.686523 0.173000 122.830002
527.000000 124.686523 0.173000 122.919998
528.000000 124.686523 0.173000 123.029999
529.125000 124.887039 0.211000 123.129997
529.750000 124.887039 0.211000 123.214996
530.250000 124.887039 0.211000 123.324997
530.375000 124.887039 0.211000 123.410004
530.500000 124.887039 0.211000 123.529999
530.500000 124.887039 0.211000 123.614998
530.500000 124.887039 0.211000 123.730003
530.625000 124.887039 0.211000 123.815002
530.625000 124.887039 0.211000 123.930000
530.750000 124.887039 0.211000 124.025002
530.875000 124.887039 0.191000 124.114998
530.875000 124.887039 0.191000 124.224998
531.000000 124.887039 0.191000 124.315002
531.000000 124.887039 0.191000 124.419998
531.125000 124.887039 0.191000 124.510002
531.125000 124.887039 0.191000 124.625000
531.125000 124.887039 0.191000 124.709999
531.375000 124.887039 0.191000 124.830002
531.500000 124.887039 0.191000 124.910004
531.500000 124.887039 0.191000 125.025002
531.500000 124.887039 0.187000 125.110001
531.500000 124.887039 0.187000 125.230003
531.500000 124.887039 0.187000 125.315002
531.625000 125.088562 0.187000 125.419998
531.625000 125.295158 0.187000 125.529999
531.875000 125.295158 0.187000 125.614998
531.875000 125.512611 0.187000 125.730003
532.000000 125.714256 0.187000 125.815002
532.125000 125.714256 0.187000 125.930000
532.125000 125.925255 0.187000 126.014999
532.125000 126.126083 0.198000 126.125000
532.125000 126.327675 0.198000 126.235001
532.125000 126.327675 0.198000 126.320000
532.125000 126.531326 0.198000 126.425003
532.125000 126.531326 0.198000 126.514999
532.125000 126.531326 0.198000 126.629997
532.125000 126.738083 0.198000 126.714996
532.125000 126.738083 0.198000 126.830002
532.125000 126.738083 0.198000 126.915001
532.125000 126.738083 0.163000 127.025002
532.125000 126.738083 0.163000 127.110001
532.125000 126.738083 0.163000 127.224998
532.125000 126.738083 0.163000 127.339996
532.125000 126.738083 0.163000 127.425003
532.125000 126.938408 0.163000 127.519997
532.125000 126.938408 0.163000 127.629997
532.125000 126.938408 0.163000 127.720001
532.125000 126.938408 0.163000 127.824997
532.125000 126.938408 0.163000 127.915001
532.125000 126.938408 0.149000 128.029999
532.125000 126.938408 0.149000 128.115005
532.125000 126.938408 0.149000 128.229996
532.125000 126.938408 0.149000 128.315002
532.125000 126.938408 0.149000 128.425003
532.125000 126.938408 0.149000 128.509995
532.125000 126.938408 0.149000 128.625000
532.125000 126.938408 0.149000 128.714996
532.125000 126.938408 0.149000 128.830002
532.125000 126.938408 0.149000 128.914993
532.125000 127.142563 0.168000 129.035004
532.125000 127.343391 0.168000 129.119995
532.125000 127.544876 0.168000 129.235001
532.125000 127.544876 0.168000 129.320007
532.125000 127.745522 0.168000 129.425003
532.125000 127.967361 0.168000 129.520004
532.250000 127.967361 0.168000 129.600006
532.250000 128.189209 0.168000 129.720001
532.250000 128.393097 0.168000 129.835007
532.250000 128.393097 0.168000 129.919998
532.250000 128.595261 0.168000 130.029999
532.250000 128.595261 0.187000 130.119995
532.250000 128.796997 0.187000 130.214996
532.500000 128.796997 0.187000 130.324997
532.500000 129.010437 0.187000 130.419998
532.750000 129.010437 0.187000 130.529999
533.625000 129.233215 0.187000 130.615005
534.625000 129.233215 0.187000 130.735001
535.750000 129.439117 0.187000 130.815002
536.125000 129.439117 0.187000 130.925003
536.875000 129.439117 0.187000 131.014999
537.500000 129.647659 0.218000 131.134995
537.750000 129.647659 0.218000 131.225006
538.125000 129.851624 0.218000 131.315002
539.000000 130.055557 0.218000 131.425003
539.000000 130.055557 0.218000 131.509995
539.375000 130.259079 0.218000 131.625000
539.375000 130.464478 0.218000 131.710007
539.625000 130.464478 0.218000 131.824997
539.750000 130.673294 0.218000 131.919998
539.750000 130.875839 0.218000 132.029999
540.000000 131.080032 0.196000 132.119995
540.250000 131.080032 0.196000 132.229996
540.875000 131.291611 0.196000 132.315002
541.125000 131.516663 0.196000 132.425003
541.250000 131.745255 0.196000 132.514999
541.250000 131.960266 0.196000 132.630005
541.500000 132.167908 0.196000 132.725006
541.500000 132.167908 0.196000 132.809998
541.625000 132.386658 0.196000 132.919998
541.875000 132.606049 0.196000 133.029999
542.500000 132.845367 0.236000 133.115005
542.625000 133.081711 0.236000 133.229996
542.875000 133.328262 0.236000 133.315002
543.000000 133.556488 0.236000 133.429993
543.000000 133.765625 0.236000 133.514999
543.375000 133.975174 0.236000 133.630005
543.500000 133.975174 0.236000 133.714996
543.625000 134.394775 0.236000 133.830002
543.750000 134.394775 0.236000 133.919998
544.250000 134.604568 0.236000 134.020004
544.375000 134.831100 0.222000 134.119995
544.500000 135.040329 0.222000 134.205002
544.500000 135.241287 0.222000 134.320007
544.750000 135.445786 0.222000 134.429993
545.000000 135.692352 0.222000 134.514999
546.125000 135.910858 0.222000 134.630005
546.250000 136.120102 0.222000 134.720001
546.875000 136.329681 0.222000 134.830002
547.250000 136.539398 0.222000 134.919998
547.375000 136.747192 0.222000 135.029999
547.500000 136.747192 0.218000 135.115005
547.625000 136.947769 0.218000 135.225006
547.875000 137.166458 0.218000 135.309998
548.375000 137.389343 0.218000 135.425003
548.500000 137.595749 0.218000 135.514999
549.125000 137.803787 0.218000 135.625000
549.375000 138.042664 0.218000 135.710007
549.625000 138.261856 0.218000 135.820007
550.500000 138.470993 0.218000 135.904999
550.625000 138.679977 0.218000 136.024994
550.875000 138.885101 0.220000 136.134995
551.375000 138.885101 0.220000 136.214996
551.625000 139.089874 0.220000 136.315002
552.375000 139.297729 0.220000 136.410004
552.875000 139.520035 0.220000 136.514999
553.000000 139.520035 0.220000 136.625000
553.375000 139.744461 0.220000 136.705002
554.250000 139.946259 0.220000 136.824997
554.250000 139.946259 0.220000 136.910004
555.375000 140.156647 0.220000 137.020004
555.625000 140.359863 0.233000 137.115005
556.750000 140.563431 0.233000 137.229996
557.250000 140.563431 0.233000 137.315002
557.250000 140.768326 0.233000 137.429993
557.750000 140.970535 0.233000 137.520004
557.750000 141.173065 0.233000 137.630005
557.750000 141.173065 0.233000 137.720001
557.875000 141.376144 0.233000 137.824997
558.000000 141.579880 0.233000 137.914993
559.500000 141.783951 0.233000 138.024994
561.125000 141.783951 0.225000 138.110001
562.625000 141.989807 0.225000 138.225006
563.750000 142.225937 0.225000 138.309998
564.750000 142.434525 0.225000 138.419998
565.875000 142.635101 0.225000 138.529999
567.375000 142.635101 0.225000 138.619995
568.500000 142.835403 0.225000 138.729996
569.000000 143.069977 0.225000 138.824997
569.375000 143.277710 0.225000 138.914993
569.625000 143.516418 0.225000 139.024994
569.750000 143.755798 0.240000 139.115005
569.875000 143.975616 0.240000 139.229996
570.000000 144.178925 0.240000 139.309998
570.000000 144.385101 0.240000 139.419998
570.125000 144.592056 0.240000 139.535004
570.125000 144.592056 0.240000 139.619995
570.125000 144.796188 0.240000 139.725006
570.125000 144.796188 0.240000 139.815002
570.125000 144.796188 0.240000 139.925003
570.250000 144.996857 0.240000 140.035004
570.250000 144.996857 0.217000 140.119995
570.250000 144.996857 0.217000 140.229996
570.250000 144.996857 0.217000 140.315002
570.250000 144.996857 0.217000 140.425003
570.250000 144.996857 0.217000 140.514999
570.250000 144.996857 0.217000 140.630005
570.250000 145.197540 0.217000 140.725006
570.250000 145.197540 0.217000 140.804993
570.250000 145.197540 0.217000 140.925003
570.250000 145.197540 0.217000 141.020004
570.250000 145.197540 0.186000 141.130005
570.250000 145.197540 0.186000 141.220001
570.250000 145.197540 0.186000 141.324997
570.250000 145.197540 0.186000 141.414993
570.250000 145.197540 0.186000 141.524994
570.250000 145.197540 0.186000 141.615005
570.250000 145.197540 0.186000 141.729996
570.250000 145.197540 0.186000 141.820007
570.250000 145.197540 0.186000 141.925003
570.250000 145.197540 0.186000 142.005005
570.250000 145.197540 0.187000 142.119995
570.250000 145.197540 0.187000 142.225006
570.250000 145.197540 0.187000 142.315002
570.250000 145.197540 0.187000 142.425003
570.250000 145.197540 0.187000 142.514999
570.250000 145.197540 0.187000 142.630005
570.250000 145.197540 0.187000 142.710007
570.250000 145.197540 0.187000 142.830002
570.250000 145.197540 0.187000 142.919998
570.250000 145.197540 0.187000 143.020004
570.250000 145.197540 0.179000 143.110001
570.250000 145.197540 0.179000 143.225006
570.250000 145.197540 0.179000 143.324997
570.250000 145.197540 0.179000 143.425003
570.250000 145.197540 0.179000 143.520004
570.250000 145.197540 0.179000 143.610001
570.250000 145.197540 0.179000 143.725006
570.250000 145.197540 0.179000 143.809998
570.250000 145.197540 0.179000 143.929993
570.250000 145.197540 0.176000 144.020004
570.250000 145.197540 0.176000 144.130005
570.250000 145.197540 0.176000 144.214996
570.250000 145.197540 0.176000 144.330002
570.250000 145.197540 0.176000 144.414993
570.250000 145.197540 0.176000 144.520004
570.250000 145.197540 0.176000 144.630005
570.250000 145.197540 0.176000 144.725006
570.250000 145.197540 0.176000 144.809998
570.250000 145.197540 0.176000 144.919998
570.250000 145.197540 0.176000 145.024994
570.250000 145.197540 0.177000 145.110001
570.250000 145.197540 0.177000 145.220001
570.250000 145.197540 0.177000 145.339996
570.250000 145.197540 0.177000 145.425003
570.250000 145.197540 0.177000 145.509995
570.250000 145.197540 0.177000 145.625000
570.250000 145.197540 0.177000 145.729996
570.250000 145.197540 0.177000 145.820007
570.250000 145.197540 0.177000 145.929993
570.250000 145.197540 0.171000 146.020004
570.250000 145.197540 0.171000 146.130005
570.250000 145.197540 0.171000 146.214996
570.250000 145.197540 0.171000 146.324997
570.250000 145.197540 0.171000 146.404999
570.250000 145.197540 0.171000 146.529999
570.250000 145.197540 0.171000 146.619995
570.250000 145.197540 0.171000 146.729996
570.250000 145.197540 0.171000 146.815002
570.375000 145.197540 0.171000 146.929993
570.375000 145.197540 0.164000 147.014999
570.375000 145.197540 0.164000 147.130005
570.375000 145.197540 0.164000 147.214996
570.375000 145.197540 0.164000 147.330002
570.375000 145.197540 0.164000 147.414993
570.375000 145.197540 0.164000 147.520004
570.375000 145.197540 0.164000 147.610001
570.375000 145.197540 0.164000 147.725006
570.375000 145.197540 0.164000 147.830002
570.375000 145.197540 0.164000 147.914993
570.375000 145.197540 0.176000 148.035004
570.375000 145.197540 0.176000 148.119995
570.375000 145.197540 0.176000 148.229996
570.375000 145.197540 0.176000 148.315002
570.375000 145.197540 0.176000 148.429993
570.375000 145.197540 0.176000 148.514999
570.375000 145.197540 0.176000 148.630005
570.375000 145.197540 0.176000 148.714996
570.375000 145.197540 0.176000 148.824997
570.375000 145.197540 0.176000 148.914993
570.375000 145.197540 0.174000 149.029999
570.375000 145.197540 0.174000 149.115005
570.375000 145.197540 0.174000 149.229996
570.375000 145.197540 0.174000 149.315002
570.375000 145.197540 0.174000 149.429993
570.375000 145.197540 0.174000 149.514999
570.375000 145.197540 0.174000 149.625000
570.375000 145.197540 0.174000 149.714996
570.375000 145.197540 0.174000 149.830002
570.375000 145.197540 0.174000 149.914993
570.375000 145.197540 0.171000 150.035004
570.375000 145.197540 0.171000 150.119995
570.375000 145.197540 0.171000 150.229996
570.375000 145.197540 0.171000 150.315002
570.375000 145.197540 0.171000 150.434998
570.375000 145.197540 0.171000 150.529999
570.375000 145.197540 0.171000 150.615005
570.375000 145.197540 0.171000 150.729996
570.375000 145.197540 0.171000 150.815002
570.375000 145.197540 0.171000 150.925003
570.375000 145.197540 0.171000 151.014999
570.375000 145.197540 0.196000 151.130005
570.375000 145.197540 0.196000 151.214996
570.375000 145.197540 0.196000 151.324997
570.375000 145.197540 0.196000 151.440002
570.375000 145.197540 0.196000 151.520004
570.375000 145.197540 0.196000 151.625000
570.375000 145.197540 0.196000 151.725006
570.375000 145.197540 0.196000 151.815002
570.375000 145.197540 0.196000 151.929993
