47.875000 0.000000 0.000000 0.075000
52.250000 0.202400 0.000000 0.180000
53.750000 0.404680 0.000000 0.280000
55.250000 0.608154 0.000000 0.380000
57.250000 0.608154 0.000000 0.480000
58.625000 0.840324 0.000000 0.575000
59.625000 1.046379 0.000000 0.675000
60.625000 1.254345 0.000000 0.780000
61.750000 1.463235 0.000000 0.885000
63.000000 1.672546 0.000000 0.980000
64.000000 1.951704 0.000000 1.080000
66.500000 2.160764 0.000000 1.175000
67.750000 2.367015 0.000000 1.280000
69.000000 2.572925 0.000000 1.380000
69.875000 2.572925 0.000000 1.480000
71.500000 2.787620 0.000000 1.575000
72.375000 3.006686 0.000000 1.680000
73.250000 3.006686 0.000000 1.780000
73.750000 3.210557 0.000000 1.875000
74.375000 3.210557 0.000000 1.975000
75.500000 3.411389 0.000000 2.080000
76.500000 3.411389 0.000000 2.175000
76.625000 3.614189 0.000000 2.275000
78.375000 3.614189 0.000000 2.380000
78.625000 3.614189 0.000000 2.475000
79.250000 3.816718 0.000000 2.575000
79.625000 3.816718 0.000000 2.680000
80.250000 4.021019 0.000000 2.775000
80.625000 4.229413 0.000000 2.880000
82.375000 4.229413 0.000000 2.975000
82.875000 4.437611 0.000000 3.080000
85.500000 4.646874 0.000000 3.175000
87.125000 4.851689 0.000000 3.275000
88.625000 5.066453 0.000000 3.380000
90.750000 5.267651 0.000000 3.475000
93.750000 5.267651 0.000000 3.580000
98.000000 5.485429 0.000000 3.680000
103.375000 5.700440 0.000000 3.775000
110.500000 5.906384 0.000000 3.880000
122.125000 5.906384 0.000000 3.975000
135.000000 6.111761 0.000000 4.080000
146.375000 6.316435 0.000000 4.175000
154.375000 6.316435 0.000000 4.280000
160.625000 6.543965 0.000000 4.375000
164.125000 6.781506 0.000000 4.475000
169.000000 6.989531 0.000000 4.580000
172.875000 7.192805 0.000000 4.680000
177.250000 7.395733 0.000000 4.775000
179.750000 7.599448 0.000000 4.880000
181.625000 7.805406 0.000000 4.985000
184.000000 7.805406 0.000000 5.080000
184.375000 8.010764 0.000000 5.175000
184.500000 8.225479 0.000000 5.280000
185.250000 8.431874 0.000000 5.380000
185.625000 8.431874 0.000000 5.475000
185.875000 8.639636 0.000000 5.575000
186.000000 8.639636 0.000000 5.680000
186.125000 8.845354 0.000000 5.780000
186.375000 8.845354 0.000000 5.880000
186.375000 9.065651 0.000000 5.980000
186.750000 9.065651 0.000000 6.080000
186.750000 9.267880 0.000000 6.175000
187.000000 9.267880 0.000000 6.280000
187.000000 9.481237 0.000000 6.380000
187.000000 9.481237 0.000000 6.480000
187.000000 9.695135 0.000000 6.575000
187.125000 9.695135 0.000000 6.675000
187.125000 9.695135 0.000000 6.770000
187.125000 9.695135 0.000000 6.880000
187.250000 9.695135 0.000000 6.975000
187.375000 9.898228 0.000000 7.080000
187.375000 9.898228 0.000000 7.175000
187.375000 9.898228 0.000000 7.280000
187.375000 9.898228 0.000000 7.375000
187.375000 9.898228 0.000000 7.475000
187.375000 9.898228 0.000000 7.570000
187.375000 9.898228 0.000000 7.675000
187.375000 9.898228 0.000000 7.780000
187.375000 9.898228 0.000000 7.880000
187.375000 9.898228 0.000000 7.975000
187.375000 9.898228 0.000000 8.080000
187.375000 9.898228 0.000000 8.170000
187.375000 9.898228 0.000000 8.270000
187.375000 9.898228 0.000000 8.380000
187.375000 9.898228 0.000000 8.480000
187.375000 9.898228 0.000000 8.575000
187.500000 9.898228 0.000000 8.685000
187.500000 9.898228 0.000000 8.780000
187.500000 9.898228 0.000000 8.880000
187.500000 9.898228 0.000000 8.975000
187.500000 9.898228 0.000000 9.085000
187.500000 9.898228 0.000000 9.185000
187.500000 9.898228 0.000000 9.280000
187.500000 9.898228 0.000000 9.375000
187.500000 10.101996 0.000000 9.480000
187.500000 10.307121 0.000000 9.575000
187.875000 10.307121 0.000000 9.675000
188.000000 10.533871 0.000000 9.780000
188.375000 10.734940 0.000000 9.880000
188.375000 10.939175 0.000000 9.975000
188.500000 11.144895 0.000000 10.075000
188.500000 11.350585 0.000000 10.180000
188.500000 11.551983 0.000000 10.280000
188.500000 11.777514 0.000000 10.375000
188.500000 11.984983 0.000000 10.470000
189.500000 11.984983 0.000000 10.580000
190.500000 12.205367 0.000000 10.675000
191.125000 12.413041 0.000000 10.780000
191.375000 12.613797 0.000000 10.875000
192.375000 12.613797 0.000000 10.975000
192.500000 12.820520 0.000000 11.080000
192.750000 13.038711 0.000000 11.175000
193.375000 13.038711 0.000000 11.280000
193.875000 13.242453 0.000000 11.375000
195.125000 13.242453 0.000000 11.475000
195.375000 13.444738 0.000000 11.575000
195.750000 13.444738 0.000000 11.680000
196.250000 13.444738 0.000000 11.775000
196.750000 13.444738 0.000000 11.875000
196.875000 13.444738 0.000000 11.975000
197.375000 13.444738 0.000000 12.075000
197.500000 13.444738 0.000000 12.175000
197.500000 13.444738 0.000000 12.275000
197.625000 13.444738 0.000000 12.375000
197.625000 13.645136 0.000000 12.480000
197.625000 13.645136 0.000000 12.575000
197.750000 13.645136 0.000000 12.675000
198.250000 13.645136 0.000000 12.780000
198.250000 13.645136 0.000000 12.875000
198.250000 13.645136 0.000000 12.980000
198.375000 13.645136 0.000000 13.080000
198.375000 13.845419 0.000000 13.180000
198.500000 13.845419 0.000000 13.285000
198.625000 14.082843 0.000000 13.380000
199.000000 14.082843 0.000000 13.485000
199.000000 14.299377 0.000000 13.580000
199.000000 14.522456 0.000000 13.680000
199.375000 14.522456 0.000000 13.775000
199.500000 14.732827 0.000000 13.875000
199.625000 14.959315 0.000000 13.985000
199.625000 14.959315 0.000000 14.075000
199.875000 15.186023 0.000000 14.180000
201.125000 15.386891 0.000000 14.280000
201.625000 15.386891 0.000000 14.375000
201.750000 15.587526 0.000000 14.475000
202.000000 15.587526 0.000000 14.580000
202.250000 15.587526 0.000000 14.680000
202.375000 15.790564 0.000000 14.775000
202.500000 15.790564 0.000000 14.875000
202.625000 15.790564 0.000000 14.975000
202.750000 15.998083 0.000000 15.080000
203.125000 15.998083 0.000000 15.180000
203.500000 15.998083 0.000000 15.275000
204.000000 16.219835 0.000000 15.375000
205.125000 16.422071 0.000000 15.480000
205.750000 16.630550 0.000000 15.575000
206.125000 16.836111 0.000000 15.680000
206.750000 17.037777 0.000000 15.780000
207.375000 17.037777 0.000000 15.875000
208.875000 17.243069 0.000000 15.975000
210.250000 17.470341 0.000000 16.080000
212.625000 17.679029 0.000000 16.174999
214.500000 17.888313 0.000000 16.280001
217.625000 18.097908 0.000000 16.375000
223.125000 18.306833 0.000000 16.475000
227.125000 18.512308 0.000000 16.575001
233.250000 18.730438 0.000000 16.684999
236.750000 18.935400 0.000000 16.785000
241.125000 18.935400 0.000000 16.879999
245.500000 19.142036 0.000000 16.975000
249.500000 19.364378 0.000000 17.070000
251.000000 19.364378 0.000000 17.184999
254.500000 19.598934 0.000000 17.270000
258.000000 19.804085 0.000000 17.375000
262.125000 19.804085 0.000000 17.480000
266.000000 20.024597 0.000000 17.575001
270.250000 20.245966 0.000000 17.674999
276.125000 20.245966 0.000000 17.780001
280.750000 20.468706 0.000000 17.879999
285.250000 20.685455 0.000000 17.980000
286.625000 20.685455 0.000000 18.080000
289.250000 20.912426 0.000000 18.180000
291.625000 21.115616 0.000000 18.280001
293.875000 21.115616 0.000000 18.375000
295.500000 21.318211 0.000000 18.480000
297.000000 21.318211 0.000000 18.580000
297.875000 21.538673 0.000000 18.674999
299.125000 21.538673 0.000000 18.775000
300.000000 21.538673 0.000000 18.879999
300.375000 21.741863 0.000000 18.975000
300.625000 21.741863 0.000000 19.070000
301.125000 21.741863 0.000000 19.174999
301.375000 21.943823 0.000000 19.280001
301.500000 21.943823 0.000000 19.375000
301.625000 21.943823 0.000000 19.469999
302.000000 21.943823 0.000000 19.580999
302.000000 21.943823 0.000000 19.684999
302.125000 21.943823 0.000000 19.780001
302.375000 22.145144 0.000000 19.879999
302.625000 22.145144 0.000000 19.980000
302.750000 22.145144 0.000000 20.075001
303.000000 22.145144 0.000000 20.170000
303.375000 22.145144 0.000000 20.270000
303.375000 22.145144 0.000000 20.379999
303.500000 22.145144 0.000000 20.475000
303.500000 22.145144 0.000000 20.580000
303.625000 22.145144 0.000000 20.680000
303.625000 22.145144 0.000000 20.775000
303.750000 22.145144 0.000000 20.885000
303.750000 22.145144 0.000000 20.980000
303.750000 22.145144 0.000000 21.075001
303.750000 22.145144 0.000000 21.170000
303.875000 22.145144 0.000000 21.280001
304.000000 22.145144 0.000000 21.375000
304.000000 22.145144 0.000000 21.475000
304.000000 22.145144 0.000000 21.575001
304.000000 22.145144 0.000000 21.674999
304.000000 22.145144 0.000000 21.775000
304.000000 22.145144 0.000000 21.885000
304.000000 22.145144 0.000000 21.980000
304.250000 22.145144 0.000000 22.080000
304.375000 22.145144 0.000000 22.180000
304.375000 22.145144 0.000000 22.280001
304.375000 22.145144 0.000000 22.379999
304.375000 22.145144 0.000000 22.480000
304.375000 22.145144 0.000000 22.575001
304.500000 22.145144 0.000000 22.674999
304.750000 22.357164 0.000000 22.785000
304.875000 22.357164 0.000000 22.875000
305.250000 22.581541 0.000000 22.980000
305.375000 22.786331 0.000000 23.075001
305.875000 22.786331 0.000000 23.174999
306.125000 22.988640 0.000000 23.280001
306.250000 23.192570 0.000000 23.370001
306.625000 23.404539 0.000000 23.480000
306.750000 23.404539 0.000000 23.575001
307.375000 23.616446 0.000000 23.680000
308.125000 23.856287 0.000000 23.770000
308.625000 24.060127 0.000000 23.885000
309.125000 24.060127 0.000000 23.980000
309.375000 24.266758 0.000000 24.080000
309.875000 24.468622 0.000000 24.180000
310.750000 24.468622 0.000000 24.275000
310.875000 24.668722 0.000000 24.379999
311.000000 24.876804 0.000000 24.475000
311.250000 24.876804 0.000000 24.575001
313.875000 25.088223 0.000000 24.674999
319.125000 25.301643 0.000000 24.780001
323.000000 25.503252 0.000000 24.875000
329.125000 25.503252 0.000000 24.975000
336.125000 25.706411 0.000000 25.070000
343.375000 25.910435 0.000000 25.180000
348.375000 26.114954 0.000000 25.280001
351.750000 26.114954 0.000000 25.375000
354.000000 26.320055 0.000000 25.475000
357.750000 26.581926 0.000000 25.580000
359.625000 26.786278 0.000000 25.680000
363.000000 26.786278 0.000000 25.775000
365.125000 26.996662 0.000000 25.879999
368.750000 27.197962 0.000000 25.980000
371.750000 27.407427 0.000000 26.080000
373.375000 27.612139 0.000000 26.180000
375.500000 27.859095 0.000000 26.275000
378.625000 28.067860 0.000000 26.379999
381.000000 28.287207 0.000000 26.480000
384.125000 28.496910 0.000000 26.580000
388.125000 28.496910 0.000000 26.665001
392.000000 28.916712 0.000000 26.775000
394.875000 29.116714 0.000000 26.875000
400.125000 29.326714 0.000000 26.980000
403.125000 29.326714 0.000000 27.080000
409.000000 29.566708 0.000000 27.184999
411.625000 29.776709 0.000000 27.280001
415.000000 29.986685 0.000000 27.375000
419.500000 30.196667 0.000000 27.480000
424.500000 30.406195 0.000000 27.580000
429.625000 30.610903 0.000000 27.674999
432.875000 30.830910 0.000000 27.775000
434.750000 31.038378 0.000000 27.875000
438.125000 31.038378 0.000000 27.980000
440.125000 31.241461 0.000000 28.075001
442.625000 31.241461 0.000000 28.180000
445.250000 31.457378 0.000000 28.275000
446.625000 31.457378 0.000000 28.385000
448.375000 31.457378 0.000000 28.469999
449.500000 31.662346 0.000000 28.580000
449.750000 31.662346 0.000000 28.680000
450.250000 31.662346 0.000000 28.780001
450.875000 31.662346 0.000000 28.875000
451.875000 31.662346 0.000000 28.980000
452.250000 31.662346 0.000000 29.084999
452.375000 31.662346 0.000000 29.180000
452.625000 31.662346 0.000000 29.264999
453.250000 31.662346 0.000000 29.370001
453.500000 31.662346 0.000000 29.475000
453.750000 31.662346 0.000000 29.580000
454.000000 31.662346 0.000000 29.680000
454.250000 31.662346 0.000000 29.780001
455.375000 31.662346 0.000000 29.870001
455.375000 31.662346 0.000000 29.980000
455.375000 31.662346 0.000000 30.070000
455.750000 31.872627 0.000000 30.170000
456.625000 32.075172 0.000000 30.280001
457.375000 32.075172 0.000000 30.379999
457.500000 32.281406 0.000000 30.480000
458.250000 32.494686 0.000000 30.580000
458.750000 32.701679 0.000000 30.684999
458.750000 32.701679 0.000000 30.780001
459.000000 32.908512 0.000000 30.865000
459.875000 33.122368 0.000000 30.980000
460.625000 33.122368 0.000000 31.080000
461.875000 33.348259 0.000000 31.184999
463.750000 33.560436 0.000000 31.275000
466.000000 33.560436 0.000000 31.375000
466.125000 33.790756 0.000000 31.475000
466.750000 34.028038 0.000000 31.580000
467.250000 34.228897 0.000000 31.684999
467.750000 34.434319 0.000000 31.775000
468.500000 34.636654 0.000000 31.875000
469.125000 34.839798 0.000000 31.980000
469.375000 34.839798 0.000000 32.075001
469.625000 35.072128 0.000000 32.180000
469.625000 35.277798 0.000000 32.275002
469.625000 35.479904 0.000000 32.380001
469.750000 35.479904 0.000000 32.470001
470.875000 35.697880 0.000000 32.580002
471.125000 35.697880 0.000000 32.680000
472.000000 35.907867 0.000000 32.764999
472.250000 35.907867 0.000000 32.880001
472.375000 35.907867 0.000000 32.974998
472.375000 35.907867 0.000000 33.075001
473.250000 35.907867 0.000000 33.180000
473.250000 36.108532 0.000000 33.279999
473.375000 36.108532 0.000000 33.369999
473.500000 36.108532 0.000000 33.474998
474.000000 36.108532 0.000000 33.580002
474.000000 36.108532 0.000000 33.669998
474.000000 36.108532 0.000000 33.779999
474.000000 36.108532 0.000000 33.875000
474.125000 36.108532 0.000000 33.980000
474.375000 36.108532 0.000000 34.070000
474.375000 36.108532 0.000000 34.180000
474.375000 36.108532 0.000000 34.279999
474.500000 36.108532 0.000000 34.380001
474.500000 36.108532 0.000000 34.485001
474.625000 36.108532 0.000000 34.570000
474.625000 36.108532 0.000000 34.680000
474.750000 36.108532 0.000000 34.779999
474.750000 36.108532 0.000000 34.875000
474.750000 36.108532 0.000000 34.980000
474.750000 36.108532 0.000000 35.080002
474.750000 36.108532 0.000000 35.174999
474.750000 36.108532 0.000000 35.279999
474.750000 36.108532 0.000000 35.380001
474.875000 36.108532 0.000000 35.480000
474.875000 36.108532 0.000000 35.570000
474.875000 36.108532 0.000000 35.669998
475.000000 36.312447 0.000000 35.775002
475.125000 36.532112 0.000000 35.880001
475.125000 36.737602 0.000000 35.974998
475.375000 36.942883 0.000000 36.084999
475.375000 36.942883 0.000000 36.169998
475.375000 37.147011 0.000000 36.270000
475.500000 37.353027 0.000000 36.380001
475.875000 37.559303 0.000000 36.480000
476.125000 37.559303 0.000000 36.570000
476.125000 37.776676 0.000000 36.680000
476.625000 37.979359 0.000000 36.785000
476.750000 37.979359 0.000000 36.869999
477.000000 38.184444 0.000000 36.985001
477.000000 38.414459 0.000000 37.070000
477.000000 38.414459 0.000000 37.169998
477.125000 38.615013 0.000000 37.279999
477.250000 38.821552 0.000000 37.369999
477.375000 39.022137 0.000000 37.474998
477.625000 39.022137 0.000000 37.575001
477.750000 39.227745 0.000000 37.674999
478.125000 39.433746 0.000000 37.770000
478.375000 39.433746 0.000000 37.875000
478.500000 39.639877 0.000000 37.980000
478.750000 39.843231 0.000000 38.075001
479.000000 39.843231 0.000000 38.180000
479.375000 40.064617 0.000000 38.264999
479.750000 40.288746 0.000000 38.375000
480.375000 40.288746 0.000000 38.480000
480.750000 40.491989 0.000000 38.564999
481.250000 40.696091 0.000000 38.680000
482.125000 40.896202 0.000000 38.779999
482.750000 41.098064 0.000000 38.865002
484.000000 41.304646 0.000000 38.974998
485.375000 41.304646 0.000000 39.080002
485.750000 41.528053 0.000000 39.169998
486.250000 41.731998 0.000000 39.275002
486.875000 41.731998 0.000000 39.375000
487.500000 41.957058 0.000000 39.465000
487.750000 41.957058 0.000000 39.570000
488.000000 42.159168 0.000000 39.680000
488.375000 42.159168 0.000000 39.779999
489.125000 42.362694 0.000000 39.875000
489.750000 42.362694 0.000000 39.980000
490.250000 42.362694 0.000000 40.080002
490.500000 42.571346 0.000000 40.180000
491.000000 42.571346 0.000000 40.270000
491.125000 42.571346 0.000000 40.380001
491.375000 42.571346 0.000000 40.465000
491.750000 42.571346 0.000000 40.580002
492.250000 42.775551 0.000000 40.680000
492.625000 42.775551 0.000000 40.764999
492.875000 42.775551 0.000000 40.869999
493.375000 42.775551 0.000000 40.974998
493.500000 42.775551 0.000000 41.080002
493.875000 42.775551 0.000000 41.185001
493.875000 42.775551 0.000000 41.270000
494.125000 42.775551 0.000000 41.380001
494.125000 42.775551 0.000000 41.470001
494.375000 42.775551 0.000000 41.580002
494.375000 42.775551 0.000000 41.669998
494.500000 42.775551 0.000000 41.785000
494.625000 42.775551 0.000000 41.875000
494.750000 42.775551 0.000000 41.974998
494.750000 42.775551 0.000000 42.080002
494.750000 42.775551 0.000000 42.169998
494.750000 42.775551 0.000000 42.270000
494.875000 42.775551 0.000000 42.375000
494.875000 42.775551 0.000000 42.470001
494.875000 42.775551 0.000000 42.580002
495.125000 42.775551 0.000000 42.665001
495.250000 42.775551 0.000000 42.785000
495.500000 42.775551 0.000000 42.880001
495.500000 42.775551 0.000000 42.980000
495.500000 42.775551 0.000000 43.075001
495.625000 42.775551 0.000000 43.185001
495.625000 42.775551 0.000000 43.270000
495.625000 42.775551 0.000000 43.375000
495.750000 42.775551 0.000000 43.480000
495.750000 42.775551 0.000000 43.570000
495.750000 42.775551 0.000000 43.669998
495.750000 42.775551 0.000000 43.775002
495.750000 42.775551 0.000000 43.869999
495.750000 42.775551 0.000000 43.980000
495.750000 42.775551 0.000000 44.060001
495.750000 42.775551 0.000000 44.169998
495.750000 42.775551 0.000000 44.275002
495.750000 42.775551 0.000000 44.380001
495.750000 42.775551 0.000000 44.470001
495.750000 42.775551 0.000000 44.580002
495.750000 42.775551 0.000000 44.665001
495.750000 42.775551 0.000000 44.770000
495.750000 42.775551 0.000000 44.880001
495.750000 42.775551 0.000000 44.985001
495.750000 42.775551 0.000000 45.080002
495.875000 42.775551 0.000000 45.169998
496.000000 42.775551 0.000000 45.279999
496.000000 42.775551 0.000000 45.369999
496.000000 42.775551 0.000000 45.480000
496.000000 42.775551 0.000000 45.580002
496.000000 42.775551 0.000000 45.680000
496.000000 42.775551 0.000000 45.785000
496.000000 42.775551 0.000000 45.869999
496.000000 42.775551 0.000000 45.970001
496.000000 42.775551 0.000000 46.070000
496.000000 42.775551 0.000000 46.174999
496.125000 42.775551 0.000000 46.264999
496.125000 42.775551 0.000000 46.369999
496.125000 42.775551 0.000000 46.480000
496.125000 42.775551 0.000000 46.564999
496.125000 42.775551 0.000000 46.680000
496.125000 42.775551 0.000000 46.764999
496.125000 42.775551 0.000000 46.869999
496.500000 42.775551 0.000000 46.980000
496.500000 42.775551 0.000000 47.064999
496.500000 42.775551 0.000000 47.180000
496.500000 42.775551 0.000000 47.279999
496.500000 42.775551 0.000000 47.369999
496.625000 42.775551 0.000000 47.470001
496.625000 42.775551 0.000000 47.580002
496.625000 42.775551 0.000000 47.680000
496.625000 42.775551 0.000000 47.764999
496.625000 42.775551 0.000000 47.869999
496.625000 42.775551 0.000000 47.974998
496.625000 42.775551 0.000000 48.080002
496.625000 42.775551 0.000000 48.169998
496.625000 42.775551 0.000000 48.279999
496.625000 42.775551 0.000000 48.375000
496.625000 42.775551 0.000000 48.480000
496.625000 42.775551 0.000000 48.570000
496.625000 42.775551 0.000000 48.680000
496.625000 42.775551 0.000000 48.779999
496.625000 42.775551 0.000000 48.880001
496.625000 42.775551 0.000000 48.965000
496.625000 42.775551 0.000000 49.070000
496.625000 42.775551 0.000000 49.169998
496.750000 42.775551 0.000000 49.279999
496.750000 42.775551 0.000000 49.369999
496.750000 42.775551 0.000000 49.480000
496.750000 42.775551 0.000000 49.580002
496.750000 42.775551 0.000000 49.680000
496.750000 42.775551 0.000000 49.779999
496.750000 42.775551 0.000000 49.869999
496.750000 42.775551 0.000000 49.970001
496.750000 42.775551 0.000000 50.080002
496.750000 42.775551 0.000000 50.174999
496.750000 42.775551 0.000000 50.270000
496.750000 42.775551 0.000000 50.375000
497.125000 42.976078 0.000000 50.474998
497.750000 43.176540 0.000000 50.575001
499.125000 43.176540 0.000000 50.665001
499.875000 43.411190 0.000000 50.779999
501.750000 43.645485 0.000000 50.875000
503.625000 43.852051 0.000000 50.985001
505.250000 43.852051 0.000000 51.070000
506.750000 44.055607 0.000000 51.169998
508.125000 44.262604 0.000000 51.275002
509.250000 44.468075 0.000000 51.384998
510.375000 44.468075 0.000000 51.470001
511.875000 44.669498 0.000000 51.570000
512.500000 44.669498 0.000000 51.674999
513.125000 44.669498 0.000000 51.775002
514.000000 44.885529 0.000000 51.880001
514.875000 44.885529 0.000000 51.970001
515.750000 45.109177 0.000000 52.070000
517.875000 45.312828 0.000000 52.180000
519.750000 45.312828 0.000000 52.279999
521.000000 45.312828 0.000000 52.369999
521.875000 45.529331 0.000000 52.480000
523.125000 45.529331 0.000000 52.580002
523.375000 45.529331 0.000000 52.669998
524.125000 45.529331 0.000000 52.770000
524.625000 45.529331 0.000000 52.875000
525.000000 45.529331 0.000000 52.974998
525.125000 45.529331 0.000000 53.070000
525.125000 45.529331 0.000000 53.180000
525.375000 45.529331 0.000000 53.279999
525.625000 45.529331 0.000000 53.380001
525.750000 45.529331 0.000000 53.474998
526.125000 45.529331 0.000000 53.580002
526.125000 45.729485 0.000000 53.669998
526.375000 45.729485 0.000000 53.770000
526.875000 45.729485 0.000000 53.880001
527.125000 45.935349 0.000000 53.980000
527.750000 45.935349 0.000000 54.070000
528.875000 46.147198 0.000000 54.180000
530.000000 46.352291 0.000000 54.275002
530.500000 46.555038 0.000000 54.369999
531.000000 46.555038 0.000000 54.474998
531.875000 46.773155 0.000000 54.580002
532.500000 46.990929 0.000000 54.665001
535.000000 46.990929 0.000000 54.775002
535.250000 47.216129 0.000000 54.875000
535.875000 47.448750 0.000000 54.970001
536.500000 47.448750 0.000000 55.070000
537.000000 47.652412 0.000000 55.180000
537.000000 47.857162 0.000000 55.270000
537.250000 48.070927 0.000000 55.369999
537.625000 48.278629 0.000000 55.480000
537.625000 48.487591 0.000000 55.580002
538.000000 48.487591 0.000000 55.665001
538.875000 48.692265 0.000000 55.775002
539.000000 48.899395 0.000000 55.880001
539.375000 49.127563 0.000000 55.965000
539.500000 49.353851 0.000000 56.075001
539.875000 49.587891 0.000000 56.180000
540.000000 49.793343 0.000000 56.264999
540.000000 49.793343 0.000000 56.369999
540.125000 49.997917 0.000000 56.474998
541.250000 50.199440 0.000000 56.580002
541.250000 50.199440 0.000000 56.674999
541.875000 50.408688 0.000000 56.770000
542.125000 50.408688 0.000000 56.869999
542.375000 50.408688 0.000000 56.980000
542.625000 50.611191 0.000000 57.080002
543.000000 50.611191 0.000000 57.165001
543.000000 50.611191 0.000000 57.285000
543.000000 50.611191 0.000000 57.380001
543.000000 50.812828 0.000000 57.485001
543.250000 50.812828 0.000000 57.575001
543.375000 50.812828 0.000000 57.680000
543.375000 50.812828 0.000000 57.770000
543.375000 50.812828 0.000000 57.880001
543.375000 50.812828 0.000000 57.965000
543.375000 50.812828 0.000000 58.070000
543.500000 50.812828 0.000000 58.174999
543.500000 50.812828 0.000000 58.279999
543.500000 50.812828 0.000000 58.369999
543.625000 50.812828 0.000000 58.480000
543.625000 50.812828 0.000000 58.580002
543.625000 50.812828 0.000000 58.669998
543.625000 50.812828 0.000000 58.785000
543.750000 50.812828 0.000000 58.869999
543.750000 50.812828 0.000000 58.980000
543.750000 50.812828 0.000000 59.080002
543.750000 50.812828 0.000000 59.169998
543.750000 50.812828 0.000000 59.270000
543.875000 50.812828 0.000000 59.380001
543.875000 50.812828 0.000000 59.480000
543.875000 50.812828 0.000000 59.580002
543.875000 50.812828 0.000000 59.669998
543.875000 50.812828 0.000000 59.770000
543.875000 50.812828 0.000000 59.869999
543.875000 50.812828 0.000000 59.980000
543.875000 50.812828 0.000000 60.070000
543.875000 50.812828 0.000000 60.180000
544.000000 50.812828 0.000000 60.279999
544.000000 50.812828 0.000000 60.369999
544.000000 51.016029 0.000000 60.470001
544.125000 51.221378 0.000000 60.580002
544.125000 51.427128 0.000000 60.665001
544.125000 51.427128 0.000000 60.785000
544.125000 51.641228 0.000000 60.880001
544.125000 51.847218 0.000000 60.965000
544.125000 51.847218 0.000000 61.070000
544.125000 52.053589 0.000000 61.180000
544.250000 52.288788 0.000000 61.285000
544.375000 52.288788 0.000000 61.375000
544.375000 52.491119 0.000000 61.480000
544.375000 52.695606 0.000000 61.580002
544.375000 52.898617 0.000000 61.674999
544.375000 52.898617 0.000000 61.779999
544.375000 53.122082 0.000000 61.869999
544.500000 53.323029 0.000000 61.980000
544.625000 53.323029 0.000000 62.070000
544.625000 53.528164 0.000000 62.174999
544.750000 53.734978 0.000000 62.270000
544.750000 53.936287 0.000000 62.369999
544.750000 53.936287 0.000000 62.480000
544.750000 54.154522 0.000000 62.570000
544.875000 54.381516 0.000000 62.669998
545.000000 54.381516 0.000000 62.780998
545.000000 54.608807 0.000000 62.880001
545.000000 54.835102 0.000000 62.970001
545.000000 54.835102 0.000000 63.070000
545.000000 55.035503 0.000000 63.185001
545.125000 55.237049 0.000000 63.275002
545.125000 55.441853 0.000000 63.375000
545.125000 55.441853 0.000000 63.480000
545.125000 55.643372 0.000000 63.570000
545.125000 55.643372 0.000000 63.680000
545.125000 55.859478 0.000000 63.775002
545.125000 55.859478 0.000000 63.880001
545.250000 56.064529 0.000000 63.974998
545.375000 56.064529 0.000000 64.080002
545.375000 56.064529 0.000000 64.180000
545.375000 56.265125 0.000000 64.279999
545.375000 56.265125 0.000000 64.370003
545.375000 56.265125 0.000000 64.470001
545.375000 56.265125 0.000000 64.580002
545.375000 56.265125 0.000000 64.680000
545.375000 56.265125 0.000000 64.769997
545.375000 56.465221 0.000000 64.879997
545.500000 56.465221 0.000000 64.980003
545.625000 56.674469 0.000000 65.070000
545.750000 56.674469 0.000000 65.180000
545.875000 56.880234 0.000000 65.264999
546.125000 57.089073 0.000000 65.379997
546.375000 57.089073 0.000000 65.470001
546.625000 57.296566 0.000000 65.580002
546.750000 57.530983 0.000000 65.669998
547.125000 57.530983 0.000000 65.779999
547.375000 57.759052 0.000000 65.870003
548.500000 57.964020 0.000000 65.980003
549.250000 57.964020 0.000000 66.065002
549.500000 58.168873 0.000000 66.175003
550.125000 58.371674 0.000000 66.264999
550.375000 58.579205 0.000000 66.385002
551.125000 58.812347 0.000000 66.464996
551.250000 59.015476 0.000000 66.574997
551.750000 59.221687 0.000000 66.680000
552.250000 59.429108 0.000000 66.769997
552.875000 59.637325 0.000000 66.875000
553.125000 59.838764 0.000000 66.974998
554.000000 60.040424 0.000000 67.074997
554.750000 60.242367 0.000000 67.175003
555.250000 60.242367 0.000000 67.260002
556.375000 60.662025 0.000000 67.375000
558.000000 60.662025 0.000000 67.474998
558.625000 60.871750 0.000000 67.565002
559.125000 61.081524 0.000000 67.675003
560.375000 61.301308 0.000000 67.760002
561.250000 61.531059 0.000000 67.870003
562.500000 61.760399 0.000000 67.974998
563.125000 61.979877 0.000000 68.055000
564.375000 62.209824 0.000000 68.169998
565.625000 62.419254 0.000000 68.275002
566.625000 62.628647 0.000000 68.364998
567.875000 62.837700 0.000000 68.480003
569.250000 63.046967 0.000000 68.584999
569.625000 63.256496 0.000000 68.680000
570.625000 63.256496 0.000000 68.764999
571.250000 63.660076 0.000000 68.879997
572.250000 63.660076 0.000000 68.970001
573.000000 64.065361 0.000000 69.080002
573.500000 64.065361 0.000000 69.169998
574.375000 64.479568 0.000000 69.279999
575.375000 64.479568 0.000000 69.364998
576.125000 64.687698 0.000000 69.474998
577.500000 64.904594 0.000000 69.559998
578.125000 65.122162 0.000000 69.669998
579.000000 65.340080 0.000000 69.779999
580.625000 65.548622 0.000000 69.875000
581.625000 65.757736 0.000000 69.970001
582.125000 65.966759 0.000000 70.074997
583.125000 66.195320 0.000000 70.184998
583.750000 66.414421 0.000000 70.275002
585.000000 66.623993 0.000000 70.379997
586.000000 66.833809 0.000000 70.470001
587.250000 67.043770 0.000000 70.580002
589.000000 67.043770 0.000000 70.665001
590.375000 67.443985 0.000000 70.769997
591.625000 67.644218 0.000000 70.875000
592.625000 67.644218 0.000000 70.959999
593.625000 67.844444 0.000000 71.070000
599.000000 68.263641 0.000000 71.180000
601.125000 68.263641 0.000000 71.279999
604.375000 68.473045 0.000000 71.379997
605.000000 68.702209 0.000000 71.464996
605.625000 68.921577 0.000000 71.570000
606.250000 69.135780 0.000000 71.675003
606.625000 69.338898 0.000000 71.779999
607.000000 69.541092 0.000000 71.879997
607.500000 69.541092 0.000000 71.964996
608.000000 69.769997 0.000000 72.070000
608.625000 69.970856 0.000000 72.175003
608.875000 69.970856 0.000000 72.275002
609.500000 70.175766 0.000000 72.385002
609.625000 70.380013 0.000000 72.480003
610.125000 70.585205 0.000000 72.570000
610.375000 70.585205 0.000000 72.680000
610.625000 70.785393 0.000000 72.769997
611.000000 70.987198 0.000000 72.879997
611.500000 70.987198 0.000000 72.964996
611.875000 71.189247 0.000000 73.080002
612.000000 71.391762 0.000000 73.175003
612.500000 71.594421 0.000000 73.275002
612.750000 71.594421 0.000000 73.370003
612.750000 71.804573 0.000000 73.474998
613.000000 72.007401 0.000000 73.565002
613.500000 72.217987 0.000000 73.675003
613.875000 72.217987 0.000000 73.779999
614.125000 72.419014 0.000000 73.870003
614.875000 72.624657 0.000000 73.980003
615.000000 72.827904 0.000000 74.065002
615.500000 73.029785 0.000000 74.175003
616.125000 73.255516 0.000000 74.285004
616.500000 73.483612 0.000000 74.370003
616.875000 73.692871 0.000000 74.474998
617.000000 73.902603 0.000000 74.574997
617.250000 74.112556 0.000000 74.669998
617.750000 74.312614 0.000000 74.779999
618.125000 74.512711 0.000000 74.864998
618.125000 74.712799 0.000000 74.970001
618.375000 74.912903 0.000000 75.080002
618.500000 75.113022 0.000000 75.169998
618.750000 75.313179 0.000000 75.275002
618.875000 75.522972 0.000000 75.379997
618.875000 75.522972 0.000000 75.470001
619.375000 75.728554 0.000000 75.580002
619.375000 75.959045 0.000000 75.665001
619.375000 76.159927 0.000000 75.779999
619.500000 76.366196 0.000000 75.870003
619.500000 76.366196 0.000000 75.980003
619.500000 76.566399 0.000000 76.070000
619.500000 76.566399 0.000000 76.180000
619.750000 76.769928 0.000000 76.285004
619.875000 76.970551 0.000000 76.370003
620.000000 76.970551 0.000000 76.480003
620.125000 77.194275 0.000000 76.565002
620.500000 77.406006 0.000000 76.680000
621.500000 77.607712 0.000000 76.764999
621.750000 77.809982 0.000000 76.879997
622.875000 78.031273 0.000000 76.964996
623.500000 78.234222 0.000000 77.080002
623.750000 78.234222 0.000000 77.160004
624.250000 78.450523 0.000000 77.269997
624.250000 78.652397 0.000000 77.385002
624.625000 78.652397 0.000000 77.470001
624.750000 78.652397 0.000000 77.580002
624.750000 78.866180 0.000000 77.669998
625.125000 78.866180 0.000000 77.779999
625.125000 78.866180 0.000000 77.864998
625.125000 78.866180 0.000000 77.980003
625.125000 79.067131 0.000000 78.070000
625.125000 79.067131 0.000000 78.180000
625.125000 79.067131 0.000000 78.264999
625.125000 79.067131 0.000000 78.375000
625.125000 79.067131 0.000000 78.459999
625.125000 79.067131 0.000000 78.570000
625.125000 79.067131 0.000000 78.680000
625.125000 79.067131 0.000000 78.769997
625.125000 79.067131 0.000000 78.879997
625.125000 79.067131 0.000000 78.959999
625.125000 79.067131 0.000000 79.070000
625.125000 79.067131 0.000000 79.180000
625.125000 79.067131 0.000000 79.269997
625.125000 79.067131 0.000000 79.379997
625.125000 79.067131 0.000000 79.470001
625.250000 79.270996 0.000000 79.580002
625.250000 79.270996 0.000000 79.665001
625.250000 79.476242 0.000000 79.769997
625.250000 79.702736 0.000000 79.879997
625.375000 79.920143 0.000000 79.970001
625.500000 80.127174 0.000000 80.080002
625.500000 80.127174 0.000000 80.160004
625.750000 80.328690 0.000000 80.269997
625.875000 80.535400 0.000000 80.379997
625.875000 80.535400 0.000000 80.459999
626.125000 80.741081 0.000000 80.570000
626.375000 80.954041 0.000000 80.680000
626.500000 81.159294 0.000000 80.775002
626.750000 81.159294 0.000000 80.875000
626.875000 81.362808 0.000000 80.970001
627.250000 81.589264 0.000000 81.080002
628.375000 81.830917 0.000000 81.165001
628.875000 82.034340 0.000000 81.275002
629.000000 82.034340 0.000000 81.355003
629.375000 82.235374 0.000000 81.470001
629.500000 82.441254 0.000000 81.580002
629.875000 82.645760 0.000000 81.660004
630.250000 82.645760 0.000000 81.769997
630.500000 82.847260 0.000000 81.879997
631.000000 83.062576 0.000000 81.970001
631.375000 83.277023 0.000000 82.074997
631.750000 83.499611 0.000000 82.180000
631.750000 83.716225 0.000000 82.264999
632.125000 83.944527 0.000000 82.379997
632.250000 84.153732 0.000000 82.464996
632.500000 84.363319 0.000000 82.574997
632.625000 84.573112 0.000000 82.680000
632.750000 84.573112 0.000000 82.775002
632.875000 84.782990 0.000000 82.875000
633.000000 85.022919 0.000000 82.980003
633.375000 85.242851 0.000000 83.070000
633.875000 85.472733 0.000000 83.175003
634.000000 85.702614 0.000000 83.275002
634.125000 85.922485 0.000000 83.370003
634.125000 86.132065 0.000000 83.480003
634.500000 86.341637 0.000000 83.580002
634.500000 86.551308 0.000000 83.669998
634.625000 86.761078 0.000000 83.779999
634.875000 86.970963 0.000000 83.875000
635.250000 87.180939 0.000000 83.985001
635.500000 87.180939 0.000000 84.070000
635.500000 87.390877 0.000000 84.180000
635.625000 87.630173 0.000000 84.269997
635.750000 87.849373 0.000000 84.379997
636.000000 88.058952 0.000000 84.464996
636.125000 88.268417 0.000000 84.580002
636.125000 88.519142 0.000000 84.669998
636.375000 88.731483 0.000000 84.775002
636.625000 88.933899 0.000000 84.860001
636.625000 89.143661 0.000000 84.980003
636.625000 89.353653 0.000000 85.065002
636.875000 89.554649 0.000000 85.169998
637.000000 89.763428 0.000000 85.285004
637.625000 89.763428 0.000000 85.364998
637.750000 89.979500 0.000000 85.485001
637.750000 89.979500 0.000000 85.570000
637.750000 90.184601 0.000000 85.665001
637.750000 90.184601 0.000000 85.779999
637.875000 90.184601 0.000000 85.864998
638.000000 90.385979 0.000000 85.974998
638.000000 90.385979 0.000000 86.065002
638.125000 90.385979 0.000000 86.180000
638.125000 90.385979 0.000000 86.264999
638.125000 90.385979 0.000000 86.370003
638.250000 90.385979 0.000000 86.480003
638.250000 90.385979 0.000000 86.570000
638.250000 90.385979 0.000000 86.680000
638.250000 90.385979 0.000000 86.769997
638.250000 90.385979 0.000000 86.879997
638.250000 90.385979 0.000000 86.980003
638.375000 90.385979 0.000000 87.074997
638.375000 90.385979 0.000000 87.180000
638.500000 90.586464 0.000000 87.269997
638.500000 90.586464 0.000000 87.375000
638.500000 90.791077 0.000000 87.480003
638.625000 90.791077 0.000000 87.574997
638.625000 90.992508 0.000000 87.680000
638.875000 91.196190 0.000000 87.779999
638.875000 91.399902 0.000000 87.870003
638.875000 91.399902 0.000000 87.980003
639.000000 91.601158 0.000000 88.065002
639.000000 91.829414 0.000000 88.180000
639.125000 91.829414 0.000000 88.264999
639.250000 92.041748 0.000000 88.370003
639.375000 92.247116 0.000000 88.480003
639.625000 92.247116 0.000000 88.580002
640.000000 92.461639 0.000000 88.669998
640.000000 92.673439 0.000000 88.769997
640.125000 92.673439 0.000000 88.875000
640.250000 92.896767 0.000000 88.970001
640.250000 93.122192 0.000000 89.070000
640.500000 93.122192 0.000000 89.175003
640.500000 93.338974 0.000000 89.279999
640.500000 93.559647 0.000000 89.375000
640.625000 93.559647 0.000000 89.480003
640.750000 93.762260 0.000000 89.580002
640.875000 93.762260 0.000000 89.669998
641.125000 93.969917 0.000000 89.769997
641.375000 93.969917 0.000000 89.879997
641.500000 93.969917 0.000000 89.964996
641.625000 93.969917 0.000000 90.070000
641.750000 93.969917 0.000000 90.180000
641.750000 94.169960 0.000000 90.269997
642.125000 94.169960 0.000000 90.379997
642.125000 94.169960 0.000000 90.480003
642.250000 94.169960 0.000000 90.570000
642.250000 94.169960 0.000000 90.680000
642.250000 94.169960 0.000000 90.779999
642.250000 94.169960 0.000000 90.870003
642.250000 94.169960 0.000000 90.974998
642.250000 94.169960 0.000000 91.074997
642.375000 94.169960 0.000000 91.184998
642.375000 94.169960 0.000000 91.269997
642.375000 94.169960 0.000000 91.375000
642.375000 94.169960 0.000000 91.459999
642.375000 94.373123 0.000000 91.570000
642.375000 94.373123 0.000000 91.680000
642.375000 94.575005 0.000000 91.769997
642.500000 94.796402 0.000000 91.879997
642.500000 94.796402 0.000000 91.970001
642.500000 95.000900 0.000000 92.074997
642.625000 95.201317 0.000000 92.165001
642.750000 95.421936 0.000000 92.279999
642.750000 95.421936 0.000000 92.364998
642.750000 95.657356 0.000000 92.480003
642.875000 95.862602 0.000000 92.565002
642.875000 95.862602 0.000000 92.669998
642.875000 96.069565 0.000000 92.779999
643.000000 96.273438 0.000000 92.875000
643.000000 96.475967 0.000000 92.964996
643.000000 96.475967 0.000000 93.084999
643.000000 96.689293 0.000000 93.169998
643.125000 96.892097 0.000000 93.275002
643.125000 96.892097 0.000000 93.375000
643.125000 97.094086 0.000000 93.480003
643.125000 97.094086 0.000000 93.570000
643.250000 97.094086 0.000000 93.680000
643.375000 97.300865 0.000000 93.769997
643.375000 97.300865 0.000000 93.879997
643.375000 97.300865 0.000000 93.970001
643.375000 97.503021 0.000000 94.080002
643.375000 97.503021 0.000000 94.169998
643.375000 97.503021 0.000000 94.275002
643.375000 97.503021 0.000000 94.375000
643.375000 97.503021 0.000000 94.480003
643.375000 97.703995 0.000000 94.570000
643.375000 97.703995 0.000000 94.680000
643.375000 97.703995 0.000000 94.764999
643.375000 97.703995 0.000000 94.870003
643.375000 97.703995 0.000000 94.980003
643.375000 97.703995 0.000000 95.059998
643.375000 97.703995 0.000000 95.169998
643.375000 97.703995 0.000000 95.285004
643.375000 97.703995 0.000000 95.370003
643.375000 97.703995 0.000000 95.474998
643.375000 97.703995 0.000000 95.580002
643.375000 97.703995 0.000000 95.665001
643.375000 97.703995 0.000000 95.775002
643.500000 97.703995 0.000000 95.879997
643.500000 97.703995 0.000000 95.970001
643.500000 97.703995 0.000000 96.080002
643.500000 97.703995 0.000000 96.165001
643.500000 97.703995 0.000000 96.275002
643.500000 97.703995 0.000000 96.379997
643.500000 97.703995 0.000000 96.464996
643.500000 97.703995 0.000000 96.574997
643.500000 97.703995 0.000000 96.675003
643.500000 97.703995 0.000000 96.769997
643.500000 97.905792 0.000000 96.870003
643.625000 98.111450 0.000000 96.980003
643.625000 98.111450 0.000000 97.059998
643.625000 98.317238 0.000000 97.169998
643.625000 98.519958 0.000000 97.275002
643.750000 98.519958 0.000000 97.364998
643.750000 98.749283 0.000000 97.480003
643.750000 98.951332 0.000000 97.570000
644.125000 98.951332 0.000000 97.675003
644.125000 99.169266 0.000000 97.760002
644.125000 99.372696 0.000000 97.885002
644.375000 99.577011 0.000000 97.974998
644.375000 99.577011 0.000000 98.080002
644.375000 99.791084 0.000000 98.169998
644.375000 99.991310 0.000000 98.275002
644.500000 100.199104 0.000000 98.379997
644.500000 100.401550 0.000000 98.480003
644.625000 100.401550 0.000000 98.565002
644.750000 100.608521 0.000000 98.675003
644.750000 100.814888 0.000000 98.760002
644.750000 101.030441 0.000000 98.870003
644.875000 101.030441 0.000000 98.974998
644.875000 101.266815 0.000000 99.070000
645.000000 101.479897 0.000000 99.165001
645.125000 101.684853 0.000000 99.279999
645.125000 101.684853 0.000000 99.364998
645.750000 101.889587 0.000000 99.480003
646.000000 102.092300 0.000000 99.565002
646.000000 102.092300 0.000000 99.675003
646.125000 102.294739 0.000000 99.760002
646.125000 102.294739 0.000000 99.875000
646.500000 102.496780 0.000000 99.974998
646.500000 102.496780 0.000000 100.065002
646.500000 102.496780 0.000000 100.169998
646.500000 102.496780 0.000000 100.279999
646.625000 102.496780 0.000000 100.364998
646.625000 102.496780 0.000000 100.480003
646.625000 102.496780 0.000000 100.565002
646.625000 102.697075 0.000000 100.669998
646.750000 102.697075 0.000000 100.779999
646.750000 102.697075 0.000000 100.864998
646.750000 102.697075 0.000000 100.970001
646.750000 102.697075 0.000000 101.080002
646.750000 102.697075 0.000000 101.165001
646.750000 102.697075 0.000000 101.279999
646.750000 102.697075 0.000000 101.364998
646.750000 102.697075 0.000000 101.470001
646.750000 102.905731 0.000000 101.574997
646.750000 102.905731 0.000000 101.680000
646.875000 103.111145 0.000000 101.769997
646.875000 103.318336 0.000000 101.875000
646.875000 103.318336 0.000000 101.974998
646.875000 103.533386 0.000000 102.065002
647.125000 103.759300 0.000000 102.169998
647.375000 103.966606 0.000000 102.279999
647.500000 103.966606 0.000000 102.375000
647.625000 104.179420 0.000000 102.470001
647.750000 104.396576 0.000000 102.574997
648.000000 104.640038 0.000000 102.675003
648.125000 104.847427 0.000000 102.764999
648.250000 105.056122 0.000000 102.870003
648.500000 105.275436 0.000000 102.980003
648.750000 105.485100 0.000000 103.070000
649.250000 105.694908 0.000000 103.184998
649.750000 105.904755 0.000000 103.279999
650.625000 105.904755 0.000000 103.370003
652.125000 106.114647 0.000000 103.480003
654.500000 106.354515 0.000000 103.565002
656.500000 106.573921 0.000000 103.669998
659.250000 106.782402 0.000000 103.779999
660.625000 107.023758 0.000000 103.879997
663.250000 107.224495 0.000000 103.970001
665.000000 107.224495 0.000000 104.080002
666.000000 107.461670 0.000000 104.169998
667.125000 107.685768 0.000000 104.279999
667.750000 107.685768 0.000000 104.370003
668.125000 107.915161 0.000000 104.470001
668.375000 108.139137 0.000000 104.580002
669.375000 108.139137 0.000000 104.665001
670.250000 108.364540 0.000000 104.775002
671.625000 108.568512 0.000000 104.864998
674.500000 108.568512 0.000000 104.970001
676.375000 108.772842 0.000000 105.080002
677.125000 108.977745 0.000000 105.184998
677.500000 109.183296 0.000000 105.269997
678.250000 109.385376 0.000000 105.379997
678.625000 109.385376 0.000000 105.464996
678.875000 109.595955 0.000000 105.580002
679.125000 109.801239 0.000000 105.660004
679.250000 109.801239 0.000000 105.769997
679.250000 110.014763 0.000000 105.875000
679.750000 110.014763 0.000000 105.974998
679.750000 110.218315 0.000000 106.070000
679.750000 110.218315 0.000000 106.180000
679.750000 110.419838 0.000000 106.264999
679.750000 110.419838 0.000000 106.375000
680.000000 110.419838 0.000000 106.480003
680.000000 110.419838 0.000000 106.570000
680.125000 110.620827 0.000000 106.680000
680.250000 110.620827 0.000000 106.764999
680.250000 110.620827 0.000000 106.870003
680.375000 110.620827 0.000000 106.980003
680.375000 110.620827 0.000000 107.084999
680.375000 110.821526 0.000000 107.169998
680.375000 110.821526 0.000000 107.269997
680.375000 110.821526 0.000000 107.379997
680.375000 110.821526 0.000000 107.464996
680.375000 110.821526 0.000000 107.570000
680.375000 110.821526 0.000000 107.675003
680.500000 110.821526 0.000000 107.785004
680.500000 110.821526 0.000000 107.870003
680.500000 110.821526 0.000000 107.980003
680.500000 110.821526 0.000000 108.070000
680.500000 110.821526 0.000000 108.180000
680.500000 110.821526 0.000000 108.269997
680.500000 110.821526 0.000000 108.379997
680.500000 110.821526 0.000000 108.474998
680.500000 110.821526 0.000000 108.565002
680.500000 110.821526 0.000000 108.669998
680.500000 110.821526 0.000000 108.779999
680.500000 110.821526 0.000000 108.864998
680.500000 110.821526 0.000000 108.980003
680.500000 110.821526 0.000000 109.070000
680.500000 110.821526 0.000000 109.175003
680.500000 110.821526 0.000000 109.279999
680.500000 110.821526 0.000000 109.370003
680.500000 110.821526 0.000000 109.480003
680.500000 110.821526 0.000000 109.574997
680.500000 110.821526 0.000000 109.669998
680.500000 110.821526 0.000000 109.775002
680.500000 110.821526 0.000000 109.879997
680.500000 110.821526 0.000000 109.980003
680.500000 110.821526 0.000000 110.070000
680.500000 110.821526 0.000000 110.180000
680.500000 110.821526 0.000000 110.269997
680.500000 110.821526 0.000000 110.379997
680.500000 110.821526 0.000000 110.459999
680.500000 110.821526 0.000000 110.580002
680.500000 111.027100 0.000000 110.669998
680.500000 111.027100 0.000000 110.779999
680.500000 111.227722 0.000000 110.864998
680.500000 111.441330 0.000000 110.970001
680.500000 111.441330 0.000000 111.074997
680.625000 111.658440 0.000000 111.165001
680.625000 111.861168 0.000000 111.275002
680.750000 111.861168 0.000000 111.360001
680.750000 112.064804 0.000000 111.470001
680.750000 112.297997 0.000000 111.580002
680.750000 112.297997 0.000000 111.669998
680.750000 112.500359 0.000000 111.779999
680.875000 112.717438 0.000000 111.864998
680.875000 112.717438 0.000000 111.970001
681.000000 112.922417 0.000000 112.080002
681.125000 112.922417 0.000000 112.175003
681.125000 113.136993 0.000000 112.269997
681.250000 113.136993 0.000000 112.375000
681.250000 113.136993 0.000000 112.480003
681.500000 113.339256 0.000000 112.580002
681.500000 113.339256 0.000000 112.669998
681.625000 113.549271 0.000000 112.775002
681.625000 113.549271 0.000000 112.879997
681.625000 113.549271 0.000000 112.970001
681.625000 113.549271 0.000000 113.080002
681.750000 113.757988 0.000000 113.165001
681.750000 113.757988 0.000000 113.279999
681.750000 113.757988 0.000000 113.364998
681.875000 113.757988 0.000000 113.474998
682.000000 113.757988 0.000000 113.584999
682.125000 113.757988 0.000000 113.669998
682.125000 113.757988 0.000000 113.779999
682.250000 113.757988 0.000000 113.879997
682.625000 113.757988 0.000000 113.964996
682.875000 113.757988 0.000000 114.074997
683.125000 113.757988 0.000000 114.175003
683.125000 113.757988 0.000000 114.279999
683.125000 113.757988 0.000000 114.364998
683.125000 113.757988 0.000000 114.474998
683.125000 113.757988 0.000000 114.580002
683.125000 113.757988 0.000000 114.680000
683.125000 113.960594 0.000000 114.769997
683.375000 114.163811 0.000000 114.879997
683.625000 114.163811 0.000000 114.970001
683.625000 114.378922 0.000000 115.074997
683.750000 114.583687 0.000000 115.160004
684.250000 114.583687 0.000000 115.269997
684.375000 114.790131 0.000000 115.379997
684.500000 115.002693 0.000000 115.485001
685.500000 115.002693 0.000000 115.574997
685.875000 115.227547 0.000000 115.665001
686.250000 115.436707 0.000000 115.775002
687.250000 115.436707 0.000000 115.879997
688.000000 115.638718 0.000000 115.964996
688.625000 115.840805 0.000000 116.070000
689.375000 116.045937 0.000000 116.180000
690.250000 116.045937 0.000000 116.275002
691.125000 116.246201 0.000000 116.375000
691.625000 116.460068 0.000000 116.464996
692.500000 116.460068 0.000000 116.580002
692.625000 116.663406 0.000000 116.665001
692.625000 116.663406 0.000000 116.779999
693.125000 116.864479 0.000000 116.870003
693.375000 116.864479 0.000000 116.980003
693.375000 116.864479 0.000000 117.074997
693.375000 116.864479 0.000000 117.175003
693.375000 116.864479 0.000000 117.279999
693.500000 116.864479 0.000000 117.370003
693.500000 116.864479 0.000000 117.474998
693.500000 116.864479 0.000000 117.565002
693.625000 117.064842 0.000000 117.680000
693.750000 117.064842 0.000000 117.785004
693.750000 117.064842 0.000000 117.875000
693.875000 117.064842 0.000000 117.980003
693.875000 117.064842 0.000000 118.070000
693.875000 117.064842 0.000000 118.180000
693.875000 117.064842 0.000000 118.275002
693.875000 117.064842 0.000000 118.370003
693.875000 117.064842 0.000000 118.485001
694.000000 117.268349 0.000000 118.584999
694.250000 117.471428 0.000000 118.669998
694.500000 117.471428 0.000000 118.779999
694.500000 117.672615 0.000000 118.870003
694.500000 117.878151 0.000000 118.974998
694.750000 117.878151 0.000000 119.070000
694.750000 118.103615 0.000000 119.169998
695.000000 118.308601 0.000000 119.279999
696.125000 118.308601 0.000000 119.364998
701.125000 118.509514 0.000000 119.470001
704.500000 118.509514 0.000000 119.574997
709.000000 118.716339 0.000000 119.669998
711.000000 118.716339 0.000000 119.775002
715.500000 118.917809 0.000000 119.879997
718.875000 118.917809 0.000000 119.964996
720.750000 118.917809 0.000000 120.074997
722.750000 119.126251 0.000000 120.169998
723.500000 119.126251 0.000000 120.279999
724.250000 119.126251 0.000000 120.370003
725.125000 119.126251 0.000000 120.470001
725.625000 119.327972 0.000000 120.570000
725.875000 119.327972 0.000000 120.675003
726.625000 119.327972 0.000000 120.769997
726.875000 119.327972 0.000000 120.879997
727.625000 119.327972 0.000000 120.974998
727.625000 119.327972 0.000000 121.065002
727.875000 119.528725 0.000000 121.175003
728.125000 119.528725 0.000000 121.279999
728.250000 119.528725 0.000000 121.379997
728.375000 119.528725 0.000000 121.480003
728.375000 119.528725 0.000000 121.570000
729.000000 119.528725 0.000000 121.675003
729.000000 119.528725 0.000000 121.779999
729.000000 119.528725 0.000000 121.864998
729.250000 119.528725 0.000000 121.980003
729.375000 119.528725 0.000000 122.065002
729.375000 119.528725 0.000000 122.169998
729.375000 119.528725 0.000000 122.279999
729.500000 119.528725 0.000000 122.370003
729.625000 119.528725 0.000000 122.474998
729.875000 119.528725 0.000000 122.570000
730.000000 119.739250 0.000000 122.680000
730.250000 119.739250 0.000000 122.764999
730.250000 119.941505 0.000000 122.875000
730.375000 120.147377 0.000000 122.980003
731.000000 120.348495 0.000000 123.070000
731.250000 120.549553 0.000000 123.180000
732.375000 120.755066 0.000000 123.290001
732.750000 120.956894 0.000000 123.375000
733.125000 121.159737 0.000000 123.470001
733.875000 121.362801 0.000000 123.580002
735.000000 121.566116 0.000000 123.665001
735.750000 121.769417 0.000000 123.779999
737.500000 121.972801 0.000000 123.864998
739.125000 122.176109 0.000000 123.985001
740.000000 122.377655 0.000000 124.070000
741.500000 122.578110 0.000000 124.175003
742.000000 122.787849 0.000000 124.279999
742.875000 122.787849 0.000000 124.370003
743.750000 123.205765 0.000000 124.480003
745.500000 123.205765 0.000000 124.570000
746.000000 123.415283 0.000000 124.680000
746.625000 123.645111 0.000000 124.769997
747.500000 123.846291 0.000000 124.879997
748.250000 124.055550 0.000000 124.964996
748.500000 124.264626 0.000000 125.070000
748.875000 124.492844 0.000000 125.175003
750.125000 124.719414 0.000000 125.260002
750.875000 124.957603 0.000000 125.379997
751.375000 125.160362 0.000000 125.485001
754.750000 125.361389 0.000000 125.574997
755.500000 125.564018 0.000000 125.675003
756.000000 125.770050 0.000000 125.779999
757.250000 125.770050 0.000000 125.864998
757.750000 125.999344 0.000000 125.974998
759.375000 126.205658 0.000000 126.084999
761.250000 126.409531 0.000000 126.169998
762.000000 126.409531 0.000000 126.275002
763.000000 126.618446 0.000000 126.385002
764.000000 126.819847 0.000000 126.480003
764.500000 126.819847 0.000000 126.565002
765.250000 127.024208 0.000000 126.675003
765.500000 127.226936 0.000000 126.775002
766.875000 127.429710 0.000000 126.864998
767.625000 127.429710 0.000000 126.974998
768.125000 127.647636 0.000000 127.065002
769.000000 127.866837 0.000000 127.175003
769.750000 127.866837 0.000000 127.275002
770.500000 128.095337 0.000000 127.370003
770.625000 128.295959 0.000000 127.474998
771.250000 128.295959 0.000000 127.565002
771.750000 128.497498 0.000000 127.680000
772.250000 128.699707 0.000000 127.790001
772.500000 128.917572 0.000000 127.875000
773.250000 128.917572 0.000000 127.985001
773.875000 129.151138 0.000000 128.080002
774.625000 129.355057 0.000000 128.179993
774.750000 129.559235 0.000000 128.285004
775.500000 129.559235 0.000000 128.369995
775.750000 129.782043 0.000000 128.475006
776.250000 129.982315 0.000000 128.559998
776.625000 129.982315 0.000000 128.669998
776.750000 130.186005 0.000000 128.774994
777.375000 130.386703 0.000000 128.860001
777.625000 130.386703 0.000000 128.975006
777.750000 130.599487 0.000000 129.054993
780.625000 130.599487 0.000000 129.169998
781.625000 130.817627 0.000000 129.279999
783.875000 131.025635 0.000000 129.369995
785.625000 131.233276 0.000000 129.475006
788.625000 131.469040 0.000000 129.559998
790.500000 131.699371 0.000000 129.684998
793.000000 131.901062 0.000000 129.770004
795.000000 132.102921 0.000000 129.880005
797.125000 132.311295 0.000000 129.964996
798.750000 132.511642 0.000000 130.070007
799.500000 132.511642 0.000000 130.179993
800.875000 132.731537 0.000000 130.274994
801.750000 132.944168 0.000000 130.365005
802.625000 132.944168 0.000000 130.479996
803.750000 133.180099 0.000000 130.570007
805.750000 133.395447 0.000000 130.675003
810.250000 133.395447 0.000000 130.779999
812.000000 133.621552 0.000000 130.865005
813.750000 133.826370 0.000000 130.975006
816.000000 134.026596 0.000000 131.059998
816.625000 134.026596 0.000000 131.169998
818.125000 134.234146 0.000000 131.270004
819.750000 134.453735 0.000000 131.360001
820.500000 134.657242 0.000000 131.475006
822.000000 134.657242 0.000000 131.574997
822.750000 134.861771 0.000000 131.675003
823.125000 135.076767 0.000000 131.779999
824.375000 135.076767 0.000000 131.865005
824.500000 135.283218 0.000000 131.979996
825.125000 135.504440 0.000000 132.065002
825.500000 135.504440 0.000000 132.169998
826.375000 135.711334 0.000000 132.279999
826.625000 135.946518 0.000000 132.365005
826.875000 135.946518 0.000000 132.479996
827.500000 136.183380 0.000000 132.574997
827.500000 136.388336 0.000000 132.675003
827.750000 136.388336 0.000000 132.764999
827.750000 136.602081 0.000000 132.869995
828.500000 136.803955 0.000000 132.985001
828.625000 136.803955 0.000000 133.065002
828.750000 137.007721 0.000000 133.175003
829.125000 137.231842 0.000000 133.264999
829.125000 137.231842 0.000000 133.375000
829.250000 137.458389 0.000000 133.479996
829.500000 137.685593 0.000000 133.565002
830.000000 137.887512 0.000000 133.679993
831.625000 137.887512 0.000000 133.764999
832.000000 138.094193 0.000000 133.875000
832.000000 138.298294 0.000000 133.979996
832.125000 138.500610 0.000000 134.070007
832.750000 138.716583 0.000000 134.175003
833.125000 138.954498 0.000000 134.279999
833.375000 139.173584 0.000000 134.369995
833.875000 139.393143 0.000000 134.479996
835.625000 139.602798 0.000000 134.570007
836.750000 139.812393 0.000000 134.675003
837.750000 140.022018 0.000000 134.774994
838.375000 140.022018 0.000000 134.869995
839.750000 140.231308 0.000000 134.979996
841.750000 140.470215 0.000000 135.065002
843.000000 140.698929 0.000000 135.179993
845.750000 140.907578 0.000000 135.264999
846.625000 141.116364 0.000000 135.375000
847.875000 141.335068 0.000000 135.479996
848.875000 141.544968 0.000000 135.565002
849.500000 141.749008 0.000000 135.679993
850.500000 141.749008 0.000000 135.764999
850.875000 141.949539 0.000000 135.880005
851.500000 142.176575 0.000000 135.970001
853.125000 142.176575 0.000000 136.074997
855.500000 142.386780 0.000000 136.160004
856.375000 142.612213 0.000000 136.270004
858.625000 142.612213 0.000000 136.380005
859.875000 142.839066 0.000000 136.470001
861.250000 143.059814 0.000000 136.580002
861.750000 143.059814 0.000000 136.664993
861.750000 143.261566 0.000000 136.779999
862.750000 143.463028 0.000000 136.869995
863.250000 143.670364 0.000000 136.975006
863.375000 143.670364 0.000000 137.080002
864.000000 143.877167 0.000000 137.169998
864.000000 144.105606 0.000000 137.279999
864.375000 144.105606 0.000000 137.365005
864.625000 144.305908 0.000000 137.479996
864.625000 144.537552 0.000000 137.570007
865.250000 144.537552 0.000000 137.679993
865.375000 144.765335 0.000000 137.764999
865.750000 144.970230 0.000000 137.880005
866.375000 144.970230 0.000000 137.964996
866.750000 145.175507 0.000000 138.080002
867.000000 145.380646 0.000000 138.164993
867.375000 145.583328 0.000000 138.279999
868.125000 145.789352 0.000000 138.380005
868.500000 145.991791 0.000000 138.470001
868.500000 146.201309 0.000000 138.580002
868.500000 146.201309 0.000000 138.669998
868.625000 146.404434 0.000000 138.774994
868.625000 146.608856 0.000000 138.880005
868.625000 146.823593 0.000000 138.964996
868.750000 147.058289 0.000000 139.080002
868.750000 147.264038 0.000000 139.164993
868.875000 147.469971 0.000000 139.274994
869.000000 147.691147 0.000000 139.360001
869.125000 147.891388 0.000000 139.470001
869.375000 148.091507 0.000000 139.580002
869.500000 148.091507 0.000000 139.664993
869.500000 148.298172 0.000000 139.774994
869.500000 148.298172 0.000000 139.865005
869.500000 148.512711 0.000000 139.985001
869.500000 148.512711 0.000000 140.070007
869.625000 148.512711 0.000000 140.179993
869.750000 148.512711 0.000000 140.270004
869.750000 148.512711 0.000000 140.380005
869.750000 148.512711 0.000000 140.464996
869.750000 148.712860 0.000000 140.580002
869.750000 148.712860 0.000000 140.669998
869.750000 148.712860 0.000000 140.774994
869.750000 148.712860 0.000000 140.860001
869.750000 148.712860 0.000000 140.970001
869.750000 148.712860 0.000000 141.080002
869.750000 148.712860 0.000000 141.169998
869.750000 148.712860 0.000000 141.279999
869.750000 148.712860 0.000000 141.369995
869.750000 148.712860 0.000000 141.479996
869.750000 148.712860 0.000000 141.580002
869.750000 148.712860 0.000000 141.669998
869.750000 148.712860 0.000000 141.779999
869.750000 148.712860 0.000000 141.869995
869.750000 148.712860 0.000000 141.975006
869.750000 148.712860 0.000000 142.085007
869.750000 148.712860 0.000000 142.164993
869.750000 148.712860 0.000000 142.279999
869.750000 148.712860 0.000000 142.365005
869.750000 148.712860 0.000000 142.470001
869.750000 148.712860 0.000000 142.580002
869.750000 148.712860 0.000000 142.660004
869.750000 148.712860 0.000000 142.770004
869.750000 148.712860 0.000000 142.880005
869.750000 148.914200 0.000000 142.964996
869.750000 149.120682 0.000000 143.080002
869.875000 149.120682 0.000000 143.179993
869.875000 149.322495 0.000000 143.264999
869.875000 149.525299 0.000000 143.380005
869.875000 149.726776 0.000000 143.470001
870.000000 149.952301 0.000000 143.580002
870.125000 150.160889 0.000000 143.664993
870.125000 150.370438 0.000000 143.770004
870.125000 150.576416 0.000000 143.880005
870.250000 150.790222 0.000000 143.964996
870.375000 150.994202 0.000000 144.070007
870.375000 150.994202 0.000000 144.179993
870.375000 151.207642 0.000000 144.270004
870.500000 151.435791 0.000000 144.380005
870.500000 151.435791 0.000000 144.464996
870.750000 151.659302 0.000000 144.580002
870.875000 151.865967 0.000000 144.669998
870.875000 151.865967 0.000000 144.774994
870.875000 152.069763 0.000000 144.860001
870.875000 152.286606 0.000000 144.979996
871.000000 152.286606 0.000000 145.074997
871.000000 152.487045 0.000000 145.179993
871.000000 152.698624 0.000000 145.264999
871.125000 152.698624 0.000000 145.369995
871.125000 152.904465 0.000000 145.479996
871.125000 153.106079 0.000000 145.570007
871.125000 153.307587 0.000000 145.679993
871.125000 153.307587 0.000000 145.764999
871.125000 153.509293 0.000000 145.880005
871.250000 153.741882 0.000000 145.964996
871.250000 153.945999 0.000000 146.080002
871.250000 153.945999 0.000000 146.164993
871.375000 154.158340 0.000000 146.279999
871.500000 154.363510 0.000000 146.360001
871.500000 154.363510 0.000000 146.470001
871.625000 154.568893 0.000000 146.580002
871.625000 154.817184 0.000000 146.669998
871.750000 155.024078 0.000000 146.779999
871.750000 155.024078 0.000000 146.869995
871.750000 155.224426 0.000000 146.979996
871.750000 155.448425 0.000000 147.070007
872.125000 155.649094 0.000000 147.175003
872.125000 155.855362 0.000000 147.279999
872.125000 155.855362 0.000000 147.369995
872.125000 156.057632 0.000000 147.479996
872.250000 156.057632 0.000000 147.565002
872.250000 156.057632 0.000000 147.679993
872.375000 156.057632 0.000000 147.774994
872.375000 156.258041 0.000000 147.865005
872.375000 156.258041 0.000000 147.979996
872.750000 156.258041 0.000000 148.070007
872.750000 156.258041 0.000000 148.179993
872.750000 156.258041 0.000000 148.270004
872.875000 156.258041 0.000000 148.380005
873.000000 156.258041 0.000000 148.464996
873.000000 156.258041 0.000000 148.574997
873.000000 156.258041 0.000000 148.684998
873.000000 156.258041 0.000000 148.779999
873.000000 156.258041 0.000000 148.865005
873.000000 156.258041 0.000000 148.979996
873.125000 156.258041 0.000000 149.070007
873.125000 156.460052 0.000000 149.179993
873.250000 156.460052 0.000000 149.264999
873.250000 156.665558 0.000000 149.380005
873.375000 156.869232 0.000000 149.475006
873.375000 156.869232 0.000000 149.580002
873.375000 157.073883 0.000000 149.669998
873.625000 157.281387 0.000000 149.779999
873.625000 157.281387 0.000000 149.869995
873.625000 157.483032 0.000000 149.979996
873.750000 157.716507 0.000000 150.065002
874.125000 157.716507 0.000000 150.169998
874.375000 157.920670 0.000000 150.279999
874.500000 158.125381 0.000000 150.365005
874.625000 158.329361 0.000000 150.475006
874.625000 158.529434 0.000000 150.580002
874.625000 158.734512 0.000000 150.679993
875.000000 158.734512 0.000000 150.770004
875.000000 158.937317 0.000000 150.875000
875.125000 159.173416 0.000000 150.960007
875.125000 159.411652 0.000000 151.080002
875.125000 159.613022 0.000000 151.164993
875.125000 159.815598 0.000000 151.279999
875.250000 160.018326 0.000000 151.365005
875.375000 160.231033 0.000000 151.485001
875.375000 160.433640 0.000000 151.585007
875.375000 160.636169 0.000000 151.664993
875.500000 160.837082 0.000000 151.779999
875.500000 161.097351 0.000000 151.869995
875.625000 161.306900 0.000000 151.975006
875.625000 161.516479 0.000000 152.065002
875.625000 161.726181 0.000000 152.175003
875.750000 161.726181 0.000000 152.259995
875.750000 161.935959 0.000000 152.369995
875.875000 162.155838 0.000000 152.479996
875.875000 162.405777 0.000000 152.570007
875.875000 162.655746 0.000000 152.679993
876.000000 162.895691 0.000000 152.774994
876.000000 163.105621 0.000000 152.865005
876.125000 163.315521 0.000000 152.979996
876.125000 163.525452 0.000000 153.065002
876.125000 163.735382 0.000000 153.179993
876.250000 163.735382 0.000000 153.264999
876.250000 163.955338 0.000000 153.375000
876.375000 164.195312 0.000000 153.464996
876.375000 164.435257 0.000000 153.580002
876.375000 164.645218 0.000000 153.675003
876.500000 164.845230 0.000000 153.779999
876.500000 165.045242 0.000000 153.875000
876.625000 165.275238 0.000000 153.960007
876.625000 165.495178 0.000000 154.070007
876.625000 165.715149 0.000000 154.179993
876.750000 165.925110 0.000000 154.264999
876.750000 166.135056 0.000000 154.380005
876.875000 166.135056 0.000000 154.464996
876.875000 166.554977 0.000000 154.580002
876.875000 166.554977 0.000000 154.664993
877.125000 166.764862 0.000000 154.785004
877.125000 167.004684 0.000000 154.869995
877.250000 167.244507 0.000000 154.979996
877.250000 167.494354 0.000000 155.070007
877.500000 167.704254 0.000000 155.175003
878.125000 167.914124 0.000000 155.259995
878.125000 168.124008 0.000000 155.369995
878.375000 168.333878 0.000000 155.479996
878.375000 168.333878 0.000000 155.565002
878.375000 168.753693 0.000000 155.679993
878.500000 168.753693 0.000000 155.770004
878.500000 168.963577 0.000000 155.880005
878.875000 169.193405 0.000000 155.985001
879.125000 169.413254 0.000000 156.070007
879.125000 169.643097 0.000000 156.175003
879.250000 169.872543 0.000000 156.259995
879.375000 170.102020 0.000000 156.380005
879.750000 170.311707 0.000000 156.464996
880.875000 170.521500 0.000000 156.580002
881.625000 170.731308 0.000000 156.669998
882.250000 170.941116 0.000000 156.779999
882.875000 170.941116 0.000000 156.865005
883.375000 171.150940 0.000000 156.979996
883.375000 171.400742 0.000000 157.074997
883.625000 171.620544 0.000000 157.179993
883.750000 171.830368 0.000000 157.270004
885.000000 172.040192 0.000000 157.375000
886.625000 172.270004 0.000000 157.460007
886.875000 172.499847 0.000000 157.580002
887.250000 172.709747 0.000000 157.669998
887.375000 172.919540 0.000000 157.774994
887.750000 172.919540 0.000000 157.865005
888.250000 173.337555 0.000000 157.975006
888.250000 173.337555 0.000000 158.070007
889.500000 173.546875 0.000000 158.179993
891.125000 173.786392 0.000000 158.264999
891.500000 174.006165 0.000000 158.369995
892.000000 174.236023 0.000000 158.479996
892.625000 174.485428 0.000000 158.570007
894.000000 174.694992 0.000000 158.675003
895.000000 174.904785 0.000000 158.764999
896.375000 175.114777 0.000000 158.869995
899.625000 175.314819 0.000000 158.979996
900.875000 175.314819 0.000000 159.065002
901.875000 175.728561 0.000000 159.179993
902.500000 175.728561 0.000000 159.264999
903.000000 175.929367 0.000000 159.380005
903.875000 176.133148 0.000000 159.470001
905.125000 176.133148 0.000000 159.574997
905.625000 176.344116 0.000000 159.664993
906.625000 176.344116 0.000000 159.779999
907.000000 176.344116 0.000000 159.865005
908.375000 176.546127 0.000000 159.975006
908.625000 176.546127 0.000000 160.065002
908.875000 176.546127 0.000000 160.179993
909.250000 176.546127 0.000000 160.279999
909.250000 176.546127 0.000000 160.380005
909.250000 176.546127 0.000000 160.464996
909.625000 176.546127 0.000000 160.574997
909.625000 176.546127 0.000000 160.660004
910.500000 176.546127 0.000000 160.770004
910.625000 176.546127 0.000000 160.880005
911.375000 176.546127 0.000000 160.964996
911.500000 176.546127 0.000000 161.080002
911.625000 176.546127 0.000000 161.164993
911.625000 176.546127 0.000000 161.274994
911.750000 176.755630 0.000000 161.365005
912.250000 176.755630 0.000000 161.479996
912.500000 176.958817 0.000000 161.565002
913.125000 177.163559 0.000000 161.675003
913.500000 177.163559 0.000000 161.764999
914.125000 177.370377 0.000000 161.880005
914.375000 177.603561 0.000000 161.970001
914.875000 177.603561 0.000000 162.080002
915.500000 177.830856 0.000000 162.164993
916.000000 178.035995 0.000000 162.279999
916.125000 178.035995 0.000000 162.365005
916.250000 178.241302 0.000000 162.479996
916.375000 178.446762 0.000000 162.570007
916.500000 178.652557 0.000000 162.684998
916.625000 178.652557 0.000000 162.770004
916.625000 178.858047 0.000000 162.880005
916.875000 179.060684 0.000000 162.964996
917.375000 179.261597 0.000000 163.074997
917.500000 179.261597 0.000000 163.179993
917.500000 179.463699 0.000000 163.264999
917.625000 179.463699 0.000000 163.380005
917.625000 179.463699 0.000000 163.464996
917.750000 179.664490 0.000000 163.580002
917.750000 179.664490 0.000000 163.664993
917.875000 179.664490 0.000000 163.774994
917.875000 179.865845 0.000000 163.865005
917.875000 179.865845 0.000000 163.979996
917.875000 179.865845 0.000000 164.065002
918.000000 179.865845 0.000000 164.175003
918.000000 179.865845 0.000000 164.274994
918.000000 180.071564 0.000000 164.369995
918.000000 180.071564 0.000000 164.479996
918.000000 180.071564 0.000000 164.565002
918.125000 180.071564 0.000000 164.679993
918.125000 180.071564 0.000000 164.764999
918.250000 180.071564 0.000000 164.880005
918.250000 180.071564 0.000000 164.970001
918.250000 180.071564 0.000000 165.074997
918.250000 180.071564 0.000000 165.184998
918.250000 180.071564 0.000000 165.274994
918.250000 180.071564 0.000000 165.380005
918.250000 180.071564 0.000000 165.470001
918.250000 180.071564 0.000000 165.585007
918.250000 180.071564 0.000000 165.679993
918.250000 180.071564 0.000000 165.764999
918.250000 180.071564 0.000000 165.880005
918.375000 180.071564 0.000000 165.960007
918.375000 180.071564 0.000000 166.070007
918.750000 180.274033 0.000000 166.179993
918.750000 180.274033 0.000000 166.264999
918.875000 180.476791 0.000000 166.380005
919.000000 180.682312 0.000000 166.464996
919.000000 180.886566 0.000000 166.580002
919.000000 181.094742 0.000000 166.664993
919.125000 181.309113 0.000000 166.785004
919.250000 181.516541 0.000000 166.865005
919.375000 181.725189 0.000000 166.985001
919.375000 181.934021 0.000000 167.070007
919.375000 182.143311 0.000000 167.179993
919.500000 182.143311 0.000000 167.264999
919.500000 182.352737 0.000000 167.369995
919.625000 182.561935 0.000000 167.479996
919.625000 182.791199 0.000000 167.565002
919.625000 183.010727 0.000000 167.675003
919.750000 183.258148 0.000000 167.785004
919.875000 183.466858 0.000000 167.865005
919.875000 183.669235 0.000000 167.979996
920.000000 183.669235 0.000000 168.070007
920.375000 183.875259 0.000000 168.179993
920.375000 184.093948 0.000000 168.270004
920.375000 184.093948 0.000000 168.380005
920.500000 184.311172 0.000000 168.464996
920.625000 184.311172 0.000000 168.574997
920.750000 184.311172 0.000000 168.669998
920.750000 184.511246 0.000000 168.779999
920.750000 184.511246 0.000000 168.869995
920.750000 184.511246 0.000000 168.979996
920.875000 184.715652 0.000000 169.080002
920.875000 184.715652 0.000000 169.169998
920.875000 184.715652 0.000000 169.279999
920.875000 184.715652 0.000000 169.365005
920.875000 184.715652 0.000000 169.479996
920.875000 184.916107 0.000000 169.570007
920.875000 184.916107 0.000000 169.679993
920.875000 184.916107 0.000000 169.774994
920.875000 184.916107 0.000000 169.869995
920.875000 184.916107 0.000000 169.979996
921.000000 184.916107 0.000000 170.065002
921.000000 184.916107 0.000000 170.175003
921.000000 184.916107 0.000000 170.279999
921.000000 184.916107 0.000000 170.369995
921.000000 184.916107 0.000000 170.479996
921.000000 184.916107 0.000000 170.565002
921.000000 184.916107 0.000000 170.679993
921.000000 184.916107 0.000000 170.759995
921.000000 184.916107 0.000000 170.884003
921.000000 184.916107 0.000000 170.970001
921.000000 184.916107 0.000000 171.080002
921.000000 184.916107 0.000000 171.164993
921.000000 184.916107 0.000000 171.274994
921.000000 184.916107 0.000000 171.384995
921.000000 184.916107 0.000000 171.470001
921.000000 184.916107 0.000000 171.580002
921.000000 184.916107 0.000000 171.684998
921.000000 184.916107 0.000000 171.779999
921.000000 184.916107 0.000000 171.869995
921.000000 184.916107 0.000000 171.979996
921.000000 184.916107 0.000000 172.070007
921.000000 184.916107 0.000000 172.179993
921.000000 184.916107 0.000000 172.264999
921.000000 184.916107 0.000000 172.380005
921.000000 184.916107 0.000000 172.470001
921.000000 184.916107 0.000000 172.574997
921.000000 184.916107 0.000000 172.679993
921.000000 184.916107 0.000000 172.764999
921.000000 184.916107 0.000000 172.875000
921.000000 184.916107 0.000000 172.960007
921.000000 184.916107 0.000000 173.074997
921.000000 184.916107 0.000000 173.160004
921.000000 184.916107 0.000000 173.279999
921.000000 184.916107 0.000000 173.365005
921.000000 184.916107 0.000000 173.479996
921.000000 184.916107 0.000000 173.565002
921.000000 184.916107 0.000000 173.675003
921.000000 184.916107 0.000000 173.764999
921.000000 184.916107 0.000000 173.880005
921.000000 184.916107 0.000000 173.964996
921.000000 184.916107 0.000000 174.074997
921.000000 184.916107 0.000000 174.179993
921.000000 184.916107 0.000000 174.264999
921.000000 184.916107 0.000000 174.380005
921.000000 184.916107 0.000000 174.464996
921.000000 184.916107 0.000000 174.580002
921.000000 184.916107 0.000000 174.669998
921.000000 184.916107 0.000000 174.779999
921.000000 184.916107 0.000000 174.869995
921.000000 184.916107 0.000000 174.979996
921.000000 184.916107 0.000000 175.070007
921.000000 184.916107 0.000000 175.179993
921.000000 184.916107 0.000000 175.274994
921.000000 184.916107 0.000000 175.360001
921.000000 184.916107 0.000000 175.479996
921.000000 184.916107 0.000000 175.565002
921.000000 184.916107 0.000000 175.679993
921.000000 184.916107 0.000000 175.770004
921.000000 184.916107 0.000000 175.880005
921.000000 184.916107 0.000000 175.964996
921.000000 184.916107 0.000000 176.080002
921.000000 184.916107 0.000000 176.160004
921.000000 184.916107 0.000000 176.279999
921.000000 184.916107 0.000000 176.369995
921.000000 184.916107 0.000000 176.479996
921.000000 184.916107 0.000000 176.565002
921.000000 184.916107 0.000000 176.679993
921.000000 184.916107 0.000000 176.770004
921.000000 184.916107 0.000000 176.880005
921.000000 184.916107 0.000000 176.964996
921.000000 184.916107 0.000000 177.085007
921.000000 184.916107 0.000000 177.169998
921.000000 184.916107 0.000000 177.279999
921.000000 184.916107 0.000000 177.369995
921.000000 184.916107 0.000000 177.475006
921.000000 184.916107 0.000000 177.565002
921.000000 184.916107 0.000000 177.679993
921.000000 184.916107 0.000000 177.770004
921.000000 184.916107 0.000000 177.880005
921.000000 184.916107 0.000000 177.964996
921.000000 184.916107 0.000000 178.074997
921.000000 184.916107 0.000000 178.169998
921.000000 184.916107 0.000000 178.279999
921.000000 184.916107 0.000000 178.369995
921.000000 184.916107 0.000000 178.475006
921.000000 184.916107 0.000000 178.565002
921.000000 184.916107 0.000000 178.679993
921.000000 184.916107 0.000000 178.770004
921.000000 184.916107 0.000000 178.880005
921.000000 184.916107 0.000000 178.970001
921.000000 184.916107 0.000000 179.074997
921.000000 184.916107 0.000000 179.160004
921.000000 184.916107 0.000000 179.285004
921.000000 184.916107 0.000000 179.369995
921.000000 184.916107 0.000000 179.479996
921.000000 184.916107 0.000000 179.565002
921.000000 184.916107 0.000000 179.675003
921.000000 184.916107 0.000000 179.785004
921.000000 184.916107 0.000000 179.869995
921.000000 184.916107 0.000000 179.979996
921.000000 184.916107 0.000000 180.070007
921.000000 184.916107 0.000000 180.179993
921.000000 184.916107 0.000000 180.270004
921.000000 184.916107 0.000000 180.380005
921.000000 184.916107 0.000000 180.470001
921.000000 184.916107 0.000000 180.574997
921.000000 184.916107 0.000000 180.679993
921.000000 184.916107 0.000000 180.770004
921.000000 184.916107 0.000000 180.880005
921.000000 184.916107 0.000000 180.964996
921.000000 184.916107 0.000000 181.074997
921.000000 184.916107 0.000000 181.179993
921.000000 184.916107 0.000000 181.270004
921.000000 184.916107 0.000000 181.380005
921.000000 184.916107 0.000000 181.470001
921.000000 184.916107 0.000000 181.580002
921.000000 184.916107 0.000000 181.664993
921.000000 184.916107 0.000000 181.779999
921.000000 184.916107 0.000000 181.875000
921.000000 184.916107 0.000000 181.964996
921.000000 184.916107 0.000000 182.070007
921.000000 184.916107 0.000000 182.184998
921.000000 184.916107 0.000000 182.270004
921.000000 184.916107 0.000000 182.375000
921.000000 184.916107 0.000000 182.475006
921.000000 184.916107 0.000000 182.580002
921.000000 184.916107 0.000000 182.669998
921.000000 184.916107 0.000000 182.779999
921.000000 184.916107 0.000000 182.869995
921.000000 184.916107 0.000000 182.975006
921.000000 184.916107 0.000000 183.065002
921.000000 184.916107 0.000000 183.169998
921.000000 184.916107 0.000000 183.279999
921.000000 184.916107 0.000000 183.369995
921.000000 184.916107 0.000000 183.479996
921.000000 184.916107 0.000000 183.565002
