68.750000 0.000000 0.000000 0.010000
89.625000 0.000000 0.000000 0.110000
107.375000 0.204842 0.000000 0.205000
119.250000 0.409003 0.000000 0.310000
131.625000 0.613081 0.000000 0.400000
140.750000 0.815582 0.000000 0.510000
150.625000 1.021778 0.000000 0.595000
160.375000 1.229863 0.000000 0.700000
168.375000 1.438916 0.000000 0.805000
175.500000 1.438916 0.000000 0.900000
181.750000 1.648445 0.000000 1.005000
189.125000 1.888190 0.000000 1.090000
195.000000 2.108019 0.000000 1.200000
201.750000 2.347802 0.000000 1.305000
209.750000 2.577648 0.000000 1.410000
217.375000 2.807473 0.000000 1.510000
226.000000 3.017281 0.000000 1.595000
233.000000 3.226779 0.000000 1.705000
242.750000 3.226779 0.000000 1.795000
253.500000 3.441692 0.000000 1.905000
264.500000 3.671594 0.000000 1.995000
277.125000 3.871664 0.000000 2.105000
290.750000 4.076586 0.000000 2.210000
301.500000 4.076586 0.000000 2.295000
314.250000 4.279387 0.000000 2.410000
324.000000 4.279387 0.000000 2.495000
336.500000 4.479438 0.000000 2.605000
344.625000 4.479438 0.000000 2.700000
352.875000 4.479438 0.000000 2.810000
361.125000 4.680393 0.000000 2.895000
370.625000 4.680393 0.000000 3.000000
378.500000 4.680393 0.000000 3.110000
387.625000 4.680393 0.000000 3.205000
394.625000 4.881561 0.000000 3.305000
401.750000 4.881561 0.000000 3.400000
409.000000 4.881561 0.000000 3.505000
414.375000 4.881561 0.000000 3.595000
419.000000 4.881561 0.000000 3.705000
422.375000 4.881561 0.000000 3.795000
426.250000 4.881561 0.000000 3.900000
430.750000 4.881561 0.000000 4.010000
434.500000 4.881561 0.000000 4.105000
439.625000 4.881561 0.000000 4.200000
445.250000 4.881561 0.000000 4.305000
449.125000 4.881561 0.000000 4.395000
452.750000 4.881561 0.000000 4.500000
456.750000 4.881561 0.000000 4.605000
459.625000 4.881561 0.000000 4.700000
462.625000 4.881561 0.000000 4.805000
465.625000 4.881561 0.000000 4.895000
469.000000 4.881561 0.000000 5.000000
472.000000 4.881561 0.000000 5.105000
474.500000 4.881561 0.000000 5.205000
477.500000 4.881561 0.000000 5.300000
479.750000 4.881561 0.000000 5.405000
483.375000 4.881561 0.000000 5.495000
486.500000 4.881561 0.000000 5.610000
489.625000 4.881561 0.000000 5.695000
491.750000 4.881561 0.000000 5.795000
494.625000 4.881561 0.000000 5.905000
498.750000 4.881561 0.000000 5.995000
502.625000 4.881561 0.000000 6.105000
504.625000 4.881561 0.000000 6.200000
509.000000 4.881561 0.000000 6.305000
512.250000 4.881561 0.000000 6.405000
514.000000 4.881561 0.000000 6.500000
516.250000 4.881561 0.000000 6.605000
520.125000 4.881561 0.000000 6.695000
523.125000 4.881561 0.000000 6.805000
526.500000 4.881561 0.000000 6.895000
528.250000 4.881561 0.000000 7.010000
530.500000 4.881561 0.000000 7.100000
534.250000 4.881561 0.000000 7.205000
535.250000 4.881561 0.000000 7.295000
537.250000 4.881561 0.000000 7.400000
539.750000 4.881561 0.000000 7.510000
542.125000 4.881561 0.000000 7.595000
544.125000 4.881561 0.000000 7.705000
545.750000 4.881561 0.000000 7.810000
547.375000 4.881561 0.000000 7.900000
549.125000 4.881561 0.000000 8.010000
550.750000 4.881561 0.000000 8.095000
553.000000 4.881561 0.000000 8.210000
555.375000 4.881561 0.000000 8.306000
557.500000 4.881561 0.000000 8.405000
559.625000 4.881561 0.000000 8.495000
561.125000 4.881561 0.000000 8.605000
563.625000 4.881561 0.000000 8.695000
565.125000 4.881561 0.000000 8.810000
566.875000 4.881561 0.000000 8.890000
568.625000 4.881561 0.000000 8.995000
571.125000 4.881561 0.000000 9.105000
573.250000 4.881561 0.000000 9.210000
575.500000 4.881561 0.000000 9.300000
576.875000 4.881561 0.000000 9.405000
579.000000 4.881561 0.000000 9.510000
580.750000 4.881561 0.000000 9.595000
582.125000 4.881561 0.000000 9.715000
584.000000 4.881561 0.000000 9.800000
585.375000 4.881561 0.000000 9.905000
587.375000 4.881561 0.000000 9.995000
589.125000 4.881561 0.000000 10.100000
590.125000 4.881561 0.000000 10.210000
591.125000 4.881561 0.000000 10.305000
592.375000 4.881561 0.000000 10.410000
593.875000 4.881561 0.000000 10.500000
595.250000 4.881561 0.000000 10.610000
596.000000 4.881561 0.000000 10.700000
596.625000 4.881561 0.000000 10.805000
598.250000 4.881561 0.000000 10.895000
599.125000 4.881561 0.000000 11.005000
600.250000 4.881561 0.000000 11.095000
601.000000 4.881561 0.000000 11.205000
601.500000 4.881561 0.000000 11.290000
602.125000 4.881561 0.000000 11.400000
602.375000 4.881561 0.000000 11.505000
602.750000 4.881561 0.000000 11.610000
603.000000 4.881561 0.000000 11.695000
603.250000 4.881561 0.000000 11.805000
603.250000 4.881561 0.000000 11.890000
603.750000 4.881561 0.000000 12.005000
604.125000 4.881561 0.000000 12.105000
604.500000 4.881561 0.000000 12.210000
605.000000 4.881561 0.000000 12.295000
605.250000 4.881561 0.000000 12.405000
605.625000 4.881561 0.000000 12.510000
605.875000 4.881561 0.000000 12.600000
606.375000 4.881561 0.000000 12.710000
607.000000 4.881561 0.000000 12.800000
607.375000 4.881561 0.000000 12.900000
607.625000 4.881561 0.000000 13.005000
607.625000 4.881561 0.000000 13.100000
608.000000 4.881561 0.000000 13.200000
608.375000 4.881561 0.000000 13.295000
608.625000 4.881561 0.000000 13.400000
609.125000 4.881561 0.000000 13.510000
609.500000 4.881561 0.000000 13.595000
609.500000 4.881561 0.000000 13.705000
609.875000 4.881561 0.000000 13.795000
610.000000 4.881561 0.000000 13.900000
610.000000 4.881561 0.000000 14.006000
610.125000 4.881561 0.000000 14.110000
610.250000 4.881561 0.000000 14.195000
610.250000 4.881561 0.000000 14.305000
610.375000 4.881561 0.000000 14.395000
610.375000 4.881561 0.000000 14.500000
610.375000 4.881561 0.000000 14.610000
610.375000 4.881561 0.000000 14.695000
610.375000 4.881561 0.000000 14.800000
610.375000 4.881561 0.000000 14.905000
610.375000 4.881561 0.000000 15.000000
610.375000 4.881561 0.000000 15.100000
610.500000 4.881561 0.000000 15.210000
610.500000 4.881561 0.000000 15.300000
610.500000 4.881561 0.000000 15.410000
610.500000 4.881561 0.000000 15.495000
610.500000 4.881561 0.000000 15.610000
610.500000 4.881561 0.000000 15.700000
610.500000 4.881561 0.000000 15.805000
610.500000 4.881561 0.000000 15.905000
610.500000 4.881561 0.000000 16.014999
610.500000 4.881561 0.000000 16.105000
610.625000 4.881561 0.000000 16.190001
610.750000 4.881561 0.000000 16.299999
610.750000 4.881561 0.000000 16.405001
610.750000 4.881561 0.000000 16.490000
610.750000 4.881561 0.000000 16.605000
610.875000 4.881561 0.000000 16.690001
610.875000 4.881561 0.000000 16.799999
611.000000 4.881561 0.000000 16.910000
611.000000 4.881561 0.000000 16.995001
611.000000 4.881561 0.000000 17.110001
611.000000 4.881561 0.000000 17.195000
611.000000 4.881561 0.000000 17.305000
611.000000 4.881561 0.000000 17.405001
611.000000 4.881561 0.000000 17.500000
611.125000 4.881561 0.000000 17.605000
611.125000 4.881561 0.000000 17.690001
611.125000 4.881561 0.000000 17.795000
611.125000 4.881561 0.000000 17.905001
611.125000 4.881561 0.000000 18.014999
611.250000 4.881561 0.000000 18.105000
611.250000 4.881561 0.000000 18.200001
611.250000 4.881561 0.000000 18.309999
611.250000 4.881561 0.000000 18.395000
611.375000 4.881561 0.000000 18.510000
611.375000 4.881561 0.000000 18.594999
611.375000 4.881561 0.000000 18.715000
611.375000 4.881561 0.000000 18.809999
611.375000 4.881561 0.000000 18.895000
611.375000 4.881561 0.000000 19.010000
611.375000 4.881561 0.000000 19.094999
611.375000 4.881561 0.000000 19.205000
611.375000 4.881561 0.000000 19.305000
611.500000 4.881561 0.000000 19.400000
611.500000 4.881561 0.000000 19.504999
611.500000 4.881561 0.000000 19.610001
611.500000 4.881561 0.000000 19.709999
611.500000 4.881561 0.000000 19.795000
611.500000 4.881561 0.000000 19.905001
611.500000 4.881561 0.000000 19.995001
611.500000 4.881561 0.000000 20.105000
611.500000 4.881561 0.000000 20.195000
611.500000 4.881561 0.000000 20.309999
611.500000 4.881561 0.000000 20.400000
611.500000 4.881561 0.000000 20.504999
611.625000 4.881561 0.000000 20.594999
611.625000 4.881561 0.000000 20.705000
611.625000 4.881561 0.000000 20.795000
611.625000 4.881561 0.000000 20.905001
611.625000 4.881561 0.000000 21.010000
611.625000 4.881561 0.000000 21.110001
611.625000 4.881561 0.000000 21.195000
611.625000 4.881561 0.000000 21.305000
611.625000 4.881561 0.000000 21.389999
611.625000 4.881561 0.000000 21.500000
611.625000 4.881561 0.000000 21.610001
611.625000 4.881561 0.000000 21.695000
611.625000 4.881561 0.000000 21.815001
611.625000 4.881561 0.000000 21.900000
611.625000 4.881561 0.000000 22.010000
611.625000 4.881561 0.000000 22.115000
611.625000 4.881561 0.000000 22.195000
611.625000 4.881561 0.000000 22.309999
611.625000 4.881561 0.000000 22.405001
611.625000 4.881561 0.000000 22.495001
611.625000 4.881561 0.000000 22.605000
611.625000 4.881561 0.000000 22.695000
611.625000 4.881561 0.000000 22.805000
611.625000 4.881561 0.000000 22.905001
611.750000 4.881561 0.000000 23.010000
611.750000 4.881561 0.000000 23.094999
611.750000 4.881561 0.000000 23.205000
611.750000 4.881561 0.000000 23.295000
611.750000 4.881561 0.000000 23.400000
611.750000 4.881561 0.000000 23.510000
611.750000 4.881561 0.000000 23.590000
611.875000 4.881561 0.000000 23.700001
611.875000 4.881561 0.000000 23.805000
611.875000 4.881561 0.000000 23.905001
611.875000 4.881561 0.000000 24.004999
611.875000 4.881561 0.000000 24.105000
611.875000 4.881561 0.000000 24.200001
612.000000 4.881561 0.000000 24.305000
612.000000 4.881561 0.000000 24.400000
612.000000 4.881561 0.000000 24.495001
612.000000 4.881561 0.000000 24.610001
612.000000 4.881561 0.000000 24.695000
612.000000 4.881561 0.000000 24.805000
612.000000 4.881561 0.000000 24.895000
612.000000 4.881561 0.000000 25.004999
612.000000 4.881561 0.000000 25.105000
612.000000 4.881561 0.000000 25.195000
612.000000 4.881561 0.000000 25.305000
612.125000 4.881561 0.000000 25.410000
612.125000 4.881561 0.000000 25.510000
612.125000 4.881561 0.000000 25.594999
612.125000 4.881561 0.000000 25.705000
612.125000 4.881561 0.000000 25.799999
612.125000 4.881561 0.000000 25.910000
612.125000 4.881561 0.000000 25.995001
612.125000 4.881561 0.000000 26.105000
612.125000 4.881561 0.000000 26.195000
612.125000 4.881561 0.000000 26.305000
612.125000 4.881561 0.000000 26.389999
612.125000 4.881561 0.000000 26.504999
612.125000 4.881561 0.000000 26.615000
612.125000 4.881561 0.000000 26.700001
612.125000 4.881561 0.000000 26.805000
612.250000 4.881561 0.000000 26.900000
612.250000 4.881561 0.000000 27.004999
612.250000 4.881561 0.000000 27.105000
612.250000 4.881561 0.000000 27.195000
612.250000 4.881561 0.000000 27.305000
612.250000 4.881561 0.000000 27.415001
612.250000 4.881561 0.000000 27.500000
612.250000 4.881561 0.000000 27.605000
612.250000 4.881561 0.000000 27.709999
612.250000 4.881561 0.000000 27.795000
612.250000 4.881561 0.000000 27.905001
612.250000 4.881561 0.000000 27.995001
612.250000 4.881561 0.000000 28.100000
612.250000 4.881561 0.000000 28.209999
612.250000 4.881561 0.000000 28.315001
612.250000 4.881561 0.000000 28.400000
612.250000 4.881561 0.000000 28.504999
612.250000 4.881561 0.000000 28.594999
612.250000 4.881561 0.000000 28.705000
612.250000 4.881561 0.000000 28.795000
612.250000 4.881561 0.000000 28.905001
612.250000 4.881561 0.000000 29.010000
612.250000 4.881561 0.000000 29.100000
612.250000 4.881561 0.000000 29.205000
612.250000 4.881561 0.000000 29.295000
612.250000 4.881561 0.000000 29.405001
612.250000 4.881561 0.000000 29.495001
612.250000 4.881561 0.000000 29.605000
612.250000 4.881561 0.000000 29.690001
612.250000 4.881561 0.000000 29.799999
612.250000 4.881561 0.000000 29.905001
612.250000 4.881561 0.000000 29.995001
612.250000 4.881561 0.000000 30.105000
612.250000 4.881561 0.000000 30.209999
612.250000 4.881561 0.000000 30.290001
612.250000 4.881561 0.000000 30.400000
612.250000 4.881561 0.000000 30.504999
612.250000 4.881561 0.000000 30.594999
612.250000 4.881561 0.000000 30.695000
612.250000 4.881561 0.000000 30.805000
612.250000 4.881561 0.000000 30.915001
612.250000 4.881561 0.000000 30.995001
612.250000 4.881561 0.000000 31.105000
612.250000 4.881561 0.000000 31.190001
612.250000 4.881561 0.000000 31.299999
612.250000 4.881561 0.000000 31.410000
612.250000 4.881561 0.000000 31.500000
612.250000 4.881561 0.000000 31.605000
612.250000 4.881561 0.000000 31.700001
612.250000 4.881561 0.000000 31.809999
612.250000 4.881561 0.000000 31.900000
612.250000 4.881561 0.000000 32.009998
612.250000 4.881561 0.000000 32.110001
612.250000 4.881561 0.000000 32.215000
612.250000 4.881561 0.000000 32.299999
612.250000 4.881561 0.000000 32.410000
612.250000 4.881561 0.000000 32.505001
612.250000 4.881561 0.000000 32.605000
612.250000 4.881561 0.000000 32.700001
612.250000 4.881561 0.000000 32.805000
612.250000 4.881561 0.000000 32.905998
612.250000 4.881561 0.000000 32.994999
612.250000 4.881561 0.000000 33.105000
612.250000 4.881561 0.000000 33.195000
612.250000 4.881561 0.000000 33.305000
612.250000 4.881561 0.000000 33.400002
612.250000 4.881561 0.000000 33.500000
612.250000 4.881561 0.000000 33.610001
612.250000 4.881561 0.000000 33.695000
612.250000 4.881561 0.000000 33.805000
612.250000 4.881561 0.000000 33.904999
612.250000 4.881561 0.000000 34.000000
612.250000 4.881561 0.000000 34.115002
612.250000 4.881561 0.000000 34.200001
612.250000 4.881561 0.000000 34.310001
612.250000 4.881561 0.000000 34.404999
612.250000 4.881561 0.000000 34.509998
612.250000 4.881561 0.000000 34.610001
612.250000 4.881561 0.000000 34.700001
612.250000 4.881561 0.000000 34.810001
612.250000 4.881561 0.000000 34.900002
612.250000 4.881561 0.000000 35.005001
612.250000 4.881561 0.000000 35.095001
612.250000 4.881561 0.000000 35.205002
612.250000 4.881561 0.000000 35.294998
612.250000 4.881561 0.000000 35.400002
612.250000 4.881561 0.000000 35.505001
612.250000 4.881561 0.000000 35.595001
612.250000 4.881561 0.000000 35.700001
612.250000 4.881561 0.000000 35.810001
612.250000 4.881561 0.000000 35.895000
612.250000 4.881561 0.000000 36.009998
612.250000 4.881561 0.000000 36.095001
612.250000 4.881561 0.000000 36.200001
612.250000 4.881561 0.000000 36.305000
612.250000 4.881561 0.000000 36.395000
612.250000 4.881561 0.000000 36.500000
612.250000 4.881561 0.000000 36.610001
612.250000 4.881561 0.000000 36.700001
612.250000 4.881561 0.000000 36.810001
612.250000 4.881561 0.000000 36.904999
612.250000 4.881561 0.000000 36.994999
612.250000 4.881561 0.000000 37.105000
612.250000 4.881561 0.000000 37.205002
612.250000 4.881561 0.000000 37.294998
612.250000 4.881561 0.000000 37.404999
612.250000 4.881561 0.000000 37.500000
