67.875000 0.000000 0.000000 0.055000
93.500000 0.000000 0.000000 0.140000
109.250000 0.204567 0.000000 0.255000
120.875000 0.417115 0.000000 0.340000
133.375000 0.630906 0.000000 0.455000
143.875000 0.833213 0.000000 0.545000
154.750000 1.038477 0.000000 0.655000
164.250000 1.265413 0.000000 0.735000
170.125000 1.483373 0.000000 0.845000
177.000000 1.690999 0.000000 0.950000
183.500000 1.892840 0.000000 1.045000
190.000000 2.100405 0.000000 1.150000
196.250000 2.100405 0.000000 1.255000
203.375000 2.312564 0.000000 1.345000
208.625000 2.524712 0.000000 1.450000
215.750000 2.524712 0.000000 1.555000
220.500000 2.750677 0.000000 1.645000
225.375000 2.750677 0.000000 1.755000
230.250000 2.750677 0.000000 1.845000
235.125000 2.950707 0.000000 1.955000
239.250000 2.950707 0.000000 2.040000
243.000000 2.950707 0.000000 2.155000
246.125000 3.160609 0.000000 2.240000
250.000000 3.160609 0.000000 2.355000
252.625000 3.160609 0.000000 2.460000
256.375000 3.160609 0.000000 2.555000
260.375000 3.364718 0.000000 2.645000
264.125000 3.364718 0.000000 2.760000
268.000000 3.364718 0.000000 2.845000
271.125000 3.364718 0.000000 2.950000
274.250000 3.364718 0.000000 3.050000
277.000000 3.364718 0.000000 3.140000
279.125000 3.364718 0.000000 3.255000
281.750000 3.364718 0.000000 3.340000
284.375000 3.364718 0.000000 3.450000
287.000000 3.364718 0.000000 3.555000
289.750000 3.364718 0.000000 3.645000
291.250000 3.364718 0.000000 3.760000
293.875000 3.364718 0.000000 3.845000
294.625000 3.364718 0.000000 3.955000
296.625000 3.364718 0.000000 4.040000
299.125000 3.364718 0.000000 4.155000
301.000000 3.364718 0.000000 4.260000
303.250000 3.364718 0.000000 4.360000
305.000000 3.364718 0.000000 4.450000
306.375000 3.364718 0.000000 4.560000
307.875000 3.364718 0.000000 4.645000
310.125000 3.364718 0.000000 4.760000
311.125000 3.364718 0.000000 4.855000
313.250000 3.364718 0.000000 4.950000
314.625000 3.364718 0.000000 5.055000
317.000000 3.364718 0.000000 5.145000
318.625000 3.364718 0.000000 5.255000
319.125000 3.364718 0.000000 5.340000
320.625000 3.364718 0.000000 5.460000
321.875000 3.364718 0.000000 5.545000
323.125000 3.364718 0.000000 5.650000
325.875000 3.364718 0.000000 5.760000
326.875000 3.364718 0.000000 5.850000
328.250000 3.364718 0.000000 5.950000
329.625000 3.364718 0.000000 6.040000
331.000000 3.364718 0.000000 6.150000
332.875000 3.364718 0.000000 6.250000
333.625000 3.364718 0.000000 6.360000
334.500000 3.364718 0.000000 6.450000
336.125000 3.364718 0.000000 6.555000
337.250000 3.364718 0.000000 6.640000
339.000000 3.592035 0.000000 6.750000
339.750000 3.592035 0.000000 6.850000
340.500000 3.807464 0.000000 6.955000
340.875000 4.019157 0.000000 7.060000
342.375000 4.240409 0.000000 7.155000
343.000000 4.446596 0.000000 7.240000
344.250000 4.654805 0.000000 7.345000
345.250000 4.864012 0.000000 7.450000
345.250000 5.103658 0.000000 7.545000
347.000000 5.333552 0.000000 7.660000
347.375000 5.543541 0.000000 7.755000
348.500000 5.743542 0.000000 7.845000
349.500000 5.953511 0.000000 7.955000
350.375000 5.953511 0.000000 8.045000
351.500000 6.163471 0.000000 8.155000
353.375000 6.403415 0.000000 8.240000
353.750000 6.643370 0.000000 8.360000
356.000000 6.853236 0.000000 8.450000
357.250000 7.059984 0.000000 8.555000
358.250000 7.284085 0.000000 8.645000
361.125000 7.488663 0.000000 8.755000
362.000000 7.488663 0.000000 8.845000
364.750000 7.712873 0.000000 8.955000
366.625000 7.712873 0.000000 9.045000
367.875000 7.913573 0.000000 9.150000
369.375000 8.114138 0.000000 9.255000
370.875000 8.114138 0.000000 9.345000
371.875000 8.114138 0.000000 9.455000
373.500000 8.315350 0.000000 9.560000
374.625000 8.315350 0.000000 9.645000
376.875000 8.315350 0.000000 9.760000
377.750000 8.315350 0.000000 9.845000
378.000000 8.515909 0.000000 9.960000
379.125000 8.515909 0.000000 10.045000
379.875000 8.515909 0.000000 10.155000
380.750000 8.515909 0.000000 10.245000
382.125000 8.515909 0.000000 10.350000
382.750000 8.515909 0.000000 10.455000
383.375000 8.515909 0.000000 10.545000
384.375000 8.515909 0.000000 10.660000
384.875000 8.515909 0.000000 10.750000
385.625000 8.715918 0.000000 10.855000
386.000000 8.715918 0.000000 10.950000
386.750000 8.715918 0.000000 11.060000
387.625000 8.715918 0.000000 11.145000
387.875000 8.715918 0.000000 11.255000
388.875000 8.715918 0.000000 11.345000
389.375000 8.715918 0.000000 11.450000
390.250000 8.715918 0.000000 11.560000
391.125000 8.715918 0.000000 11.645000
391.500000 8.715918 0.000000 11.750000
392.375000 8.715918 0.000000 11.860000
392.875000 8.715918 0.000000 11.945000
393.375000 8.715918 0.000000 12.055000
394.125000 8.715918 0.000000 12.155000
394.750000 8.715918 0.000000 12.255000
395.500000 8.715918 0.000000 12.350000
395.750000 8.715918 0.000000 12.455000
396.000000 8.715918 0.000000 12.545000
396.625000 8.715918 0.000000 12.650000
397.125000 8.715918 0.000000 12.760000
397.375000 8.715918 0.000000 12.845000
397.875000 8.715918 0.000000 12.950000
398.000000 8.715918 0.000000 13.055000
398.875000 8.715918 0.000000 13.145000
399.500000 8.715918 0.000000 13.260000
399.875000 8.715918 0.000000 13.340000
400.625000 8.715918 0.000000 13.455000
401.000000 8.715918 0.000000 13.560000
401.250000 8.715918 0.000000 13.645000
401.875000 8.715918 0.000000 13.760000
401.875000 8.715918 0.000000 13.845000
402.375000 8.715918 0.000000 13.955000
402.875000 8.715918 0.000000 14.055000
403.250000 8.715918 0.000000 14.145000
404.000000 8.715918 0.000000 14.260000
404.375000 8.715918 0.000000 14.355000
405.000000 8.715918 0.000000 14.460000
405.750000 8.715918 0.000000 14.545000
406.000000 8.715918 0.000000 14.655000
406.500000 8.715918 0.000000 14.745000
407.125000 8.715918 0.000000 14.855000
407.875000 8.715918 0.000000 14.945000
408.375000 8.715918 0.000000 15.055000
409.250000 8.929044 0.000000 15.140000
409.500000 8.929044 0.000000 15.260000
410.625000 9.145298 0.000000 15.350000
411.125000 9.358388 0.000000 15.455000
411.375000 9.572305 0.000000 15.560000
412.375000 9.804436 0.000000 15.660000
413.000000 10.011185 0.000000 15.750000
413.500000 10.219571 0.000000 15.860000
413.875000 10.219571 0.000000 15.945000
414.250000 10.428765 0.000000 16.049999
414.375000 10.638301 0.000000 16.155001
414.625000 10.877626 0.000000 16.245001
415.250000 11.097161 0.000000 16.355000
415.625000 11.306833 0.000000 16.450001
415.625000 11.516608 0.000000 16.549999
415.875000 11.726421 0.000000 16.660000
416.625000 11.976279 0.000000 16.754999
416.750000 12.186219 0.000000 16.860001
417.000000 12.396148 0.000000 16.950001
417.000000 12.605896 0.000000 17.059999
417.000000 12.815370 0.000000 17.150000
417.625000 13.024583 0.000000 17.254999
417.750000 13.024583 0.000000 17.344999
418.250000 13.233351 0.000000 17.450001
418.875000 13.451484 0.000000 17.559999
419.125000 13.664963 0.000000 17.639999
420.250000 13.866578 0.000000 17.750000
422.625000 14.068282 0.000000 17.855000
425.875000 14.068282 0.000000 17.940001
431.125000 14.269708 0.000000 18.049999
434.875000 14.479493 0.000000 18.155001
441.875000 14.479493 0.000000 18.245001
450.750000 14.679636 0.000000 18.350000
456.875000 14.679636 0.000000 18.459999
465.250000 14.679636 0.000000 18.545000
474.625000 14.880132 0.000000 18.660000
483.500000 14.880132 0.000000 18.745001
490.875000 14.880132 0.000000 18.855000
497.000000 15.082302 0.000000 18.945000
502.875000 15.082302 0.000000 19.055000
510.000000 15.082302 0.000000 19.139999
514.750000 15.082302 0.000000 19.254999
520.750000 15.082302 0.000000 19.355000
524.375000 15.082302 0.000000 19.459999
529.250000 15.082302 0.000000 19.545000
533.375000 15.283710 0.000000 19.660000
538.375000 15.283710 0.000000 19.750000
542.875000 15.283710 0.000000 19.850000
547.250000 15.283710 0.000000 19.959999
550.500000 15.283710 0.000000 20.049999
555.125000 15.283710 0.000000 20.155001
558.750000 15.283710 0.000000 20.254999
563.375000 15.283710 0.000000 20.350000
566.500000 15.283710 0.000000 20.455000
570.125000 15.283710 0.000000 20.549999
573.875000 15.283710 0.000000 20.660000
575.875000 15.283710 0.000000 20.750000
578.250000 15.283710 0.000000 20.850000
580.625000 15.283710 0.000000 20.940001
582.750000 15.283710 0.000000 21.045000
584.625000 15.283710 0.000000 21.160000
586.125000 15.283710 0.000000 21.245001
588.375000 15.283710 0.000000 21.350000
590.375000 15.283710 0.000000 21.455000
591.875000 15.283710 0.000000 21.545000
592.875000 15.283710 0.000000 21.650000
595.375000 15.283710 0.000000 21.754999
597.375000 15.283710 0.000000 21.855000
598.750000 15.283710 0.000000 21.955000
600.500000 15.283710 0.000000 22.049999
601.750000 15.283710 0.000000 22.150000
603.375000 15.283710 0.000000 22.254999
604.250000 15.283710 0.000000 22.344999
605.625000 15.283710 0.000000 22.455000
607.375000 15.283710 0.000000 22.545000
608.875000 15.283710 0.000000 22.655001
610.250000 15.283710 0.000000 22.750000
611.875000 15.283710 0.000000 22.860001
613.750000 15.283710 0.000000 22.955000
614.625000 15.283710 0.000000 23.059999
616.375000 15.283710 0.000000 23.150000
617.250000 15.283710 0.000000 23.260000
619.125000 15.283710 0.000000 23.360001
620.875000 15.283710 0.000000 23.445000
622.000000 15.283710 0.000000 23.549999
623.250000 15.283710 0.000000 23.660000
624.125000 15.283710 0.000000 23.750000
625.875000 15.283710 0.000000 23.865000
627.750000 15.283710 0.000000 23.955000
628.750000 15.283710 0.000000 24.065001
630.000000 15.283710 0.000000 24.150000
631.625000 15.283710 0.000000 24.254999
632.500000 15.283710 0.000000 24.344999
633.875000 15.283710 0.000000 24.459999
634.500000 15.283710 0.000000 24.559999
635.875000 15.283710 0.000000 24.645000
637.625000 15.283710 0.000000 24.754999
639.250000 15.283710 0.000000 24.844999
640.250000 15.283710 0.000000 24.945000
641.750000 15.283710 0.000000 25.055000
642.750000 15.283710 0.000000 25.139999
644.250000 15.283710 0.000000 25.254999
644.375000 15.283710 0.000000 25.360001
645.375000 15.283710 0.000000 25.445000
647.250000 15.283710 0.000000 25.555000
648.875000 15.283710 0.000000 25.645000
649.625000 15.283710 0.000000 25.754999
650.625000 15.283710 0.000000 25.844999
651.875000 15.283710 0.000000 25.950001
652.625000 15.283710 0.000000 26.049999
653.125000 15.283710 0.000000 26.139999
654.125000 15.283710 0.000000 26.250000
656.125000 15.283710 0.000000 26.360001
657.125000 15.283710 0.000000 26.440001
657.750000 15.283710 0.000000 26.549999
658.625000 15.283710 0.000000 26.655001
659.000000 15.283710 0.000000 26.745001
659.250000 15.283710 0.000000 26.850000
659.500000 15.283710 0.000000 26.955000
660.500000 15.283710 0.000000 27.045000
661.125000 15.283710 0.000000 27.155001
661.500000 15.283710 0.000000 27.245001
661.750000 15.283710 0.000000 27.355000
662.125000 15.283710 0.000000 27.445000
662.250000 15.283710 0.000000 27.555000
662.250000 15.283710 0.000000 27.639999
662.250000 15.283710 0.000000 27.750000
662.375000 15.283710 0.000000 27.860001
662.750000 15.283710 0.000000 27.945000
662.875000 15.283710 0.000000 28.049999
663.250000 15.283710 0.000000 28.160000
663.750000 15.283710 0.000000 28.245001
663.750000 15.283710 0.000000 28.355000
663.875000 15.283710 0.000000 28.440001
664.125000 15.283710 0.000000 28.555000
664.500000 15.283710 0.000000 28.660000
664.500000 15.283710 0.000000 28.754999
664.875000 15.283710 0.000000 28.840000
665.250000 15.283710 0.000000 28.955000
665.875000 15.283710 0.000000 29.045000
665.875000 15.283710 0.000000 29.155001
665.875000 15.283710 0.000000 29.240000
665.875000 15.283710 0.000000 29.355000
666.000000 15.283710 0.000000 29.440001
666.500000 15.283710 0.000000 29.545000
666.500000 15.283710 0.000000 29.655001
666.750000 15.283710 0.000000 29.745001
666.875000 15.283710 0.000000 29.850000
666.875000 15.283710 0.000000 29.955000
666.875000 15.283710 0.000000 30.049999
666.875000 15.283710 0.000000 30.135000
666.875000 15.283710 0.000000 30.254999
666.875000 15.283710 0.000000 30.340000
666.875000 15.283710 0.000000 30.450001
666.875000 15.283710 0.000000 30.549999
666.875000 15.283710 0.000000 30.660000
666.875000 15.283710 0.000000 30.745001
666.875000 15.283710 0.000000 30.860001
666.875000 15.283710 0.000000 30.950001
666.875000 15.283710 0.000000 31.055000
666.875000 15.283710 0.000000 31.145000
666.875000 15.283710 0.000000 31.250000
667.000000 15.283710 0.000000 31.355000
667.000000 15.283710 0.000000 31.440001
667.125000 15.283710 0.000000 31.555000
667.125000 15.283710 0.000000 31.639999
667.125000 15.283710 0.000000 31.750000
667.125000 15.283710 0.000000 31.855000
667.250000 15.283710 0.000000 31.945000
667.250000 15.283710 0.000000 32.055000
667.250000 15.283710 0.000000 32.145000
667.250000 15.283710 0.000000 32.259998
667.375000 15.283710 0.000000 32.349998
667.375000 15.283710 0.000000 32.459999
667.375000 15.283710 0.000000 32.544998
667.625000 15.283710 0.000000 32.650002
667.750000 15.283710 0.000000 32.755001
667.750000 15.283710 0.000000 32.860001
667.750000 15.283710 0.000000 32.945000
667.750000 15.283710 0.000000 33.055000
667.750000 15.283710 0.000000 33.139999
667.750000 15.283710 0.000000 33.259998
667.750000 15.283710 0.000000 33.345001
667.750000 15.283710 0.000000 33.455002
667.750000 15.283710 0.000000 33.540001
667.750000 15.283710 0.000000 33.645000
667.750000 15.283710 0.000000 33.755001
667.750000 15.283710 0.000000 33.840000
667.750000 15.283710 0.000000 33.945000
667.750000 15.283710 0.000000 34.055000
667.750000 15.283710 0.000000 34.150002
667.750000 15.283710 0.000000 34.240002
667.875000 15.283710 0.000000 34.349998
667.875000 15.283710 0.000000 34.459999
668.125000 15.283710 0.000000 34.549999
668.125000 15.283710 0.000000 34.645000
668.125000 15.283710 0.000000 34.755001
668.125000 15.283710 0.000000 34.845001
668.125000 15.283710 0.000000 34.955002
668.125000 15.283710 0.000000 35.035000
668.375000 15.283710 0.000000 35.154999
668.375000 15.283710 0.000000 35.240002
668.375000 15.283710 0.000000 35.349998
668.375000 15.283710 0.000000 35.455002
668.375000 15.283710 0.000000 35.560001
668.375000 15.283710 0.000000 35.660000
668.375000 15.283710 0.000000 35.755001
668.375000 15.283710 0.000000 35.840000
668.375000 15.283710 0.000000 35.955002
668.500000 15.283710 0.000000 36.049999
668.500000 15.283710 0.000000 36.154999
668.625000 15.283710 0.000000 36.250000
668.625000 15.283710 0.000000 36.345001
668.625000 15.283710 0.000000 36.455002
668.625000 15.283710 0.000000 36.544998
668.625000 15.283710 0.000000 36.654999
668.625000 15.283710 0.000000 36.755001
668.625000 15.283710 0.000000 36.845001
668.625000 15.283710 0.000000 36.955002
668.625000 15.283710 0.000000 37.040001
668.625000 15.283710 0.000000 37.150002
668.625000 15.283710 0.000000 37.255001
668.750000 15.283710 0.000000 37.345001
668.750000 15.283710 0.000000 37.450001
668.750000 15.283710 0.000000 37.549999
668.750000 15.283710 0.000000 37.654999
668.750000 15.283710 0.000000 37.744999
668.750000 15.283710 0.000000 37.855000
668.750000 15.283710 0.000000 37.939999
668.750000 15.283710 0.000000 38.049999
668.750000 15.283710 0.000000 38.150002
668.750000 15.283710 0.000000 38.259998
668.750000 15.283710 0.000000 38.345001
668.750000 15.283710 0.000000 38.455002
668.750000 15.283710 0.000000 38.555000
668.750000 15.283710 0.000000 38.639999
668.750000 15.283710 0.000000 38.755001
668.750000 15.283710 0.000000 38.845001
668.750000 15.283710 0.000000 38.950001
668.750000 15.283710 0.000000 39.055000
668.875000 15.283710 0.000000 39.154999
669.000000 15.283710 0.000000 39.250000
669.000000 15.283710 0.000000 39.355000
669.000000 15.283710 0.000000 39.445000
669.000000 15.283710 0.000000 39.560001
669.125000 15.283710 0.000000 39.645000
669.125000 15.283710 0.000000 39.755001
669.250000 15.283710 0.000000 39.849998
669.250000 15.283710 0.000000 39.965000
669.250000 15.283710 0.000000 40.044998
669.250000 15.283710 0.000000 40.154999
669.250000 15.283710 0.000000 40.250000
669.250000 15.283710 0.000000 40.349998
669.250000 15.283710 0.000000 40.455002
669.250000 15.283710 0.000000 40.560001
669.250000 15.283710 0.000000 40.645000
669.250000 15.283710 0.000000 40.755001
669.250000 15.283710 0.000000 40.860001
669.250000 15.283710 0.000000 40.945000
669.250000 15.283710 0.000000 41.060001
669.250000 15.283710 0.000000 41.154999
669.250000 15.283710 0.000000 41.244999
669.250000 15.283710 0.000000 41.355000
669.250000 15.283710 0.000000 41.439999
669.250000 15.283710 0.000000 41.555000
669.250000 15.283710 0.000000 41.654999
669.250000 15.283710 0.000000 41.755001
669.250000 15.283710 0.000000 41.840000
669.375000 15.283710 0.000000 41.965000
669.375000 15.283710 0.000000 42.055000
669.375000 15.283710 0.000000 42.154999
669.375000 15.283710 0.000000 42.259998
669.375000 15.283710 0.000000 42.355000
669.375000 15.283710 0.000000 42.445000
669.375000 15.283710 0.000000 42.549999
669.375000 15.283710 0.000000 42.654999
669.375000 15.283710 0.000000 42.759998
669.375000 15.283710 0.000000 42.849998
669.375000 15.283710 0.000000 42.955002
669.500000 15.283710 0.000000 43.044998
669.500000 15.283710 0.000000 43.150002
669.500000 15.283710 0.000000 43.255001
669.500000 15.283710 0.000000 43.340000
669.500000 15.283710 0.000000 43.456001
