67.500000 0.000000 0.080000 0.020000
89.375000 0.000000 0.082000 0.125000
108.750000 0.204890 0.082000 0.220000
121.000000 0.435938 0.082000 0.315000
132.250000 0.651030 0.082000 0.420000
140.000000 0.854447 0.082000 0.525000
148.750000 1.061159 0.082000 0.620000
156.625000 1.269570 0.082000 0.715000
165.875000 1.478832 0.082000 0.825000
170.875000 1.688482 0.082000 0.925000
178.375000 1.688482 0.082000 1.025000
184.500000 1.898306 0.088000 1.115000
193.125000 2.107984 0.088000 1.220000
199.375000 2.317609 0.088000 1.325000
206.125000 2.527383 0.088000 1.420000
213.500000 2.737253 0.088000 1.525000
221.000000 2.947168 0.088000 1.615000
229.250000 3.157134 0.088000 1.715000
238.875000 3.377126 0.088000 1.820000
250.250000 3.597104 0.088000 1.925000
260.625000 3.807074 0.088000 2.020000
275.125000 4.016944 0.163000 2.125000
291.250000 4.226629 0.163000 2.220000
305.000000 4.436385 0.163000 2.325000
317.875000 4.646236 0.163000 2.425000
329.375000 4.856126 0.163000 2.520000
339.625000 5.066010 0.163000 2.625000
349.875000 5.066010 0.163000 2.715000
356.500000 5.275910 0.163000 2.820000
365.250000 5.505488 0.163000 2.920000
374.500000 5.714694 0.163000 3.025000
381.375000 5.923684 0.163000 3.115000
390.875000 6.132905 0.190000 3.215000
398.250000 6.372387 0.190000 3.315000
405.250000 6.582141 0.190000 3.415000
414.750000 6.811981 0.190000 3.515000
424.000000 7.021864 0.190000 3.620000
430.125000 7.231771 0.190000 3.720000
438.250000 7.441695 0.190000 3.815000
445.375000 7.651610 0.190000 3.915000
451.750000 7.861542 0.190000 4.020000
459.625000 8.071507 0.190000 4.120000
465.875000 8.071507 0.181000 4.220000
472.375000 8.281501 0.181000 4.315000
480.500000 8.491510 0.181000 4.420000
487.625000 8.701498 0.181000 4.520000
493.750000 8.901508 0.181000 4.625000
498.875000 9.111524 0.181000 4.720000
501.875000 9.311525 0.181000 4.825000
506.125000 9.511535 0.181000 4.920000
509.375000 9.711552 0.181000 5.025000
512.750000 9.911589 0.182000 5.120000
517.250000 10.111641 0.182000 5.215000
521.125000 10.331696 0.182000 5.320000
524.750000 10.561691 0.182000 5.425000
528.750000 10.771653 0.182000 5.515000
532.750000 10.981612 0.182000 5.625000
536.250000 11.191546 0.182000 5.720000
539.625000 11.401527 0.182000 5.820000
543.750000 11.601529 0.182000 5.920000
549.125000 11.801546 0.182000 6.015000
552.875000 12.001568 0.194000 6.125000
556.500000 12.201598 0.194000 6.220000
560.000000 12.411411 0.194000 6.330000
563.750000 12.620574 0.194000 6.415000
566.875000 12.829541 0.194000 6.520000
570.500000 13.038835 0.194000 6.625000
574.250000 13.248420 0.194000 6.720000
579.125000 13.458179 0.194000 6.815000
582.375000 13.668013 0.194000 6.925000
587.125000 13.668013 0.194000 7.020000
589.625000 13.897908 0.169000 7.115000
593.750000 14.107837 0.169000 7.215000
598.375000 14.317759 0.169000 7.315000
601.500000 14.537699 0.169000 7.420000
604.250000 14.767636 0.169000 7.520000
609.125000 14.987617 0.169000 7.620000
611.875000 15.207612 0.169000 7.720000
617.125000 15.427594 0.169000 7.820000
619.875000 15.637526 0.169000 7.920000
624.000000 15.847463 0.169000 8.015000
628.875000 16.057446 0.180000 8.120000
631.000000 16.257446 0.180000 8.220000
634.750000 16.457462 0.180000 8.320000
637.875000 16.657475 0.180000 8.420000
641.500000 16.867468 0.180000 8.520000
645.625000 17.067472 0.180000 8.625000
648.500000 17.067472 0.180000 8.715000
652.875000 17.267498 0.180000 8.815000
657.500000 17.667561 0.180000 8.920000
659.500000 17.867607 0.180000 9.025000
663.375000 18.067652 0.157000 9.125000
666.250000 18.067652 0.157000 9.215000
669.875000 18.277697 0.157000 9.325000
672.875000 18.487679 0.157000 9.430000
676.250000 18.697607 0.157000 9.525000
680.000000 18.917496 0.157000 9.615000
683.750000 19.127396 0.157000 9.720000
685.875000 19.357325 0.157000 9.825000
689.000000 19.577257 0.157000 9.925000
692.000000 19.787191 0.157000 10.015000
694.750000 20.027079 0.163000 10.120000
698.875000 20.236946 0.163000 10.215000
701.875000 20.446779 0.163000 10.320000
705.250000 20.656630 0.163000 10.420000
708.750000 20.866465 0.163000 10.525000
711.625000 21.076338 0.163000 10.625000
714.375000 21.076338 0.163000 10.715000
716.625000 21.286203 0.163000 10.825000
719.125000 21.505999 0.163000 10.925000
722.375000 21.715771 0.163000 11.020000
726.750000 21.925579 0.169000 11.115000
728.250000 22.155447 0.169000 11.220000
731.375000 22.365339 0.169000 11.315000
733.375000 22.575199 0.169000 11.420000
736.250000 22.785051 0.169000 11.520000
740.375000 22.994925 0.169000 11.620000
742.875000 23.204802 0.169000 11.725000
746.625000 23.414526 0.169000 11.825000
749.125000 23.624239 0.169000 11.925000
750.750000 23.834011 0.169000 12.025000
753.125000 24.043852 0.150000 12.120000
755.875000 24.253738 0.150000 12.230000
757.500000 24.463652 0.150000 12.320000
760.625000 24.463652 0.150000 12.415000
763.250000 24.673548 0.150000 12.525000
765.875000 24.903418 0.150000 12.620000
768.875000 25.113255 0.150000 12.720000
771.000000 25.322685 0.150000 12.825000
773.375000 25.530823 0.150000 12.920000
775.750000 25.733025 0.150000 13.025000
778.500000 25.941088 0.148000 13.120000
781.250000 26.148521 0.148000 13.220000
783.500000 26.350489 0.148000 13.320000
785.875000 26.350489 0.148000 13.425000
787.250000 26.568117 0.148000 13.520000
788.750000 26.776884 0.148000 13.625000
791.375000 26.980940 0.148000 13.720000
792.500000 27.217449 0.148000 13.815000
795.375000 27.425875 0.148000 13.920000
798.000000 27.634924 0.148000 14.020000
800.500000 27.844273 0.174000 14.120000
802.250000 28.053774 0.174000 14.220000
804.125000 28.263403 0.174000 14.320000
804.875000 28.473143 0.174000 14.420000
806.625000 28.682955 0.174000 14.515000
808.500000 28.892788 0.174000 14.615000
811.125000 29.102610 0.174000 14.720000
812.500000 29.102610 0.174000 14.805000
815.375000 29.522352 0.174000 14.930000
817.250000 29.522352 0.174000 15.020000
818.750000 29.732267 0.160000 15.120000
819.625000 29.942177 0.160000 15.220000
821.375000 30.152065 0.160000 15.320000
824.000000 30.361956 0.160000 15.415000
826.250000 30.571815 0.160000 15.515000
829.500000 30.781637 0.160000 15.620000
831.625000 30.991451 0.160000 15.720000
833.625000 31.221329 0.160000 15.825000
836.125000 31.431229 0.160000 15.920000
837.375000 31.641098 0.160000 16.020000
840.000000 31.850935 0.173000 16.115000
841.000000 32.060776 0.173000 16.215000
843.750000 32.270634 0.173000 16.320000
846.375000 32.480480 0.173000 16.430000
847.875000 32.690323 0.173000 16.520000
850.625000 32.900143 0.173000 16.625000
852.750000 33.109924 0.173000 16.725000
853.750000 33.109924 0.173000 16.825001
855.375000 33.339745 0.173000 16.930000
857.625000 33.559620 0.173000 17.014999
860.250000 33.779480 0.162000 17.120001
862.125000 33.989315 0.162000 17.219999
866.125000 34.199150 0.162000 17.325001
868.500000 34.408985 0.162000 17.415001
870.625000 34.618824 0.162000 17.510000
871.500000 34.838654 0.162000 17.620001
873.375000 35.048492 0.162000 17.719999
874.500000 35.258331 0.162000 17.820000
876.875000 35.468189 0.162000 17.915001
878.250000 35.678108 0.162000 18.014999
880.375000 35.888023 0.162000 18.125000
881.750000 36.097939 0.162000 18.225000
884.500000 36.307854 0.162000 18.325001
885.375000 36.307854 0.162000 18.420000
886.750000 36.537762 0.162000 18.514999
888.000000 36.747677 0.162000 18.615000
890.000000 36.957592 0.162000 18.719999
892.000000 37.167511 0.162000 18.815001
894.750000 37.377129 0.162000 18.915001
895.500000 37.606747 0.162000 19.020000
897.125000 37.816517 0.169000 19.120001
899.875000 38.026321 0.169000 19.215000
903.375000 38.236172 0.169000 19.320000
907.250000 38.455997 0.169000 19.424999
910.625000 38.665825 0.169000 19.520000
913.250000 38.875729 0.169000 19.620001
916.625000 39.085655 0.169000 19.719999
920.000000 39.295593 0.169000 19.825001
922.250000 39.295593 0.169000 19.920000
925.250000 39.505539 0.169000 20.014999
929.625000 39.735443 0.192000 20.125000
933.000000 39.945393 0.192000 20.215000
939.250000 40.165375 0.192000 20.320000
945.250000 40.415352 0.192000 20.420000
952.125000 40.625252 0.192000 20.514999
960.125000 40.855145 0.192000 20.625000
967.625000 41.065048 0.192000 20.715000
980.125000 41.274994 0.192000 20.815001
996.125000 41.484982 0.192000 20.920000
1007.750000 41.694969 0.192000 21.020000
1022.375000 41.694969 0.192000 21.120001
1033.500000 41.904957 0.212000 21.225000
1044.375000 42.134945 0.212000 21.320000
1052.375000 42.344933 0.212000 21.420000
1059.625000 42.554928 0.212000 21.514999
1067.125000 42.764923 0.212000 21.615000
1075.625000 43.004906 0.212000 21.719999
1083.000000 43.214760 0.212000 21.820000
1090.625000 43.424355 0.212000 21.920000
1097.500000 43.634003 0.212000 22.025000
1102.625000 43.843739 0.212000 22.115000
1108.375000 44.053555 0.220000 22.215000
1112.625000 44.263187 0.220000 22.320000
1119.250000 44.472885 0.220000 22.424999
1124.000000 44.682663 0.220000 22.525000
1129.125000 44.892464 0.220000 22.620001
1135.000000 45.102318 0.220000 22.725000
1139.250000 45.102318 0.220000 22.815001
1145.125000 45.332218 0.220000 22.915001
1149.250000 45.542160 0.220000 23.014999
1153.500000 45.762043 0.220000 23.115000
1159.125000 45.971977 0.223000 23.219999
1163.000000 46.181904 0.223000 23.325001
1168.375000 46.411842 0.223000 23.424999
1175.000000 46.621773 0.223000 23.514999
1179.125000 46.831669 0.223000 23.620001
1182.625000 47.041557 0.223000 23.725000
1183.750000 47.251427 0.223000 23.830000
1186.750000 47.461258 0.223000 23.924999
1188.000000 47.670956 0.223000 24.014999
1190.000000 47.880714 0.223000 24.125000
1191.625000 48.090511 0.233000 24.219999
1194.625000 48.300331 0.233000 24.325001
1196.375000 48.510139 0.233000 24.430000
1198.750000 48.510139 0.233000 24.520000
1200.625000 48.739944 0.233000 24.620001
1202.750000 48.949623 0.233000 24.719999
1203.875000 49.159332 0.233000 24.825001
1205.625000 49.367996 0.233000 24.915001
1208.125000 49.569954 0.233000 25.025000
1209.750000 49.776718 0.233000 25.110001
1213.500000 49.980991 0.210000 25.215000
1215.750000 49.980991 0.210000 25.320000
1216.750000 50.199764 0.210000 25.415001
1217.750000 50.403320 0.210000 25.514999
1219.750000 50.637794 0.210000 25.625000
1222.125000 50.840088 0.210000 25.725000
1222.875000 51.044731 0.210000 25.815001
1225.125000 51.260490 0.210000 25.920000
1227.625000 51.465527 0.210000 26.025000
1231.125000 51.673824 0.210000 26.120001
1234.125000 51.874855 0.199000 26.225000
1236.625000 51.874855 0.199000 26.325001
1239.375000 52.099888 0.199000 26.415001
1241.000000 52.321724 0.199000 26.520000
1242.750000 52.566113 0.199000 26.620001
1245.750000 52.772896 0.199000 26.725000
1246.375000 52.981087 0.199000 26.815001
1248.875000 53.188866 0.199000 26.920000
1249.500000 53.389961 0.199000 27.010000
1250.750000 53.595646 0.200000 27.120001
1253.750000 53.595646 0.200000 27.225000
1256.000000 53.805614 0.200000 27.325001
1257.125000 54.013565 0.200000 27.420000
1260.125000 54.215611 0.200000 27.525000
1261.375000 54.416348 0.200000 27.625000
1263.875000 54.416348 0.200000 27.725000
1264.500000 54.618473 0.200000 27.825001
1266.250000 54.832157 0.200000 27.924999
1267.625000 55.036411 0.200000 28.025000
1269.125000 55.036411 0.166000 28.120001
1270.875000 55.240868 0.166000 28.225000
1272.000000 55.445644 0.166000 28.325001
1272.750000 55.647816 0.166000 28.420000
1274.750000 55.647816 0.166000 28.520000
1276.125000 55.863499 0.166000 28.625000
1277.750000 56.068012 0.166000 28.715000
1278.375000 56.309483 0.166000 28.825001
1279.750000 56.525982 0.166000 28.915001
1281.875000 56.734329 0.166000 29.014999
1283.375000 56.943504 0.161000 29.120001
1284.375000 57.153095 0.161000 29.225000
1285.500000 57.362877 0.161000 29.320000
1286.875000 57.572762 0.161000 29.415001
1287.500000 57.782703 0.161000 29.520000
1288.500000 57.992645 0.161000 29.625000
1290.625000 57.992645 0.161000 29.719999
1291.500000 58.202606 0.161000 29.815001
1292.750000 58.412567 0.161000 29.920000
1293.875000 58.622505 0.161000 30.025000
1295.250000 58.832447 0.162000 30.120001
1296.250000 59.042385 0.162000 30.219999
1297.000000 59.252213 0.162000 30.320000
1297.250000 59.461292 0.162000 30.420000
1299.000000 59.669754 0.162000 30.520000
1300.000000 59.897957 0.162000 30.625000
1301.375000 60.116180 0.162000 30.730000
1302.750000 60.324158 0.162000 30.820000
1304.000000 60.530968 0.162000 30.924999
1305.250000 60.732597 0.162000 31.025000
1306.375000 60.941113 0.154000 31.120001
1308.500000 60.941113 0.154000 31.219999
1309.125000 61.154251 0.154000 31.320000
1309.500000 61.376598 0.154000 31.424999
1310.375000 61.588638 0.154000 31.530001
1310.375000 61.588638 0.154000 31.620001
1311.125000 61.794266 0.154000 31.719999
1311.125000 62.004959 0.154000 31.820000
1311.375000 62.004959 0.154000 31.915001
1311.625000 62.207020 0.154000 32.025002
1312.125000 62.408669 0.145000 32.119999
1312.250000 62.610523 0.145000 32.220001
1312.500000 62.610523 0.145000 32.314999
1312.500000 62.812935 0.145000 32.424999
1312.750000 63.015934 0.145000 32.520000
1313.000000 63.218922 0.145000 32.625000
1313.000000 63.427479 0.145000 32.720001
1313.375000 63.632633 0.145000 32.825001
1313.625000 63.835361 0.145000 32.924999
1314.000000 63.835361 0.145000 33.020000
1314.625000 64.041451 0.152000 33.125000
1315.000000 64.255730 0.152000 33.224998
1315.125000 64.457954 0.152000 33.314999
1315.250000 64.701057 0.152000 33.424999
1315.375000 64.926926 0.152000 33.520000
1315.500000 65.134216 0.152000 33.615002
1315.750000 65.341911 0.152000 33.715000
1315.875000 65.549690 0.152000 33.820000
1316.375000 65.756813 0.152000 33.915001
1316.750000 65.959572 0.152000 34.020000
1317.250000 65.959572 0.168000 34.115002
1317.750000 66.169724 0.168000 34.224998
1317.875000 66.374817 0.168000 34.325001
1318.125000 66.608116 0.168000 34.415001
1318.125000 66.608116 0.168000 34.520000
1318.375000 66.815369 0.168000 34.619999
1318.875000 67.016937 0.168000 34.715000
1319.250000 67.222473 0.168000 34.820000
1319.625000 67.222473 0.168000 34.910000
1320.375000 67.435516 0.168000 35.014999
1321.000000 67.635620 0.159000 35.125000
1321.000000 67.836945 0.159000 35.224998
1321.750000 67.836945 0.159000 35.325001
1322.125000 68.039909 0.159000 35.419998
1322.500000 68.243904 0.159000 35.525002
1322.500000 68.448517 0.159000 35.625000
1323.375000 68.448517 0.159000 35.724998
1323.625000 68.653687 0.159000 35.820000
1323.875000 68.855675 0.159000 35.919998
1324.250000 69.060669 0.159000 36.020000
1324.750000 69.268143 0.146000 36.119999
1325.125000 69.471870 0.146000 36.224998
1325.375000 69.678543 0.146000 36.320000
1325.875000 69.886642 0.146000 36.419998
1326.625000 70.095596 0.146000 36.520000
1327.125000 70.095596 0.146000 36.610001
1327.625000 70.305031 0.146000 36.715000
1327.750000 70.534698 0.146000 36.814999
1328.250000 70.744499 0.146000 36.915001
1328.625000 70.954323 0.146000 37.009998
1329.500000 71.184227 0.151000 37.115002
1329.625000 71.404198 0.151000 37.215000
1329.875000 71.613922 0.151000 37.310001
1330.375000 71.823395 0.151000 37.410000
1331.250000 72.033005 0.151000 37.520000
1332.125000 72.242744 0.151000 37.615002
1333.000000 72.452606 0.151000 37.720001
1333.500000 72.662384 0.151000 37.825001
1334.875000 72.872208 0.151000 37.915001
1335.125000 73.082077 0.151000 38.014999
1336.250000 73.082077 0.138000 38.115002
1337.000000 73.291969 0.138000 38.209999
1338.125000 73.501869 0.138000 38.314999
1339.000000 73.711754 0.138000 38.419998
1340.000000 73.931610 0.138000 38.514999
1341.000000 74.141457 0.138000 38.619999
1341.500000 74.351288 0.138000 38.715000
1342.375000 74.561104 0.138000 38.810001
1343.625000 74.780914 0.138000 38.919998
1344.875000 75.020706 0.138000 39.014999
1345.875000 75.230530 0.137000 39.115002
1347.375000 75.440361 0.137000 39.209999
1348.500000 75.650200 0.137000 39.320000
1349.125000 75.860046 0.137000 39.410000
1350.875000 76.069908 0.137000 39.520000
1352.250000 76.269913 0.137000 39.615002
1354.000000 76.469917 0.137000 39.715000
1355.500000 76.679916 0.137000 39.820000
1356.875000 76.679916 0.137000 39.910000
1358.750000 76.889755 0.137000 40.020000
1359.750000 77.119576 0.131000 40.119999
1362.250000 77.329468 0.131000 40.215000
1363.750000 77.539459 0.131000 40.310001
1365.500000 77.749329 0.131000 40.410000
1367.875000 77.959167 0.131000 40.509998
1371.125000 78.169006 0.131000 40.615002
1373.500000 78.398857 0.131000 40.715000
1377.000000 78.608856 0.131000 40.814999
1381.000000 78.818756 0.131000 40.919998
1384.500000 79.028595 0.131000 41.020000
1389.875000 79.238434 0.140000 41.119999
1393.875000 79.448090 0.140000 41.209999
1401.125000 79.656998 0.140000 41.314999
1405.875000 79.865181 0.140000 41.419998
1411.125000 80.072746 0.140000 41.514999
1418.125000 80.279831 0.140000 41.619999
1425.250000 80.279831 0.140000 41.715000
1435.625000 80.496452 0.140000 41.814999
1445.000000 80.703400 0.140000 41.915001
1452.250000 80.911636 0.140000 42.025002
1460.875000 81.120972 0.188000 42.115002
1469.875000 81.321007 0.188000 42.215000
1476.500000 81.521469 0.188000 42.320000
1483.625000 81.722221 0.188000 42.415001
1489.125000 81.923126 0.188000 42.509998
1497.000000 82.124115 0.188000 42.615002
1502.000000 82.325119 0.188000 42.720001
1505.875000 82.526054 0.188000 42.814999
1512.125000 82.746590 0.188000 42.915001
1516.250000 82.956345 0.188000 43.014999
1519.125000 83.165329 0.159000 43.115002
1523.125000 83.383469 0.159000 43.209999
1527.000000 83.584076 0.159000 43.320000
1531.750000 83.784370 0.159000 43.419998
1534.250000 83.784370 0.159000 43.509998
1538.625000 83.986282 0.159000 43.619999
1541.625000 84.187653 0.159000 43.709999
1544.625000 84.393082 0.159000 43.810001
1547.250000 84.597420 0.159000 43.919998
1551.500000 84.597420 0.159000 44.020000
1555.000000 84.801544 0.166000 44.115002
1557.375000 85.005562 0.166000 44.215000
1559.500000 85.005562 0.166000 44.310001
1563.125000 85.218460 0.166000 44.419998
1567.375000 85.425438 0.166000 44.520000
1570.625000 85.652626 0.166000 44.619999
1573.250000 85.853012 0.166000 44.715000
1577.000000 86.058006 0.166000 44.820000
1580.125000 86.265381 0.166000 44.915001
1582.125000 86.474007 0.166000 45.014999
1586.625000 86.683289 0.152000 45.115002
1589.625000 86.892914 0.152000 45.209999
1593.125000 87.102684 0.152000 45.314999
1596.750000 87.312515 0.152000 45.419998
1599.875000 87.312515 0.152000 45.520000
1602.625000 87.532341 0.152000 45.610001
1605.625000 87.742180 0.152000 45.715000
1608.000000 87.952034 0.152000 45.810001
1610.875000 88.181648 0.152000 45.919998
1613.500000 88.411247 0.152000 46.014999
1616.250000 88.630951 0.170000 46.115002
1618.125000 88.840714 0.170000 46.215000
1620.000000 89.050232 0.170000 46.320000
1622.750000 89.259399 0.170000 46.415001
1624.625000 89.468468 0.170000 46.514999
1626.875000 89.677551 0.170000 46.615002
1629.375000 89.886948 0.170000 46.709999
1631.875000 90.096611 0.170000 46.814999
1634.750000 90.096611 0.170000 46.910000
1636.750000 90.306465 0.170000 47.009998
1638.375000 90.516449 0.158000 47.119999
1640.000000 90.746498 0.158000 47.220001
1641.750000 90.946579 0.158000 47.320000
1644.250000 91.146698 0.158000 47.415001
1646.125000 91.346848 0.158000 47.509998
1647.750000 91.547005 0.158000 47.619999
1650.625000 91.747124 0.158000 47.720001
1652.500000 91.947212 0.158000 47.820000
1654.375000 92.147308 0.158000 47.919998
1657.000000 92.347404 0.158000 48.020000
1659.250000 92.547478 0.151000 48.110001
1662.125000 92.747536 0.151000 48.215000
1664.750000 92.947617 0.151000 48.314999
1666.375000 93.147720 0.151000 48.410000
1667.625000 93.347816 0.151000 48.509998
1670.000000 93.547905 0.151000 48.615002
1672.625000 93.747993 0.151000 48.715000
1675.375000 93.948105 0.151000 48.814999
1676.625000 94.148239 0.151000 48.915001
1678.875000 94.348358 0.151000 49.014999
1680.000000 94.548477 0.167000 49.115002
1681.500000 94.748566 0.167000 49.205002
1682.750000 94.948647 0.167000 49.314999
1684.500000 95.148682 0.167000 49.419998
1687.750000 95.358665 0.167000 49.509998
1688.875000 95.558670 0.167000 49.615002
1690.375000 95.788658 0.167000 49.720001
1692.000000 95.998650 0.167000 49.814999
1693.625000 96.208519 0.167000 49.910000
1695.875000 96.417961 0.167000 50.009998
1698.500000 96.627335 0.168000 50.115002
1701.250000 96.836639 0.168000 50.220001
1703.000000 97.046120 0.168000 50.314999
1704.250000 97.255768 0.168000 50.419998
1705.625000 97.465530 0.168000 50.514999
1707.875000 97.675369 0.168000 50.619999
1710.375000 97.885246 0.168000 50.715000
1711.375000 98.095177 0.168000 50.820000
1713.375000 98.095177 0.168000 50.915001
1715.875000 98.305115 0.168000 51.014999
1717.875000 98.535027 0.162000 51.119999
1719.750000 98.744637 0.162000 51.220001
1721.750000 98.954216 0.162000 51.314999
1723.000000 99.193909 0.162000 51.415001
1725.000000 99.423759 0.162000 51.514999
1729.125000 99.633698 0.162000 51.619999
1732.000000 99.843620 0.162000 51.715000
1734.000000 100.053566 0.162000 51.814999
1739.250000 100.253563 0.162000 51.915001
1742.750000 100.453598 0.162000 52.014999
1745.875000 100.653648 0.175000 52.115002
1748.875000 100.853699 0.175000 52.215000
1752.250000 101.053726 0.175000 52.320000
1758.500000 101.253761 0.175000 52.415001
1765.875000 101.453796 0.175000 52.509998
1773.375000 101.653839 0.175000 52.619999
1779.625000 101.853905 0.175000 52.715000
1785.750000 102.053970 0.175000 52.814999
1791.375000 102.254028 0.175000 52.910000
1796.750000 102.454071 0.175000 53.020000
1803.625000 102.654091 0.175000 53.115002
1811.125000 102.854103 0.222000 53.220001
1817.250000 103.063812 0.222000 53.320000
1823.125000 103.272858 0.222000 53.419998
1830.750000 103.481186 0.222000 53.514999
1838.125000 103.688828 0.222000 53.619999
1844.250000 103.895866 0.222000 53.720001
1848.750000 103.895866 0.222000 53.814999
1853.875000 104.112282 0.222000 53.919998
1858.000000 104.328781 0.222000 54.014999
1861.000000 104.536728 0.222000 54.115002
1864.375000 104.745789 0.229000 54.215000
1866.750000 104.955322 0.229000 54.314999
1868.875000 105.214378 0.229000 54.410000
1870.375000 105.433533 0.229000 54.514999
1871.250000 105.643349 0.229000 54.615002
1873.750000 105.843666 0.229000 54.720001
1874.375000 106.044289 0.229000 54.810001
1877.000000 106.245110 0.229000 54.915001
1879.375000 106.446030 0.229000 55.009998
1881.000000 106.646980 0.229000 55.115002
1881.875000 106.847786 0.226000 55.220001
1882.750000 107.048248 0.226000 55.314999
1884.125000 107.248291 0.226000 55.410000
1886.625000 107.448471 0.226000 55.514999
1888.125000 107.658302 0.226000 55.615002
1889.750000 107.867950 0.226000 55.720001
1892.125000 108.077866 0.226000 55.814999
1893.625000 108.077866 0.226000 55.915001
1894.375000 108.287674 0.226000 56.014999
1896.375000 108.517448 0.212000 56.110001
1898.750000 108.727478 0.212000 56.220001
1899.625000 108.927620 0.212000 56.314999
1900.375000 109.137413 0.212000 56.415001
1902.625000 109.346581 0.212000 56.520000
1904.375000 109.555367 0.212000 56.619999
1905.625000 109.764503 0.212000 56.715000
1907.625000 109.973999 0.212000 56.814999
1908.125000 110.183655 0.212000 56.915001
1909.500000 110.393387 0.212000 57.020000
1910.875000 110.603119 0.212000 57.115002
1911.250000 110.832878 0.225000 57.215000
1913.875000 111.042717 0.225000 57.314999
1915.000000 111.252556 0.225000 57.419998
1915.875000 111.462402 0.225000 57.514999
1916.500000 111.672241 0.225000 57.615002
1918.000000 111.672241 0.225000 57.715000
1918.875000 111.882072 0.225000 57.814999
1919.375000 112.111931 0.225000 57.919998
1920.375000 112.321838 0.225000 58.020000
1922.125000 112.531776 0.225000 58.110001
1923.500000 112.761703 0.218000 58.215000
1924.000000 112.991615 0.218000 58.314999
1924.625000 113.201538 0.218000 58.410000
1926.250000 113.411438 0.218000 58.520000
1928.125000 113.621155 0.218000 58.619999
1928.875000 113.830681 0.218000 58.715000
1928.875000 114.040283 0.218000 58.810001
1930.250000 114.250000 0.218000 58.919998
1931.125000 114.459785 0.218000 59.014999
1932.750000 114.669571 0.218000 59.115002
1933.000000 114.669571 0.209000 59.215000
1934.500000 114.879349 0.209000 59.310001
1934.625000 115.089165 0.209000 59.419998
1936.125000 115.319038 0.209000 59.514999
1937.250000 115.528923 0.209000 59.615002
1938.250000 115.738808 0.209000 59.715000
1938.875000 115.978630 0.209000 59.825001
1940.625000 116.208420 0.209000 59.915001
1942.125000 116.418236 0.209000 60.009998
1944.250000 116.628052 0.209000 60.115002
1945.875000 116.837868 0.193000 60.215000
1949.875000 117.047676 0.193000 60.314999
1951.750000 117.257545 0.193000 60.410000
1954.875000 117.257545 0.193000 60.509998
1957.750000 117.487427 0.193000 60.619999
1961.625000 117.697372 0.193000 60.715000
1963.000000 117.907257 0.193000 60.820000
1965.000000 118.117142 0.193000 60.919998
1966.000000 118.327034 0.193000 61.014999
1968.250000 118.536926 0.193000 61.115002
1970.500000 118.746796 0.200000 61.215000
1973.750000 118.976639 0.200000 61.320000
1976.875000 119.186523 0.200000 61.419998
1979.250000 119.396332 0.200000 61.514999
1981.125000 119.606148 0.200000 61.615002
1984.750000 119.816040 0.200000 61.715000
1987.375000 120.025932 0.200000 61.810001
1989.625000 120.235825 0.200000 61.919998
1993.500000 120.445717 0.200000 62.014999
1995.250000 120.655609 0.200000 62.115002
1998.625000 120.865501 0.208000 62.215000
2001.125000 120.865501 0.208000 62.314999
2002.750000 121.075394 0.208000 62.415001
2005.125000 121.285355 0.208000 62.509998
2008.500000 121.505257 0.208000 62.619999
2010.250000 121.715004 0.208000 62.715000
2012.125000 121.924835 0.208000 62.814999
2013.875000 122.134674 0.208000 62.915001
2015.500000 122.344536 0.208000 63.014999
2017.000000 122.584465 0.181000 63.115002
2019.000000 122.794441 0.181000 63.220001
2021.875000 123.004387 0.181000 63.314999
2022.375000 123.224304 0.181000 63.419998
2023.625000 123.434219 0.181000 63.509998
2025.500000 123.644127 0.181000 63.615002
2026.000000 123.854073 0.181000 63.715000
2027.125000 124.064041 0.181000 63.820000
2027.625000 124.064041 0.181000 63.915001
2029.250000 124.274002 0.181000 64.019997
2030.250000 124.503960 0.175000 64.114998
2031.375000 124.713921 0.175000 64.214996
2032.375000 124.923889 0.175000 64.320000
2033.500000 125.133858 0.175000 64.410004
2034.500000 125.363831 0.175000 64.514999
2036.000000 125.583801 0.175000 64.614998
2037.000000 125.793701 0.175000 64.720001
2037.250000 126.003593 0.175000 64.809998
2038.250000 126.213531 0.175000 64.915001
2038.500000 126.423477 0.175000 65.025002
2039.125000 126.633369 0.195000 65.114998
2039.500000 126.843178 0.195000 65.214996
2040.875000 127.052986 0.195000 65.320000
2041.375000 127.262794 0.195000 65.415001
2041.875000 127.472610 0.195000 65.519997
2042.500000 127.472610 0.195000 65.620003
2043.375000 127.702408 0.195000 65.714996
2044.125000 127.912239 0.195000 65.815002
2044.875000 128.122086 0.195000 65.915001
2045.500000 128.331894 0.195000 66.010002
2046.125000 128.561737 0.177000 66.110001
2046.750000 128.771637 0.177000 66.209999
2047.125000 129.021500 0.177000 66.320000
2047.625000 129.231384 0.177000 66.415001
2048.750000 129.441269 0.177000 66.510002
2049.500000 129.651077 0.177000 66.610001
2050.750000 129.651077 0.177000 66.709999
2052.500000 129.860962 0.177000 66.809998
2053.750000 130.070877 0.177000 66.919998
2055.000000 130.280807 0.177000 67.019997
2056.375000 130.500702 0.160000 67.114998
2056.875000 130.710602 0.160000 67.214996
2057.375000 130.920502 0.160000 67.320000
2058.000000 131.130386 0.160000 67.410004
2059.500000 131.340256 0.160000 67.514999
2061.625000 131.550125 0.160000 67.614998
2063.375000 131.799973 0.160000 67.709999
2065.375000 132.019867 0.160000 67.815002
2066.250000 132.229767 0.160000 67.919998
2066.875000 132.439621 0.160000 68.014999
2067.500000 132.649475 0.153000 68.114998
2068.875000 132.859329 0.153000 68.214996
2070.750000 132.859329 0.153000 68.315002
2072.000000 133.068726 0.153000 68.415001
2074.125000 133.307159 0.153000 68.510002
2076.125000 133.515320 0.153000 68.614998
2077.750000 133.723694 0.153000 68.720001
2079.000000 133.972610 0.153000 68.820000
2080.625000 134.182190 0.153000 68.915001
2082.000000 134.392029 0.153000 69.010002
2084.500000 134.592041 0.166000 69.120003
2087.000000 134.792236 0.166000 69.224998
2090.250000 134.992386 0.166000 69.320000
2093.250000 135.212296 0.166000 69.419998
2097.000000 135.412369 0.166000 69.514999
2100.125000 135.612656 0.166000 69.620003
2103.125000 135.813080 0.166000 69.709999
2106.625000 136.013565 0.166000 69.815002
2111.875000 136.214096 0.166000 69.915001
2116.250000 136.414688 0.166000 70.019997
2122.625000 136.615295 0.154000 70.110001
2130.250000 136.815811 0.154000 70.214996
2138.000000 137.016190 0.154000 70.315002
2148.125000 137.226135 0.154000 70.410004
2158.375000 137.435471 0.154000 70.514999
2167.000000 137.644119 0.154000 70.620003
2174.375000 137.852112 0.154000 70.720001
2182.750000 138.060349 0.154000 70.824997
2188.125000 138.060349 0.154000 70.915001
2194.875000 138.269257 0.154000 71.019997
2200.125000 138.498978 0.186000 71.114998
2206.625000 138.699463 0.186000 71.209999
2212.875000 138.936203 0.186000 71.315002
2218.625000 139.160736 0.186000 71.404999
2225.500000 139.366608 0.186000 71.514999
2229.250000 139.366608 0.186000 71.620003
2235.000000 139.570450 0.186000 71.724998
2239.500000 139.777176 0.186000 71.820000
2243.250000 139.981964 0.186000 71.915001
2248.875000 139.981964 0.186000 72.019997
2253.750000 140.186325 0.186000 72.114998
2257.375000 140.414001 0.198000 72.214996
2261.875000 140.414001 0.198000 72.315002
2265.500000 140.621063 0.198000 72.415001
2268.375000 140.822525 0.198000 72.514999
2271.250000 141.032852 0.198000 72.610001
2274.875000 141.233398 0.198000 72.714996
2278.250000 141.437866 0.198000 72.809998
2281.625000 141.643982 0.198000 72.915001
2285.750000 141.850632 0.198000 73.014999
2290.625000 142.067291 0.182000 73.114998
2295.875000 142.275009 0.182000 73.209999
2302.125000 142.483612 0.182000 73.309998
2307.375000 142.692795 0.182000 73.415001
2311.500000 142.692795 0.182000 73.510002
2316.250000 142.922272 0.182000 73.614998
2319.875000 143.142059 0.182000 73.720001
2325.500000 143.362015 0.182000 73.815002
2329.500000 143.571716 0.182000 73.919998
2331.750000 143.781174 0.182000 74.014999
2335.625000 144.029419 0.182000 74.114998
2338.875000 144.237106 0.195000 74.214996
2341.250000 144.454910 0.195000 74.315002
2344.250000 144.663589 0.195000 74.415001
2346.625000 144.872787 0.195000 74.514999
2350.750000 145.082291 0.195000 74.614998
2354.625000 145.292084 0.195000 74.714996
2357.750000 145.501968 0.195000 74.820000
2363.500000 145.501968 0.195000 74.919998
2369.125000 145.731964 0.195000 75.010002
2374.125000 145.931992 0.195000 75.120003
2380.500000 146.132050 0.222000 75.220001
2386.125000 146.332077 0.222000 75.315002
2391.875000 146.541992 0.222000 75.415001
2398.125000 146.751831 0.222000 75.519997
2403.250000 146.961761 0.222000 75.614998
2408.625000 147.171707 0.222000 75.720001
2416.000000 147.411652 0.222000 75.815002
2423.875000 147.621735 0.222000 75.915001
2433.625000 147.821823 0.222000 76.019997
2439.750000 148.031815 0.222000 76.120003
2447.500000 148.241806 0.248000 76.214996
2453.625000 148.451797 0.248000 76.315002
2460.000000 148.661789 0.248000 76.415001
2465.750000 148.871750 0.248000 76.514999
2470.000000 149.081696 0.248000 76.614998
2475.250000 149.281754 0.248000 76.714996
2481.500000 149.481842 0.248000 76.815002
2485.625000 149.681870 0.248000 76.915001
2489.375000 149.891800 0.248000 77.014999
2492.250000 150.101746 0.248000 77.120003
2495.750000 150.101746 0.249000 77.209999
2499.125000 150.311691 0.249000 77.315002
2501.375000 150.521637 0.249000 77.415001
2504.625000 150.731598 0.249000 77.514999
2510.875000 150.941559 0.249000 77.620003
2513.625000 151.151505 0.249000 77.720001
2517.500000 151.361450 0.249000 77.815002
2519.875000 151.571426 0.249000 77.919998
2522.625000 151.781418 0.249000 78.014999
2524.375000 152.021408 0.249000 78.110001
2528.250000 152.231277 0.249000 78.224998
2529.875000 152.441010 0.249000 78.315002
2532.375000 152.650787 0.249000 78.415001
2535.000000 152.860626 0.249000 78.514999
2538.375000 153.070496 0.249000 78.620003
2540.750000 153.280411 0.249000 78.709999
2543.625000 153.490143 0.249000 78.815002
2545.750000 153.490143 0.249000 78.910004
