65.875000 0.000000 0.074000 0.035000
90.375000 0.000000 0.081000 0.135000
105.625000 0.200354 0.081000 0.235000
116.000000 0.405102 0.081000 0.335000
127.000000 0.637861 0.081000 0.435000
136.500000 0.840942 0.081000 0.535000
147.750000 1.077021 0.081000 0.635000
157.500000 1.285175 0.081000 0.735000
167.125000 1.493785 0.081000 0.835000
175.375000 1.702687 0.081000 0.935000
183.500000 1.911947 0.081000 1.035000
191.125000 1.911947 0.088000 1.135000
198.625000 2.151192 0.088000 1.240000
204.750000 2.360513 0.088000 1.330000
212.000000 2.579822 0.088000 1.435000
219.500000 2.809327 0.088000 1.535000
227.000000 3.019041 0.088000 1.635000
234.625000 3.228872 0.088000 1.735000
244.875000 3.438807 0.088000 1.835000
256.250000 3.648780 0.088000 1.935000
266.750000 3.848791 0.088000 2.040000
283.125000 4.048808 0.143000 2.135000
299.000000 4.248832 0.143000 2.235000
312.500000 4.468827 0.143000 2.335000
325.875000 4.678811 0.143000 2.435000
335.500000 4.888806 0.143000 2.530000
347.875000 5.088833 0.143000 2.640000
357.625000 5.288876 0.143000 2.730000
366.625000 5.498742 0.143000 2.835000
374.625000 5.498742 0.143000 2.930000
386.875000 5.708215 0.143000 3.035000
395.250000 5.917744 0.192000 3.135000
407.500000 6.136989 0.192000 3.225000
415.375000 6.365833 0.192000 3.330000
425.000000 6.584872 0.192000 3.430000
435.000000 6.804193 0.192000 3.535000
443.250000 7.023620 0.192000 3.630000
448.625000 7.263072 0.192000 3.735000
456.875000 7.472379 0.192000 3.835000
463.125000 7.677123 0.192000 3.930000
470.750000 7.677123 0.192000 4.035000
477.875000 7.901386 0.177000 4.135000
486.625000 8.132790 0.177000 4.230000
493.875000 8.337733 0.177000 4.330000
500.375000 8.337733 0.177000 4.435000
506.000000 8.538585 0.177000 4.535000
512.375000 8.753018 0.177000 4.630000
517.625000 8.959000 0.177000 4.735000
521.875000 8.959000 0.177000 4.830000
525.000000 9.165036 0.177000 4.930000
529.375000 9.369341 0.177000 5.025000
533.375000 9.576168 0.195000 5.135000
536.875000 9.784729 0.195000 5.225000
539.875000 9.988959 0.195000 5.330000
543.125000 10.191597 0.195000 5.430000
545.625000 10.191597 0.195000 5.530000
549.625000 10.397739 0.195000 5.630000
553.000000 10.605567 0.195000 5.740000
557.000000 10.827408 0.195000 5.830000
561.500000 11.028398 0.195000 5.935000
563.500000 11.028398 0.195000 6.035000
567.375000 11.228607 0.155000 6.135000
570.250000 11.228607 0.155000 6.240000
573.125000 11.430231 0.155000 6.335000
576.625000 11.430231 0.155000 6.435000
579.500000 11.430231 0.155000 6.535000
581.375000 11.430231 0.155000 6.635000
584.500000 11.632052 0.155000 6.735000
587.250000 11.632052 0.155000 6.835000
589.875000 11.632052 0.155000 6.930000
592.625000 11.632052 0.155000 7.035000
595.125000 11.632052 0.177000 7.140000
597.125000 11.632052 0.177000 7.235000
598.375000 11.632052 0.177000 7.335000
600.625000 11.632052 0.177000 7.435000
603.500000 11.632052 0.177000 7.535000
605.500000 11.632052 0.177000 7.635000
607.500000 11.632052 0.177000 7.735000
609.625000 11.632052 0.177000 7.835000
612.125000 11.632052 0.177000 7.935000
613.750000 11.632052 0.177000 8.040000
615.875000 11.632052 0.172000 8.140000
617.500000 11.632052 0.172000 8.235000
618.750000 11.632052 0.172000 8.335000
620.625000 11.632052 0.172000 8.430000
622.375000 11.632052 0.172000 8.535000
623.875000 11.632052 0.172000 8.635000
625.250000 11.632052 0.172000 8.735000
627.000000 11.632052 0.172000 8.840000
628.625000 11.632052 0.172000 8.935000
629.750000 11.632052 0.172000 9.035000
630.500000 11.632052 0.137000 9.135000
632.250000 11.632052 0.137000 9.235000
633.750000 11.632052 0.137000 9.330000
635.125000 11.632052 0.137000 9.430000
636.125000 11.632052 0.137000 9.535000
637.250000 11.632052 0.137000 9.640000
638.875000 11.632052 0.137000 9.740000
640.500000 11.632052 0.137000 9.840000
641.250000 11.632052 0.137000 9.925000
642.500000 11.632052 0.137000 10.025000
644.250000 11.632052 0.135000 10.130000
645.250000 11.632052 0.135000 10.225000
646.000000 11.632052 0.135000 10.335000
647.125000 11.632052 0.135000 10.435000
648.375000 11.632052 0.135000 10.530000
649.875000 11.632052 0.135000 10.630000
650.625000 11.632052 0.135000 10.735000
651.625000 11.632052 0.135000 10.830000
653.500000 11.632052 0.135000 10.935000
655.125000 11.632052 0.135000 11.030000
656.375000 11.632052 0.133000 11.130000
657.000000 11.632052 0.133000 11.235000
657.375000 11.632052 0.133000 11.330000
659.250000 11.632052 0.133000 11.430000
660.000000 11.632052 0.133000 11.530000
661.375000 11.632052 0.133000 11.635000
662.500000 11.632052 0.133000 11.730000
663.500000 11.632052 0.133000 11.830000
664.750000 11.632052 0.133000 11.935000
665.500000 11.632052 0.133000 12.030000
666.250000 11.632052 0.138000 12.130000
667.500000 11.632052 0.138000 12.225000
668.000000 11.632052 0.138000 12.325000
668.875000 11.632052 0.138000 12.425000
670.000000 11.632052 0.138000 12.530000
671.000000 11.632052 0.138000 12.630000
671.750000 11.632052 0.138000 12.735000
672.375000 11.632052 0.138000 12.835000
674.375000 11.632052 0.138000 12.925000
676.000000 11.632052 0.138000 13.035000
676.625000 11.632052 0.133000 13.130000
677.625000 11.632052 0.133000 13.235000
678.500000 11.632052 0.133000 13.330000
680.250000 11.632052 0.133000 13.425000
681.625000 11.632052 0.133000 13.530000
682.250000 11.632052 0.133000 13.630000
683.750000 11.632052 0.133000 13.720000
684.500000 11.632052 0.133000 13.835000
685.250000 11.632052 0.133000 13.920000
686.625000 11.632052 0.133000 14.030000
687.500000 11.632052 0.154000 14.120000
688.375000 11.632052 0.154000 14.235000
689.750000 11.632052 0.154000 14.330000
690.375000 11.632052 0.154000 14.430000
691.500000 11.632052 0.154000 14.530000
692.000000 11.632052 0.154000 14.635000
692.625000 11.632052 0.154000 14.725000
694.500000 11.632052 0.154000 14.830000
695.250000 11.632052 0.154000 14.925000
695.750000 11.632052 0.154000 15.025000
696.125000 11.632052 0.140000 15.130000
696.375000 11.632052 0.140000 15.235000
697.250000 11.632052 0.140000 15.325000
697.500000 11.632052 0.140000 15.430000
698.500000 11.632052 0.140000 15.525000
698.750000 11.632052 0.140000 15.630000
699.750000 11.632052 0.140000 15.725000
700.125000 11.632052 0.140000 15.835000
700.500000 11.632052 0.140000 15.925000
700.875000 11.632052 0.140000 16.030001
701.500000 11.632052 0.137000 16.125000
702.750000 11.632052 0.137000 16.230000
703.875000 11.632052 0.137000 16.320000
704.375000 11.632052 0.137000 16.420000
704.875000 11.632052 0.137000 16.530001
705.625000 11.632052 0.137000 16.635000
706.875000 11.632052 0.137000 16.730000
707.375000 11.632052 0.137000 16.825001
708.250000 11.632052 0.137000 16.930000
709.000000 11.632052 0.137000 17.025000
709.500000 11.632052 0.146000 17.129999
711.500000 11.632052 0.146000 17.230000
711.625000 11.632052 0.146000 17.334999
712.250000 11.632052 0.146000 17.434999
712.875000 11.632052 0.146000 17.525000
714.125000 11.632052 0.146000 17.629999
714.750000 11.632052 0.146000 17.730000
715.250000 11.632052 0.146000 17.820000
716.375000 11.632052 0.146000 17.930000
716.500000 11.632052 0.146000 18.030001
717.625000 11.632052 0.157000 18.129999
718.000000 11.632052 0.157000 18.225000
718.625000 11.632052 0.157000 18.320000
718.750000 11.632052 0.157000 18.434999
719.375000 11.632052 0.157000 18.530001
719.500000 11.632052 0.157000 18.629999
720.750000 11.632052 0.157000 18.730000
721.375000 11.632052 0.157000 18.825001
722.125000 11.632052 0.157000 18.930000
722.125000 11.632052 0.157000 19.030001
723.500000 11.632052 0.138000 19.129999
724.375000 11.632052 0.138000 19.230000
724.875000 11.632052 0.138000 19.334999
725.250000 11.632052 0.138000 19.430000
725.875000 11.632052 0.138000 19.530001
726.125000 11.632052 0.138000 19.629999
727.250000 11.632052 0.138000 19.730000
727.375000 11.632052 0.138000 19.820000
728.000000 11.632052 0.138000 19.920000
728.250000 11.632052 0.138000 20.020000
729.500000 11.632052 0.140000 20.129999
730.000000 11.632052 0.140000 20.230000
730.375000 11.632052 0.140000 20.330000
730.375000 11.632052 0.140000 20.434999
731.250000 11.632052 0.140000 20.530001
731.750000 11.632052 0.140000 20.635000
732.875000 11.632052 0.140000 20.725000
733.125000 11.632052 0.140000 20.834999
734.125000 11.632052 0.140000 20.930000
734.750000 11.632052 0.140000 21.030001
735.750000 11.632052 0.156000 21.129999
736.250000 11.632052 0.156000 21.230000
737.000000 11.632052 0.156000 21.325001
737.375000 11.632052 0.156000 21.430000
738.125000 11.632052 0.156000 21.525000
738.500000 11.632052 0.156000 21.629999
739.500000 11.632052 0.156000 21.730000
739.500000 11.632052 0.156000 21.830000
740.000000 11.632052 0.156000 21.930000
740.125000 11.632052 0.156000 22.025000
741.375000 11.632052 0.142000 22.129999
741.375000 11.632052 0.142000 22.225000
741.875000 11.632052 0.142000 22.334999
742.500000 11.632052 0.142000 22.424999
744.000000 11.632052 0.142000 22.525000
744.875000 11.632052 0.142000 22.635000
745.250000 11.632052 0.142000 22.730000
745.625000 11.632052 0.142000 22.830000
746.625000 11.632052 0.142000 22.930000
747.000000 11.632052 0.142000 23.025000
747.125000 11.632052 0.138000 23.129999
747.250000 11.632052 0.138000 23.225000
748.000000 11.632052 0.138000 23.320000
749.250000 11.632052 0.138000 23.430000
749.250000 11.632052 0.138000 23.525000
749.500000 11.632052 0.138000 23.629999
749.875000 11.632052 0.138000 23.730000
750.750000 11.632052 0.138000 23.830000
750.875000 11.632052 0.138000 23.934999
751.125000 11.632052 0.138000 24.025000
751.500000 11.632052 0.166000 24.129999
751.750000 11.632052 0.166000 24.225000
753.125000 11.632052 0.166000 24.330000
753.750000 11.632052 0.166000 24.424999
754.000000 11.632052 0.166000 24.530001
754.125000 11.632052 0.166000 24.629999
755.000000 11.632052 0.166000 24.730000
755.000000 11.632052 0.166000 24.830000
755.875000 11.632052 0.166000 24.930000
756.625000 11.632052 0.166000 25.030001
757.125000 11.632052 0.138000 25.129999
758.000000 11.632052 0.138000 25.225000
758.750000 11.632052 0.138000 25.330000
759.625000 11.632052 0.138000 25.434999
760.000000 11.632052 0.138000 25.530001
761.000000 11.632052 0.138000 25.629999
761.750000 11.632052 0.138000 25.725000
761.750000 11.632052 0.138000 25.830000
762.125000 11.632052 0.138000 25.930000
763.000000 11.632052 0.138000 26.035000
763.625000 11.632052 0.138000 26.129999
764.500000 11.632052 0.138000 26.230000
765.500000 11.632052 0.138000 26.325001
765.750000 11.632052 0.138000 26.430000
766.125000 11.632052 0.138000 26.525000
766.125000 11.632052 0.138000 26.625000
767.125000 11.632052 0.138000 26.730000
767.625000 11.632052 0.138000 26.825001
768.250000 11.632052 0.138000 26.930000
768.250000 11.632052 0.138000 27.025000
770.125000 11.632052 0.138000 27.129999
770.625000 11.632052 0.138000 27.230000
770.875000 11.632052 0.138000 27.330000
771.125000 11.632052 0.138000 27.424999
771.750000 11.632052 0.138000 27.520000
772.625000 11.632052 0.138000 27.625000
773.000000 11.632052 0.138000 27.730000
773.000000 11.632052 0.138000 27.820000
774.000000 11.632052 0.138000 27.934999
774.875000 11.632052 0.138000 28.025000
775.250000 11.632052 0.136000 28.129999
775.375000 11.632052 0.136000 28.230000
776.000000 11.632052 0.136000 28.330000
776.500000 11.632052 0.136000 28.430000
777.625000 11.632052 0.136000 28.535000
777.625000 11.632052 0.136000 28.625000
778.125000 11.632052 0.136000 28.730000
778.375000 11.632052 0.136000 28.830000
780.000000 11.632052 0.136000 28.924999
780.625000 11.632052 0.136000 29.035000
781.125000 11.632052 0.132000 29.120001
781.500000 11.632052 0.132000 29.230000
781.625000 11.632052 0.132000 29.320000
782.000000 11.632052 0.132000 29.430000
782.500000 11.632052 0.132000 29.530001
782.500000 11.632052 0.132000 29.629999
783.375000 11.632052 0.132000 29.730000
784.125000 11.632052 0.132000 29.834999
784.250000 11.632052 0.132000 29.930000
784.250000 11.632052 0.132000 30.020000
784.500000 11.632052 0.137000 30.135000
785.375000 11.632052 0.137000 30.230000
785.625000 11.632052 0.137000 30.330000
785.625000 11.632052 0.137000 30.430000
786.375000 11.632052 0.137000 30.525000
786.875000 11.632052 0.137000 30.629999
787.375000 11.632052 0.137000 30.730000
787.500000 11.632052 0.137000 30.834999
787.625000 11.632052 0.137000 30.924999
788.125000 11.632052 0.137000 31.025000
788.500000 11.632052 0.136000 31.125000
789.000000 11.632052 0.136000 31.225000
789.750000 11.632052 0.136000 31.325001
789.750000 11.632052 0.136000 31.430000
789.750000 11.632052 0.136000 31.530001
790.125000 11.632052 0.136000 31.629999
790.125000 11.632052 0.136000 31.735001
790.250000 11.632052 0.136000 31.825001
790.625000 11.632052 0.136000 31.934999
790.625000 11.632052 0.136000 32.020000
791.250000 11.632052 0.156000 32.125000
792.000000 11.632052 0.156000 32.230000
792.625000 11.632052 0.156000 32.330002
792.875000 11.632052 0.156000 32.430000
793.125000 11.632052 0.156000 32.525002
793.625000 11.632052 0.156000 32.630001
793.875000 11.632052 0.156000 32.724998
793.875000 11.632052 0.156000 32.820000
794.000000 11.632052 0.156000 32.930000
794.125000 11.632052 0.156000 33.025002
794.500000 11.632052 0.139000 33.130001
794.500000 11.632052 0.139000 33.230000
794.625000 11.632052 0.139000 33.325001
794.750000 11.632052 0.139000 33.430000
794.750000 11.632052 0.139000 33.525002
794.875000 11.632052 0.139000 33.630001
794.875000 11.632052 0.139000 33.724998
795.125000 11.632052 0.139000 33.825001
795.125000 11.632052 0.139000 33.930000
795.625000 11.632052 0.139000 34.029999
795.750000 11.632052 0.133000 34.134998
795.750000 11.632052 0.133000 34.235001
796.125000 11.632052 0.133000 34.330002
796.125000 11.632052 0.133000 34.430000
796.625000 11.632052 0.133000 34.525002
796.750000 11.632052 0.133000 34.630001
796.750000 11.632052 0.133000 34.735001
796.750000 11.632052 0.133000 34.830002
797.000000 11.632052 0.133000 34.924999
797.000000 11.632052 0.133000 35.025002
797.625000 11.632052 0.133000 35.130001
797.625000 11.632052 0.133000 35.230000
797.875000 11.632052 0.133000 35.330002
798.000000 11.632052 0.133000 35.430000
798.250000 11.632052 0.133000 35.529999
798.875000 11.632052 0.133000 35.630001
799.125000 11.632052 0.133000 35.724998
799.125000 11.632052 0.133000 35.830002
799.250000 11.632052 0.133000 35.930000
799.375000 11.632052 0.133000 36.029999
800.000000 11.632052 0.134000 36.130001
800.375000 11.632052 0.134000 36.230000
800.625000 11.632052 0.134000 36.325001
800.625000 11.632052 0.134000 36.435001
800.875000 11.632052 0.134000 36.529999
801.125000 11.632052 0.134000 36.619999
801.750000 11.632052 0.134000 36.730000
801.875000 11.632052 0.134000 36.825001
802.125000 11.632052 0.134000 36.924999
802.125000 11.632052 0.134000 37.035000
802.125000 11.632052 0.141000 37.130001
802.375000 11.632052 0.141000 37.224998
802.500000 11.632052 0.141000 37.334999
802.750000 11.632052 0.141000 37.424999
803.000000 11.632052 0.141000 37.529999
803.000000 11.632052 0.141000 37.619999
803.125000 11.632052 0.141000 37.730000
803.250000 11.632052 0.141000 37.834999
803.500000 11.632052 0.141000 37.924999
803.500000 11.632052 0.141000 38.029999
803.625000 11.632052 0.150000 38.130001
803.875000 11.632052 0.150000 38.230000
804.000000 11.632052 0.150000 38.330002
804.125000 11.632052 0.150000 38.424999
804.250000 11.632052 0.150000 38.529999
804.375000 11.632052 0.150000 38.619999
804.750000 11.632052 0.150000 38.730000
804.875000 11.632052 0.150000 38.830002
804.875000 11.632052 0.150000 38.930000
805.125000 11.632052 0.150000 39.040001
805.250000 11.632052 0.140000 39.130001
805.250000 11.632052 0.140000 39.224998
805.750000 11.632052 0.140000 39.325001
805.750000 11.632052 0.140000 39.424999
805.875000 11.632052 0.140000 39.529999
805.875000 11.632052 0.140000 39.625000
806.000000 11.632052 0.140000 39.730000
806.000000 11.632052 0.140000 39.830002
806.375000 11.632052 0.140000 39.930000
806.375000 11.632052 0.140000 40.029999
806.625000 11.632052 0.145000 40.125000
806.625000 11.632052 0.145000 40.235001
806.625000 11.632052 0.145000 40.330002
806.625000 11.632052 0.145000 40.430000
806.875000 11.632052 0.145000 40.525002
807.250000 11.632052 0.145000 40.630001
807.250000 11.632052 0.145000 40.730000
807.375000 11.632052 0.145000 40.825001
807.750000 11.632052 0.145000 40.930000
807.750000 11.632052 0.145000 41.029999
808.125000 11.632052 0.136000 41.130001
808.500000 11.632052 0.136000 41.230000
808.625000 11.632052 0.136000 41.330002
808.625000 11.632052 0.136000 41.430000
808.750000 11.632052 0.136000 41.520000
808.750000 11.632052 0.136000 41.630001
808.750000 11.632052 0.136000 41.735001
808.750000 11.632052 0.136000 41.830002
809.125000 11.632052 0.136000 41.930000
809.125000 11.632052 0.136000 42.029999
809.250000 11.632052 0.137000 42.125000
809.250000 11.632052 0.137000 42.230000
809.375000 11.632052 0.137000 42.330002
809.375000 11.632052 0.137000 42.430000
809.750000 11.632052 0.137000 42.525002
810.375000 11.632052 0.137000 42.630001
810.625000 11.632052 0.137000 42.724998
810.750000 11.632052 0.137000 42.820000
810.750000 11.632052 0.137000 42.935001
810.875000 11.632052 0.137000 43.025002
811.000000 11.632052 0.132000 43.119999
811.000000 11.632052 0.132000 43.230000
811.375000 11.632052 0.132000 43.330002
811.375000 11.632052 0.132000 43.430000
811.875000 11.632052 0.132000 43.529999
812.000000 11.632052 0.132000 43.634998
812.000000 11.632052 0.132000 43.730000
812.000000 11.632052 0.132000 43.820000
812.000000 11.632052 0.132000 43.919998
812.250000 11.632052 0.132000 44.029999
812.500000 11.632052 0.138000 44.125000
812.500000 11.632052 0.138000 44.235001
812.750000 11.632052 0.138000 44.330002
812.875000 11.632052 0.138000 44.430000
812.875000 11.632052 0.138000 44.525002
812.875000 11.632052 0.138000 44.630001
813.125000 11.632052 0.138000 44.730000
813.375000 11.632052 0.138000 44.830002
813.625000 11.632052 0.138000 44.930000
813.625000 11.632052 0.138000 45.035000
814.000000 11.632052 0.135000 45.130001
814.375000 11.632052 0.135000 45.230000
814.375000 11.632052 0.135000 45.325001
814.375000 11.632052 0.135000 45.419998
814.625000 11.632052 0.135000 45.529999
814.875000 11.632052 0.135000 45.630001
814.875000 11.632052 0.135000 45.730000
815.000000 11.632052 0.135000 45.840000
815.125000 11.632052 0.135000 45.924999
815.250000 11.632052 0.135000 46.025002
815.250000 11.632052 0.138000 46.130001
815.250000 11.632052 0.138000 46.224998
815.625000 11.632052 0.138000 46.330002
815.625000 11.632052 0.138000 46.430000
815.625000 11.632052 0.138000 46.525002
815.750000 11.632052 0.138000 46.630001
815.875000 11.632052 0.138000 46.720001
816.000000 11.632052 0.138000 46.825001
816.000000 11.632052 0.138000 46.935001
816.125000 11.632052 0.138000 47.025002
816.250000 11.632052 0.136000 47.134998
816.250000 11.632052 0.136000 47.230000
816.500000 11.632052 0.136000 47.330002
816.750000 11.632052 0.136000 47.424999
816.750000 11.632052 0.136000 47.529999
816.875000 11.632052 0.136000 47.625000
816.875000 11.632052 0.136000 47.730000
816.875000 11.632052 0.136000 47.825001
816.875000 11.632052 0.136000 47.924999
816.875000 11.632052 0.136000 48.025002
817.000000 11.632052 0.131000 48.125000
817.250000 11.632052 0.131000 48.220001
817.250000 11.632052 0.131000 48.325001
817.375000 11.632052 0.131000 48.424999
817.500000 11.632052 0.131000 48.525002
817.500000 11.632052 0.131000 48.630001
817.500000 11.632052 0.131000 48.730000
817.500000 11.632052 0.131000 48.830002
817.750000 11.632052 0.131000 48.930000
818.125000 11.632052 0.131000 49.025002
818.250000 11.632052 0.131000 49.130001
818.375000 11.632052 0.131000 49.230000
818.500000 11.632052 0.131000 49.325001
818.750000 11.632052 0.131000 49.430000
819.250000 11.632052 0.131000 49.529999
819.250000 11.632052 0.131000 49.634998
819.375000 11.632052 0.131000 49.730000
819.625000 11.632052 0.131000 49.830002
819.625000 11.632052 0.131000 49.930000
819.750000 11.632052 0.131000 50.029999
820.000000 11.632052 0.132000 50.125000
820.125000 11.632052 0.132000 50.235001
820.625000 11.632052 0.132000 50.325001
820.875000 11.632052 0.132000 50.435001
821.250000 11.632052 0.132000 50.529999
821.250000 11.632052 0.132000 50.630001
821.625000 11.632052 0.132000 50.730000
821.875000 11.632052 0.132000 50.830002
822.375000 11.632052 0.132000 50.930000
822.500000 11.632052 0.132000 51.029999
823.250000 11.632052 0.134000 51.130001
823.875000 11.632052 0.134000 51.230000
824.000000 11.632052 0.134000 51.325001
824.000000 11.632052 0.134000 51.424999
824.250000 11.632052 0.134000 51.535000
824.625000 11.632052 0.134000 51.625000
824.875000 11.632052 0.134000 51.730000
824.875000 11.632052 0.134000 51.825001
825.250000 11.632052 0.134000 51.930000
825.250000 11.632052 0.134000 52.029999
826.250000 11.632052 0.134000 52.125000
827.000000 11.632052 0.134000 52.230000
827.000000 11.632052 0.134000 52.334999
827.000000 11.632052 0.134000 52.430000
827.125000 11.632052 0.134000 52.535000
827.500000 11.632052 0.134000 52.634998
827.875000 11.632052 0.134000 52.724998
827.875000 11.632052 0.134000 52.830002
828.000000 11.632052 0.134000 52.930000
828.750000 11.632052 0.134000 53.029999
829.000000 11.632052 0.157000 53.125000
829.125000 11.632052 0.157000 53.224998
829.375000 11.632052 0.157000 53.325001
829.375000 11.632052 0.157000 53.430000
829.500000 11.632052 0.157000 53.525002
829.625000 11.632052 0.157000 53.630001
830.375000 11.632052 0.157000 53.724998
830.750000 11.632052 0.157000 53.825001
830.875000 11.632052 0.157000 53.930000
831.000000 11.632052 0.157000 54.035000
831.125000 11.632052 0.129000 54.134998
831.125000 11.632052 0.129000 54.230000
831.375000 11.632052 0.129000 54.330002
831.375000 11.632052 0.129000 54.424999
831.625000 11.632052 0.129000 54.529999
831.750000 11.632052 0.129000 54.630001
832.000000 11.632052 0.129000 54.724998
832.000000 11.632052 0.129000 54.825001
832.000000 11.632052 0.129000 54.935001
832.125000 11.632052 0.129000 55.025002
832.250000 11.632052 0.127000 55.134998
832.375000 11.632052 0.127000 55.230000
832.625000 11.632052 0.127000 55.330002
832.625000 11.632052 0.127000 55.430000
832.750000 11.632052 0.127000 55.529999
832.750000 11.632052 0.127000 55.630001
832.750000 11.632052 0.127000 55.724998
832.750000 11.632052 0.127000 55.830002
832.750000 11.632052 0.127000 55.930000
832.875000 11.632052 0.127000 56.029999
833.250000 11.632052 0.124000 56.130001
833.250000 11.632052 0.124000 56.224998
833.250000 11.632052 0.124000 56.325001
833.500000 11.632052 0.124000 56.435001
833.625000 11.632052 0.124000 56.525002
833.625000 11.632052 0.124000 56.630001
833.750000 11.632052 0.124000 56.724998
833.750000 11.632052 0.124000 56.834999
834.000000 11.632052 0.124000 56.930000
834.000000 11.632052 0.124000 57.025002
834.125000 11.632052 0.125000 57.130001
834.125000 11.632052 0.125000 57.230000
834.375000 11.632052 0.125000 57.330002
834.375000 11.632052 0.125000 57.424999
834.625000 11.632052 0.125000 57.529999
834.625000 11.632052 0.125000 57.630001
834.875000 11.632052 0.125000 57.724998
834.875000 11.632052 0.125000 57.825001
835.000000 11.632052 0.125000 57.930000
835.000000 11.632052 0.125000 58.029999
835.125000 11.632052 0.119000 58.125000
835.250000 11.632052 0.119000 58.230000
835.625000 11.632052 0.119000 58.330002
835.750000 11.632052 0.119000 58.430000
835.750000 11.632052 0.119000 58.525002
835.750000 11.632052 0.119000 58.634998
835.875000 11.632052 0.119000 58.730000
836.125000 11.632052 0.119000 58.825001
836.125000 11.632052 0.119000 58.935001
836.125000 11.632052 0.119000 59.035000
836.500000 11.632052 0.121000 59.130001
836.750000 11.632052 0.121000 59.235001
837.000000 11.632052 0.121000 59.320000
837.250000 11.632052 0.121000 59.430000
837.375000 11.632052 0.121000 59.525002
837.375000 11.632052 0.121000 59.630001
837.500000 11.632052 0.121000 59.724998
837.625000 11.632052 0.121000 59.825001
838.000000 11.632052 0.121000 59.924999
838.125000 11.632052 0.121000 60.025002
838.125000 11.632052 0.123000 60.130001
838.125000 11.632052 0.123000 60.224998
838.250000 11.632052 0.123000 60.334999
838.375000 11.632052 0.123000 60.419998
838.375000 11.632052 0.123000 60.525002
838.375000 11.632052 0.123000 60.630001
838.625000 11.632052 0.123000 60.730000
838.750000 11.632052 0.123000 60.834999
838.875000 11.632052 0.123000 60.919998
838.875000 11.632052 0.123000 61.029999
839.000000 11.632052 0.128000 61.125000
839.000000 11.632052 0.128000 61.230000
839.000000 11.632052 0.128000 61.330002
839.000000 11.632052 0.128000 61.430000
839.500000 11.632052 0.128000 61.525002
839.750000 11.632052 0.128000 61.625000
840.250000 11.632052 0.128000 61.730000
840.250000 11.632052 0.128000 61.830002
840.500000 11.632052 0.128000 61.924999
840.625000 11.632052 0.128000 62.029999
840.625000 11.632052 0.125000 62.130001
840.625000 11.632052 0.125000 62.230000
840.750000 11.632052 0.125000 62.325001
840.875000 11.632052 0.125000 62.430000
841.500000 11.632052 0.125000 62.525002
841.625000 11.632052 0.125000 62.630001
841.875000 11.632052 0.125000 62.724998
842.000000 11.632052 0.125000 62.830002
842.125000 11.632052 0.125000 62.930000
842.125000 11.632052 0.125000 63.025002
842.375000 11.632052 0.118000 63.130001
842.375000 11.632052 0.118000 63.230000
842.625000 11.632052 0.118000 63.334999
842.750000 11.632052 0.118000 63.430000
842.875000 11.632052 0.118000 63.529999
842.875000 11.632052 0.118000 63.630001
842.875000 11.632052 0.118000 63.730000
842.875000 11.632052 0.118000 63.825001
843.000000 11.632052 0.118000 63.930000
843.000000 11.632052 0.118000 64.029999
843.125000 11.632052 0.121000 64.129997
843.375000 11.632052 0.121000 64.230003
843.750000 11.632052 0.121000 64.330002
843.750000 11.632052 0.121000 64.430000
844.000000 11.632052 0.121000 64.529999
844.000000 11.632052 0.121000 64.629997
844.000000 11.632052 0.121000 64.730003
844.250000 11.632052 0.121000 64.830002
844.500000 11.632052 0.121000 64.930000
844.625000 11.632052 0.121000 65.029999
844.750000 11.632052 0.124000 65.135002
844.875000 11.632052 0.124000 65.224998
845.000000 11.632052 0.124000 65.334999
845.000000 11.632052 0.124000 65.434998
845.125000 11.632052 0.124000 65.529999
845.125000 11.632052 0.124000 65.629997
845.500000 11.632052 0.124000 65.730003
845.500000 11.632052 0.124000 65.824997
845.500000 11.632052 0.124000 65.930000
845.500000 11.632052 0.124000 66.025002
845.625000 11.632052 0.129000 66.129997
845.625000 11.632052 0.129000 66.235001
846.000000 11.632052 0.129000 66.334999
846.250000 11.632052 0.129000 66.425003
846.500000 11.632052 0.129000 66.529999
846.500000 11.632052 0.129000 66.625000
846.625000 11.632052 0.129000 66.724998
846.875000 11.632052 0.129000 66.830002
847.125000 11.632052 0.129000 66.930000
847.125000 11.632052 0.129000 67.035004
847.375000 11.632052 0.121000 67.129997
847.375000 11.632052 0.121000 67.224998
847.375000 11.632052 0.121000 67.330002
847.375000 11.632052 0.121000 67.434998
847.375000 11.632052 0.121000 67.525002
847.625000 11.632052 0.121000 67.629997
847.750000 11.632052 0.121000 67.724998
847.875000 11.632052 0.121000 67.824997
848.250000 11.632052 0.121000 67.925003
848.250000 11.632052 0.121000 68.029999
848.625000 11.632052 0.115000 68.129997
848.625000 11.632052 0.115000 68.230003
848.625000 11.632052 0.115000 68.330002
848.625000 11.632052 0.115000 68.430000
848.750000 11.632052 0.115000 68.529999
848.750000 11.632052 0.115000 68.629997
849.000000 11.632052 0.115000 68.730003
849.000000 11.632052 0.115000 68.834999
849.375000 11.632052 0.115000 68.930000
849.375000 11.632052 0.115000 69.025002
849.375000 11.632052 0.123000 69.125000
849.375000 11.632052 0.123000 69.230003
849.375000 11.632052 0.123000 69.330002
849.625000 11.632052 0.123000 69.430000
849.750000 11.632052 0.123000 69.529999
849.750000 11.632052 0.123000 69.629997
849.750000 11.632052 0.123000 69.724998
849.750000 11.632052 0.123000 69.830002
849.875000 11.632052 0.123000 69.925003
850.000000 11.632052 0.123000 70.029999
850.000000 11.632052 0.125000 70.129997
850.000000 11.632052 0.125000 70.230003
850.125000 11.632052 0.125000 70.330002
850.125000 11.632052 0.125000 70.434998
850.125000 11.632052 0.125000 70.519997
850.250000 11.632052 0.125000 70.625000
850.250000 11.632052 0.125000 70.730003
850.250000 11.632052 0.125000 70.830002
850.250000 11.632052 0.125000 70.930000
850.250000 11.632052 0.125000 71.025002
850.375000 11.632052 0.147000 71.129997
850.375000 11.632052 0.147000 71.224998
850.500000 11.632052 0.147000 71.330002
850.625000 11.632052 0.147000 71.425003
850.750000 11.632052 0.147000 71.529999
850.750000 11.632052 0.147000 71.629997
850.875000 11.632052 0.147000 71.720001
850.875000 11.632052 0.147000 71.830002
851.000000 11.632052 0.147000 71.930000
851.000000 11.632052 0.147000 72.029999
851.125000 11.632052 0.116000 72.129997
851.125000 11.632052 0.116000 72.220001
851.125000 11.632052 0.116000 72.330002
851.250000 11.632052 0.116000 72.430000
851.250000 11.632052 0.116000 72.529999
851.250000 11.632052 0.116000 72.635002
851.375000 11.632052 0.116000 72.730003
851.500000 11.632052 0.116000 72.834999
851.500000 11.632052 0.116000 72.930000
851.500000 11.632052 0.116000 73.029999
851.750000 11.632052 0.120000 73.135002
851.750000 11.632052 0.120000 73.230003
851.750000 11.632052 0.120000 73.330002
851.750000 11.632052 0.120000 73.434998
851.875000 11.632052 0.120000 73.529999
851.875000 11.632052 0.120000 73.625000
852.250000 11.632052 0.120000 73.724998
852.250000 11.632052 0.120000 73.830002
852.250000 11.632052 0.120000 73.930000
852.375000 11.632052 0.120000 74.029999
852.375000 11.632052 0.128000 74.129997
852.500000 11.632052 0.128000 74.220001
852.625000 11.632052 0.128000 74.320000
852.750000 11.632052 0.128000 74.430000
853.000000 11.632052 0.128000 74.529999
853.125000 11.632052 0.128000 74.635002
853.125000 11.632052 0.128000 74.735001
853.250000 11.632052 0.128000 74.824997
853.375000 11.632052 0.128000 74.925003
853.375000 11.632052 0.128000 75.029999
853.500000 11.632052 0.120000 75.125000
853.500000 11.632052 0.120000 75.235001
853.500000 11.632052 0.120000 75.324997
853.625000 11.632052 0.120000 75.430000
853.750000 11.632052 0.120000 75.529999
853.750000 11.632052 0.120000 75.625000
854.000000 11.632052 0.120000 75.730003
854.125000 11.632052 0.120000 75.830002
854.250000 11.632052 0.120000 75.925003
854.250000 11.632052 0.120000 76.025002
854.375000 11.632052 0.132000 76.129997
854.375000 11.632052 0.132000 76.230003
854.750000 11.632052 0.132000 76.324997
854.750000 11.632052 0.132000 76.425003
854.750000 11.632052 0.132000 76.519997
854.750000 11.632052 0.132000 76.629997
855.250000 11.632052 0.132000 76.724998
855.250000 11.632052 0.132000 76.830002
855.500000 11.632052 0.132000 76.925003
855.500000 11.632052 0.132000 77.029999
855.750000 11.632052 0.123000 77.129997
855.750000 11.632052 0.123000 77.224998
856.000000 11.632052 0.123000 77.324997
856.000000 11.632052 0.123000 77.430000
856.375000 11.632052 0.123000 77.529999
856.375000 11.632052 0.123000 77.629997
856.500000 11.632052 0.123000 77.720001
856.500000 11.632052 0.123000 77.834999
856.625000 11.632052 0.123000 77.930000
856.625000 11.632052 0.123000 78.029999
856.875000 11.632052 0.124000 78.125000
856.875000 11.632052 0.124000 78.230003
857.125000 11.632052 0.124000 78.324997
857.250000 11.632052 0.124000 78.430000
857.625000 11.632052 0.124000 78.529999
857.750000 11.632052 0.124000 78.629997
858.000000 11.632052 0.124000 78.724998
858.000000 11.632052 0.124000 78.830002
858.250000 11.632052 0.124000 78.930000
858.250000 11.632052 0.124000 79.019997
858.500000 11.632052 0.123000 79.129997
858.500000 11.632052 0.123000 79.235001
858.750000 11.632052 0.123000 79.324997
858.750000 11.632052 0.123000 79.430000
858.750000 11.632052 0.123000 79.529999
858.875000 11.632052 0.123000 79.629997
859.000000 11.632052 0.123000 79.730003
859.000000 11.632052 0.123000 79.830002
859.375000 11.632052 0.123000 79.930000
859.375000 11.632052 0.123000 80.029999
859.500000 11.632052 0.131000 80.125000
859.625000 11.632052 0.131000 80.230003
859.875000 11.632052 0.131000 80.330002
859.875000 11.632052 0.131000 80.425003
860.000000 11.632052 0.131000 80.519997
860.375000 11.632052 0.131000 80.629997
860.500000 11.632052 0.131000 80.730003
860.500000 11.632052 0.131000 80.824997
860.625000 11.632052 0.131000 80.930000
860.875000 11.632052 0.131000 81.029999
861.000000 11.632052 0.126000 81.129997
861.250000 11.632052 0.126000 81.230003
861.250000 11.632052 0.126000 81.330002
861.625000 11.632052 0.126000 81.430000
861.625000 11.632052 0.126000 81.529999
861.625000 11.632052 0.126000 81.629997
861.625000 11.632052 0.126000 81.730003
861.875000 11.632052 0.126000 81.834999
862.000000 11.632052 0.126000 81.930000
862.000000 11.632052 0.126000 82.025002
862.000000 11.632052 0.126000 82.129997
862.000000 11.632052 0.126000 82.230003
862.250000 11.632052 0.126000 82.330002
862.250000 11.632052 0.126000 82.430000
862.375000 11.632052 0.126000 82.525002
862.375000 11.632052 0.126000 82.629997
862.375000 11.632052 0.126000 82.724998
862.375000 11.632052 0.126000 82.830002
862.375000 11.632052 0.126000 82.930000
862.375000 11.632052 0.126000 83.029999
862.375000 11.632052 0.125000 83.129997
862.375000 11.632052 0.125000 83.224998
862.500000 11.632052 0.125000 83.330002
862.500000 11.632052 0.125000 83.430000
862.500000 11.632052 0.125000 83.525002
862.500000 11.632052 0.125000 83.629997
862.500000 11.632052 0.125000 83.724998
862.500000 11.632052 0.125000 83.830002
862.500000 11.632052 0.125000 83.930000
862.625000 11.632052 0.125000 84.025002
862.750000 11.632052 0.124000 84.120003
862.750000 11.632052 0.124000 84.230003
862.750000 11.632052 0.124000 84.330002
863.000000 11.632052 0.124000 84.430000
863.000000 11.632052 0.124000 84.529999
863.000000 11.632052 0.124000 84.625000
863.125000 11.632052 0.124000 84.730003
863.125000 11.632052 0.124000 84.830002
863.250000 11.632052 0.124000 84.930000
863.375000 11.632052 0.124000 85.025002
863.500000 11.632052 0.122000 85.129997
863.500000 11.632052 0.122000 85.224998
863.500000 11.632052 0.122000 85.320000
863.500000 11.632052 0.122000 85.434998
863.625000 11.632052 0.122000 85.535004
863.625000 11.632052 0.122000 85.625000
863.625000 11.632052 0.122000 85.724998
863.625000 11.632052 0.122000 85.830002
863.750000 11.632052 0.122000 85.925003
863.750000 11.632052 0.122000 86.029999
863.750000 11.632052 0.130000 86.125000
863.875000 11.632052 0.130000 86.230003
863.875000 11.632052 0.130000 86.324997
864.000000 11.632052 0.130000 86.430000
864.125000 11.632052 0.130000 86.529999
864.375000 11.632052 0.130000 86.635002
864.500000 11.632052 0.130000 86.724998
864.625000 11.632052 0.130000 86.820000
864.625000 11.632052 0.130000 86.925003
864.625000 11.632052 0.130000 87.019997
864.625000 11.632052 0.152000 87.125000
864.625000 11.632052 0.152000 87.224998
864.750000 11.632052 0.152000 87.324997
864.750000 11.632052 0.152000 87.425003
864.750000 11.632052 0.152000 87.529999
864.750000 11.632052 0.152000 87.625000
864.750000 11.632052 0.152000 87.735001
864.750000 11.632052 0.152000 87.824997
864.875000 11.632052 0.152000 87.925003
864.875000 11.632052 0.152000 88.040001
865.000000 11.632052 0.123000 88.129997
865.125000 11.632052 0.123000 88.230003
865.125000 11.632052 0.123000 88.324997
865.250000 11.632052 0.123000 88.425003
865.375000 11.632052 0.123000 88.529999
865.500000 11.632052 0.123000 88.625000
865.500000 11.632052 0.123000 88.730003
865.500000 11.632052 0.123000 88.834999
865.750000 11.632052 0.123000 88.930000
865.750000 11.632052 0.123000 89.025002
865.750000 11.632052 0.120000 89.129997
865.750000 11.632052 0.120000 89.230003
865.750000 11.632052 0.120000 89.324997
865.750000 11.632052 0.120000 89.425003
865.750000 11.632052 0.120000 89.529999
865.750000 11.632052 0.120000 89.629997
865.750000 11.632052 0.120000 89.730003
865.750000 11.632052 0.120000 89.830002
865.750000 11.632052 0.120000 89.925003
865.750000 11.632052 0.120000 90.029999
865.875000 11.632052 0.121000 90.129997
865.875000 11.632052 0.121000 90.230003
866.000000 11.632052 0.121000 90.324997
866.000000 11.632052 0.121000 90.430000
866.000000 11.632052 0.121000 90.525002
866.000000 11.632052 0.121000 90.635002
866.000000 11.632052 0.121000 90.730003
866.000000 11.632052 0.121000 90.830002
866.000000 11.632052 0.121000 90.919998
866.000000 11.632052 0.121000 91.029999
866.125000 11.632052 0.140000 91.125000
866.125000 11.632052 0.140000 91.230003
866.250000 11.632052 0.140000 91.324997
866.250000 11.632052 0.140000 91.430000
866.250000 11.632052 0.140000 91.525002
866.250000 11.632052 0.140000 91.629997
866.250000 11.632052 0.140000 91.730003
866.250000 11.632052 0.140000 91.830002
866.250000 11.632052 0.140000 91.925003
866.250000 11.632052 0.140000 92.035004
866.375000 11.632052 0.131000 92.129997
866.375000 11.632052 0.131000 92.230003
866.500000 11.632052 0.131000 92.324997
866.625000 11.632052 0.131000 92.425003
866.750000 11.632052 0.131000 92.519997
866.750000 11.632052 0.131000 92.625000
867.000000 11.632052 0.131000 92.730003
867.000000 11.632052 0.131000 92.830002
867.000000 11.632052 0.131000 92.934998
867.250000 11.632052 0.131000 93.029999
867.250000 11.632052 0.128000 93.129997
867.250000 11.632052 0.128000 93.224998
867.375000 11.632052 0.128000 93.334999
867.500000 11.632052 0.128000 93.425003
867.625000 11.632052 0.128000 93.529999
867.625000 11.632052 0.128000 93.625000
867.625000 11.632052 0.128000 93.724998
867.750000 11.632052 0.128000 93.830002
867.875000 11.632052 0.128000 93.930000
867.875000 11.632052 0.128000 94.029999
867.875000 11.632052 0.126000 94.129997
867.875000 11.632052 0.126000 94.230003
868.000000 11.632052 0.126000 94.330002
868.125000 11.632052 0.126000 94.430000
868.250000 11.632052 0.126000 94.529999
868.375000 11.632052 0.126000 94.629997
868.375000 11.632052 0.126000 94.724998
868.375000 11.632052 0.126000 94.830002
868.375000 11.632052 0.126000 94.930000
868.375000 11.632052 0.126000 95.019997
868.375000 11.632052 0.146000 95.129997
868.375000 11.632052 0.146000 95.230003
868.375000 11.632052 0.146000 95.330002
868.500000 11.632052 0.146000 95.430000
868.625000 11.632052 0.146000 95.525002
868.625000 11.632052 0.146000 95.629997
868.750000 11.632052 0.146000 95.730003
868.750000 11.632052 0.146000 95.824997
868.750000 11.632052 0.146000 95.930000
868.750000 11.632052 0.146000 96.029999
868.875000 11.632052 0.124000 96.135002
869.000000 11.632052 0.124000 96.230003
869.125000 11.632052 0.124000 96.334999
869.125000 11.632052 0.124000 96.430000
869.125000 11.632052 0.124000 96.525002
869.125000 11.632052 0.124000 96.635002
869.125000 11.632052 0.124000 96.735001
869.125000 11.632052 0.124000 96.830002
869.250000 11.632052 0.124000 96.930000
869.250000 11.632052 0.124000 97.029999
869.375000 11.632052 0.121000 97.129997
869.375000 11.632052 0.121000 97.224998
869.375000 11.632052 0.121000 97.324997
869.375000 11.632052 0.121000 97.425003
869.375000 11.632052 0.121000 97.529999
869.375000 11.632052 0.121000 97.625000
869.500000 11.632052 0.121000 97.730003
869.500000 11.632052 0.121000 97.830002
869.500000 11.632052 0.121000 97.925003
869.750000 11.632052 0.121000 98.029999
869.750000 11.632052 0.126000 98.125000
869.750000 11.632052 0.126000 98.230003
869.875000 11.632052 0.126000 98.324997
869.875000 11.632052 0.126000 98.430000
869.875000 11.632052 0.126000 98.529999
869.875000 11.632052 0.126000 98.629997
869.875000 11.632052 0.126000 98.724998
869.875000 11.632052 0.126000 98.830002
870.000000 11.632052 0.126000 98.930000
870.000000 11.632052 0.126000 99.025002
870.125000 11.632052 0.120000 99.135002
870.125000 11.632052 0.120000 99.224998
870.250000 11.632052 0.120000 99.330002
870.250000 11.632052 0.120000 99.434998
870.375000 11.632052 0.120000 99.535004
870.375000 11.632052 0.120000 99.629997
870.625000 11.632052 0.120000 99.724998
870.750000 11.632052 0.120000 99.830002
870.875000 11.632052 0.120000 99.930000
870.875000 11.632052 0.120000 100.029999
871.000000 11.632052 0.121000 100.129997
871.000000 11.632052 0.121000 100.230003
871.125000 11.632052 0.121000 100.330002
871.125000 11.632052 0.121000 100.430000
871.250000 11.632052 0.121000 100.525002
871.250000 11.632052 0.121000 100.629997
871.250000 11.632052 0.121000 100.724998
871.250000 11.632052 0.121000 100.830002
871.250000 11.632052 0.121000 100.919998
871.375000 11.632052 0.121000 101.019997
871.375000 11.632052 0.125000 101.129997
871.375000 11.632052 0.125000 101.220001
871.375000 11.632052 0.125000 101.330002
871.375000 11.632052 0.125000 101.430000
871.625000 11.632052 0.125000 101.525002
871.625000 11.632052 0.125000 101.629997
871.625000 11.632052 0.125000 101.730003
871.750000 11.632052 0.125000 101.824997
871.875000 11.632052 0.125000 101.930000
871.875000 11.632052 0.125000 102.029999
871.875000 11.632052 0.122000 102.129997
871.875000 11.632052 0.122000 102.224998
871.875000 11.632052 0.122000 102.324997
871.875000 11.632052 0.122000 102.430000
872.125000 11.632052 0.122000 102.519997
872.125000 11.632052 0.122000 102.629997
872.250000 11.632052 0.122000 102.730003
872.250000 11.632052 0.122000 102.824997
872.250000 11.632052 0.122000 102.925003
872.375000 11.632052 0.122000 103.029999
872.500000 11.632052 0.122000 103.120003
