69.375000 0.000000 0.000000 0.015000
90.750000 0.000000 0.000000 0.125000
108.250000 0.204724 0.000000 0.215000
121.750000 0.408708 0.000000 0.325000
133.000000 0.641535 0.000000 0.415000
142.750000 0.844911 0.000000 0.520000
152.625000 1.051658 0.000000 0.615000
160.875000 1.260085 0.000000 0.725000
169.125000 1.260085 0.000000 0.810000
175.375000 1.479252 0.000000 0.920000
183.875000 1.688804 0.000000 1.015000
189.750000 1.898516 0.000000 1.125000
197.500000 2.128273 0.000000 1.215000
204.625000 2.368003 0.000000 1.325000
211.875000 2.617765 0.000000 1.410000
221.000000 2.827599 0.000000 1.520000
229.375000 3.037470 0.000000 1.630000
237.000000 3.247392 0.000000 1.725000
248.250000 3.457282 0.000000 1.820000
258.375000 3.667147 0.000000 1.915000
271.375000 3.667147 0.000000 2.015000
286.625000 4.086903 0.000000 2.125000
301.625000 4.086903 0.000000 2.205000
316.250000 4.296813 0.000000 2.315000
329.625000 4.506722 0.000000 2.425000
338.500000 4.726556 0.000000 2.515000
350.375000 4.976366 0.000000 2.625000
360.875000 5.236191 0.000000 2.720000
372.125000 5.446064 0.000000 2.820000
381.375000 5.655972 0.000000 2.925000
391.000000 5.655972 0.000000 3.010000
399.750000 6.075842 0.000000 3.125000
407.250000 6.075842 0.000000 3.215000
416.625000 6.285766 0.000000 3.325000
423.375000 6.535615 0.000000 3.415000
432.250000 6.765492 0.000000 3.525000
440.750000 7.005372 0.000000 3.625000
447.375000 7.215277 0.000000 3.710000
455.375000 7.435150 0.000000 3.825000
461.500000 7.645030 0.000000 3.910000
467.375000 7.854927 0.000000 4.025000
473.625000 8.064817 0.000000 4.120000
478.125000 8.274364 0.000000 4.225000
483.625000 8.274364 0.000000 4.310000
488.625000 8.483710 0.000000 4.415000
493.000000 8.693224 0.000000 4.520000
498.125000 8.922889 0.000000 4.610000
500.625000 9.142649 0.000000 4.715000
504.750000 9.371532 0.000000 4.825000
508.625000 9.605612 0.000000 4.910000
510.375000 9.819731 0.000000 5.025000
514.500000 10.025826 0.000000 5.115000
516.875000 10.233459 0.000000 5.225000
519.375000 10.233459 0.000000 5.310000
522.000000 10.442161 0.000000 5.415000
526.000000 10.671442 0.000000 5.530000
527.875000 10.911056 0.000000 5.615000
531.125000 11.130843 0.000000 5.720000
533.375000 11.370722 0.000000 5.815000
535.500000 11.590644 0.000000 5.910000
539.375000 11.800605 0.000000 6.015000
541.625000 12.030578 0.000000 6.130000
546.000000 12.240570 0.000000 6.215000
548.375000 12.450540 0.000000 6.325000
550.750000 12.450540 0.000000 6.415000
553.625000 12.660510 0.000000 6.525000
556.750000 12.900469 0.000000 6.630000
558.875000 13.120173 0.000000 6.715000
563.000000 13.339862 0.000000 6.820000
565.250000 13.589648 0.000000 6.910000
568.250000 13.809497 0.000000 7.025000
570.375000 14.019379 0.000000 7.115000
572.500000 14.229309 0.000000 7.225000
575.875000 14.439225 0.000000 7.330000
578.250000 14.439225 0.000000 7.415000
580.750000 14.669145 0.000000 7.530000
585.000000 14.909082 0.000000 7.615000
586.750000 15.128994 0.000000 7.725000
590.500000 15.338938 0.000000 7.810000
592.500000 15.548914 0.000000 7.915000
595.750000 15.758890 0.000000 8.030000
598.750000 15.998837 0.000000 8.115000
600.875000 16.208824 0.000000 8.225000
603.250000 16.418789 0.000000 8.310000
606.750000 16.628763 0.000000 8.425000
608.750000 16.828779 0.000000 8.520000
611.875000 16.828779 0.000000 8.605000
613.625000 17.228802 0.000000 8.720000
616.250000 17.438795 0.000000 8.825000
618.750000 17.438795 0.000000 8.915000
620.375000 17.858740 0.000000 9.025000
623.250000 17.858740 0.000000 9.125000
626.875000 18.068720 0.000000 9.215000
628.500000 18.268736 0.000000 9.325000
631.500000 18.498766 0.000000 9.425000
633.750000 18.708786 0.000000 9.515000
635.750000 18.938780 0.000000 9.625000
638.875000 19.148777 0.000000 9.715000
641.000000 19.358753 0.000000 9.830000
643.250000 19.598747 0.000000 9.930000
647.000000 19.808722 0.000000 10.015000
648.625000 20.018696 0.000000 10.125000
652.000000 20.228693 0.000000 10.215000
654.375000 20.438667 0.000000 10.325000
657.125000 20.648569 0.000000 10.420000
659.625000 20.858276 0.000000 10.525000
661.500000 20.858276 0.000000 10.615000
663.625000 21.067945 0.000000 10.725000
666.500000 21.297670 0.000000 10.825000
668.750000 21.507500 0.000000 10.910000
672.250000 21.737329 0.000000 11.025000
674.000000 21.987173 0.000000 11.125000
676.375000 22.207050 0.000000 11.225000
679.125000 22.416595 0.000000 11.310000
680.750000 22.625801 0.000000 11.425000
682.625000 22.835201 0.000000 11.530000
684.625000 22.835201 0.000000 11.615000
686.875000 23.254610 0.000000 11.725000
689.500000 23.254610 0.000000 11.810000
691.000000 23.464470 0.000000 11.920000
693.625000 23.674381 0.000000 12.020000
695.000000 23.894314 0.000000 12.110000
696.375000 24.114296 0.000000 12.215000
698.500000 24.334278 0.000000 12.325000
699.500000 24.584253 0.000000 12.420000
701.375000 24.804237 0.000000 12.520000
704.250000 25.014210 0.000000 12.625000
705.375000 25.224157 0.000000 12.710000
707.750000 25.434120 0.000000 12.815000
709.000000 25.644098 0.000000 12.920000
711.125000 25.854076 0.000000 13.030000
713.125000 25.854076 0.000000 13.110000
714.750000 26.064041 0.000000 13.215000
716.375000 26.273996 0.000000 13.325000
717.250000 26.493961 0.000000 13.425000
718.875000 26.703936 0.000000 13.515000
720.000000 26.923880 0.000000 13.625000
721.125000 27.133820 0.000000 13.720000
723.375000 27.343775 0.000000 13.825000
725.625000 27.583746 0.000000 13.910000
726.875000 27.803720 0.000000 14.025000
728.500000 28.013691 0.000000 14.110000
729.500000 28.223680 0.000000 14.225000
731.250000 28.223680 0.000000 14.310000
732.375000 28.633684 0.000000 14.415000
733.250000 28.833691 0.000000 14.525000
735.125000 29.033699 0.000000 14.630000
736.875000 29.243666 0.000000 14.725000
737.875000 29.453596 0.000000 14.825000
739.750000 29.453596 0.000000 14.925000
740.750000 29.693571 0.000000 15.025000
742.125000 29.913582 0.000000 15.125000
743.625000 30.123543 0.000000 15.225000
744.750000 30.333513 0.000000 15.310000
746.875000 30.533522 0.000000 15.425000
749.000000 30.733530 0.000000 15.510000
750.875000 30.933538 0.000000 15.615000
752.500000 31.143547 0.000000 15.730000
753.625000 31.353537 0.000000 15.825000
754.625000 31.593454 0.000000 15.920000
755.750000 31.823376 0.000000 16.030001
756.625000 32.033302 0.000000 16.115000
758.125000 32.243229 0.000000 16.219999
760.125000 32.453156 0.000000 16.325001
761.875000 32.453156 0.000000 16.415001
764.250000 32.853172 0.000000 16.525000
765.500000 32.853172 0.000000 16.615000
766.625000 33.253189 0.000000 16.725000
767.500000 33.253189 0.000000 16.815001
768.375000 33.453197 0.000000 16.920000
770.125000 33.653206 0.000000 17.025000
772.250000 33.863171 0.000000 17.115000
774.000000 34.073120 0.000000 17.225000
776.375000 34.303116 0.000000 17.315001
778.125000 34.533066 0.000000 17.430000
779.125000 34.743034 0.000000 17.514999
780.625000 34.952961 0.000000 17.625000
782.125000 35.182880 0.000000 17.709999
783.500000 35.392849 0.000000 17.815001
786.250000 35.592857 0.000000 17.915001
787.875000 35.792866 0.000000 18.014999
790.375000 36.002872 0.000000 18.120001
792.375000 36.212669 0.000000 18.230000
793.875000 36.422260 0.000000 18.315001
795.625000 36.631947 0.000000 18.420000
796.250000 36.841778 0.000000 18.530001
798.500000 37.051620 0.000000 18.625000
801.875000 37.261471 0.000000 18.730000
804.875000 37.261471 0.000000 18.815001
807.125000 37.471386 0.000000 18.930000
809.750000 37.711304 0.000000 19.025000
812.000000 37.921223 0.000000 19.115000
813.250000 38.141140 0.000000 19.219999
814.750000 38.371120 0.000000 19.325001
817.375000 38.591068 0.000000 19.415001
819.375000 38.801010 0.000000 19.514999
822.875000 39.010960 0.000000 19.625000
826.250000 39.220913 0.000000 19.715000
829.500000 39.420918 0.000000 19.820000
833.375000 39.630917 0.000000 19.924999
836.750000 39.630917 0.000000 20.010000
840.750000 40.030945 0.000000 20.125000
845.500000 40.030945 0.000000 20.209999
850.875000 40.440987 0.000000 20.325001
857.125000 40.440987 0.000000 20.415001
865.750000 40.841026 0.000000 20.530001
874.125000 40.841026 0.000000 20.615000
882.625000 41.250996 0.000000 20.725000
892.625000 41.250996 0.000000 20.815001
903.250000 41.460968 0.000000 20.920000
915.000000 41.680943 0.000000 21.025000
925.375000 41.910969 0.000000 21.125000
933.375000 42.110973 0.000000 21.219999
941.125000 42.310986 0.000000 21.320000
946.625000 42.520969 0.000000 21.424999
952.500000 42.730896 0.000000 21.520000
958.125000 42.940758 0.000000 21.620001
963.375000 43.170650 0.000000 21.719999
969.250000 43.380554 0.000000 21.809999
975.875000 43.590416 0.000000 21.924999
982.000000 43.800335 0.000000 22.010000
986.250000 44.010277 0.000000 22.125000
989.750000 44.220219 0.000000 22.225000
994.000000 44.420242 0.000000 22.320000
997.750000 44.620266 0.000000 22.424999
1002.750000 44.820290 0.000000 22.520000
1007.125000 45.020313 0.000000 22.629999
1010.125000 45.220337 0.000000 22.715000
1014.500000 45.420361 0.000000 22.820000
1018.000000 45.620384 0.000000 22.915001
1021.375000 45.830379 0.000000 23.025000
1025.875000 46.030403 0.000000 23.120001
1030.125000 46.030403 0.000000 23.215000
1034.375000 46.240364 0.000000 23.315001
1037.125000 46.450317 0.000000 23.424999
1039.875000 46.690216 0.000000 23.530001
1042.000000 46.910126 0.000000 23.615000
1043.500000 47.140064 0.000000 23.725000
1044.750000 47.380028 0.000000 23.809999
1046.000000 47.600014 0.000000 23.924999
1047.750000 47.800026 0.000000 24.030001
1049.000000 48.009968 0.000000 24.115000
1049.750000 48.219910 0.000000 24.225000
1051.375000 48.219910 0.000000 24.309999
1052.500000 48.629898 0.000000 24.420000
1054.250000 48.629898 0.000000 24.510000
1055.250000 48.839855 0.000000 24.615000
1055.875000 49.089787 0.000000 24.730000
1057.250000 49.319782 0.000000 24.825001
1058.250000 49.519806 0.000000 24.920000
1060.000000 49.719830 0.000000 25.010000
1061.625000 49.929802 0.000000 25.125000
1064.125000 50.139744 0.000000 25.215000
1065.875000 50.349686 0.000000 25.325001
1066.750000 50.589619 0.000000 25.415001
1067.625000 50.799614 0.000000 25.525000
1068.875000 51.009583 0.000000 25.625000
1069.875000 51.209606 0.000000 25.719999
1071.125000 51.409630 0.000000 25.820000
1073.000000 51.619579 0.000000 25.915001
1074.375000 51.829521 0.000000 26.030001
1075.750000 51.829521 0.000000 26.110001
1076.625000 52.039463 0.000000 26.219999
1077.125000 52.279396 0.000000 26.309999
1077.875000 52.509335 0.000000 26.415001
1079.000000 52.739212 0.000000 26.530001
1079.500000 52.949154 0.000000 26.625000
1080.125000 53.179092 0.000000 26.725000
1081.250000 53.389034 0.000000 26.825001
1082.125000 53.598980 0.000000 26.910000
1083.625000 53.799000 0.000000 27.014999
1085.000000 53.999023 0.000000 27.125000
1085.375000 54.199047 0.000000 27.209999
1085.625000 54.399071 0.000000 27.320000
1086.625000 54.599094 0.000000 27.430000
1087.625000 54.799118 0.000000 27.525000
1088.375000 54.999142 0.000000 27.620001
1089.250000 55.199165 0.000000 27.715000
1090.000000 55.399189 0.000000 27.825001
1090.375000 55.609135 0.000000 27.910000
1091.250000 55.819126 0.000000 28.014999
1091.875000 56.019150 0.000000 28.125000
1092.625000 56.219173 0.000000 28.215000
1094.500000 56.419197 0.000000 28.320000
1095.125000 56.619221 0.000000 28.424999
1096.250000 56.829163 0.000000 28.530001
1097.125000 57.039104 0.000000 28.620001
1098.000000 57.039104 0.000000 28.719999
1099.375000 57.249046 0.000000 28.809999
1100.375000 57.649086 0.000000 28.924999
1100.750000 57.649086 0.000000 29.020000
1102.000000 57.849110 0.000000 29.115000
1102.875000 58.049133 0.000000 29.219999
1103.625000 58.289162 0.000000 29.309999
1104.125000 58.509186 0.000000 29.420000
1104.875000 58.729210 0.000000 29.525000
1105.500000 58.929234 0.000000 29.615000
1106.250000 59.129257 0.000000 29.725000
1106.750000 59.329281 0.000000 29.820000
1107.125000 59.569309 0.000000 29.924999
1107.375000 59.789261 0.000000 30.014999
1107.875000 59.999203 0.000000 30.125000
1108.625000 60.209145 0.000000 30.209999
1109.375000 60.419083 0.000000 30.315001
1110.500000 60.629025 0.000000 30.420000
1111.250000 60.838966 0.000000 30.525000
1111.625000 60.838966 0.000000 30.610001
1112.250000 61.048908 0.000000 30.715000
1112.625000 61.258865 0.000000 30.825001
1113.000000 61.488941 0.000000 30.910000
1113.500000 61.708881 0.000000 31.014999
1113.875000 61.928944 0.000000 31.125000
1114.250000 62.128983 0.000000 31.230000
1115.000000 62.338924 0.000000 31.315001
1115.500000 62.539001 0.000000 31.424999
1116.250000 62.739033 0.000000 31.514999
1116.750000 62.948975 0.000000 31.615000
1117.500000 63.168915 0.000000 31.725000
1118.125000 63.388611 0.000000 31.815001
1118.750000 63.598068 0.000000 31.920000
1119.250000 63.807652 0.000000 32.020000
1119.875000 64.017418 0.000000 32.125000
1120.375000 64.227249 0.000000 32.230000
1120.625000 64.227249 0.000000 32.314999
1121.000000 64.646858 0.000000 32.424999
1121.625000 64.646858 0.000000 32.514999
1121.875000 64.856705 0.000000 32.619999
1122.375000 65.076576 0.000000 32.705002
1123.250000 65.306442 0.000000 32.825001
1123.750000 65.516296 0.000000 32.915001
1124.125000 65.726166 0.000000 33.025002
1124.875000 65.976112 0.000000 33.110001
1125.375000 66.196022 0.000000 33.220001
1126.125000 66.405792 0.000000 33.310001
1126.250000 66.615562 0.000000 33.419998
1126.750000 66.825340 0.000000 33.514999
1127.375000 66.825340 0.000000 33.615002
1127.625000 67.244965 0.000000 33.730000
1128.125000 67.244965 0.000000 33.814999
1128.375000 67.454926 0.000000 33.930000
1128.625000 67.694893 0.000000 34.009998
1129.750000 67.924858 0.000000 34.125000
1130.125000 68.164818 0.000000 34.205002
1130.750000 68.384743 0.000000 34.314999
1131.625000 68.614517 0.000000 34.430000
1132.000000 68.614517 0.000000 34.509998
1132.750000 69.034386 0.000000 34.630001
1133.250000 69.034386 0.000000 34.715000
1134.125000 69.244339 0.000000 34.825001
1134.125000 69.494286 0.000000 34.915001
1134.375000 69.724236 0.000000 35.020000
1135.125000 69.974182 0.000000 35.125000
1135.500000 70.184143 0.000000 35.215000
1136.125000 70.393982 0.000000 35.325001
1136.625000 70.603798 0.000000 35.410000
1136.875000 70.813751 0.000000 35.514999
1137.250000 71.023705 0.000000 35.630001
1138.375000 71.023705 0.000000 35.715000
1138.875000 71.233658 0.000000 35.820000
1139.125000 71.443611 0.000000 35.910000
1139.875000 71.653564 0.000000 36.014999
1140.375000 71.863518 0.000000 36.125000
1140.875000 72.083374 0.000000 36.209999
1141.125000 72.303162 0.000000 36.314999
1142.000000 72.532936 0.000000 36.424999
1142.750000 72.782692 0.000000 36.514999
1143.500000 72.992615 0.000000 36.625000
1144.250000 73.202469 0.000000 36.709999
1145.250000 73.411720 0.000000 36.825001
1145.875000 73.411720 0.000000 36.910000
1146.125000 73.828049 0.000000 37.020000
1147.000000 73.828049 0.000000 37.119999
1147.625000 74.035942 0.000000 37.215000
1148.750000 74.244728 0.000000 37.325001
1149.500000 74.474129 0.000000 37.410000
1149.875000 74.724030 0.000000 37.529999
1150.125000 74.924210 0.000000 37.625000
1150.250000 75.124565 0.000000 37.715000
1150.500000 75.325012 0.000000 37.825001
1150.875000 75.565552 0.000000 37.910000
1151.000000 75.786026 0.000000 38.025002
1151.250000 75.986275 0.000000 38.110001
1151.875000 76.196236 0.000000 38.215000
1151.875000 76.396286 0.000000 38.320000
1152.750000 76.596489 0.000000 38.419998
1152.875000 76.796745 0.000000 38.514999
1153.250000 76.997055 0.000000 38.619999
1153.750000 77.197395 0.000000 38.709999
1154.625000 77.397728 0.000000 38.830002
1155.375000 77.598038 0.000000 38.915001
1156.500000 77.808357 0.000000 39.029999
1157.500000 78.008713 0.000000 39.110001
1159.500000 78.208946 0.000000 39.224998
1160.875000 78.418686 0.000000 39.325001
1164.625000 78.418686 0.000000 39.415001
1169.000000 78.628082 0.000000 39.520000
1174.125000 78.847565 0.000000 39.625000
1182.375000 79.076828 0.000000 39.709999
1191.375000 79.295502 0.000000 39.814999
1203.750000 79.513718 0.000000 39.924999
1218.250000 79.721695 0.000000 40.014999
1230.250000 79.929436 0.000000 40.125000
1239.250000 80.166672 0.000000 40.215000
1248.125000 80.374519 0.000000 40.320000
1254.875000 80.583092 0.000000 40.424999
1262.875000 80.792305 0.000000 40.529999
1268.125000 80.992310 0.000000 40.615002
1274.500000 81.192795 0.000000 40.724998
1281.250000 81.393562 0.000000 40.810001
1286.750000 81.594505 0.000000 40.915001
1291.625000 81.795532 0.000000 41.025002
1297.750000 81.996582 0.000000 41.110001
1301.625000 82.197639 0.000000 41.230000
1308.500000 82.398712 0.000000 41.325001
1312.625000 82.599831 0.000000 41.430000
1316.125000 82.800514 0.000000 41.525002
1323.250000 83.007011 0.000000 41.619999
1327.250000 83.213379 0.000000 41.724998
1331.375000 83.213379 0.000000 41.814999
1336.375000 83.418312 0.000000 41.924999
1339.250000 83.637634 0.000000 42.014999
1341.750000 83.850967 0.000000 42.119999
1345.750000 84.075745 0.000000 42.224998
1348.000000 84.301086 0.000000 42.310001
1352.000000 84.516678 0.000000 42.419998
1355.250000 84.723297 0.000000 42.514999
1357.875000 84.931252 0.000000 42.625000
1360.625000 84.931252 0.000000 42.709999
1362.750000 85.140038 0.000000 42.814999
1364.750000 85.349312 0.000000 42.919998
1367.625000 85.558868 0.000000 43.005001
1369.375000 85.768578 0.000000 43.119999
1373.000000 85.978378 0.000000 43.220001
1375.125000 86.198158 0.000000 43.310001
1377.125000 86.426971 0.000000 43.424999
1379.000000 86.630142 0.000000 43.520000
1380.625000 86.830482 0.000000 43.625000
1382.500000 87.037331 0.000000 43.705002
1384.875000 87.037331 0.000000 43.814999
1386.875000 87.239937 0.000000 43.919998
1387.750000 87.440216 0.000000 44.009998
1389.125000 87.440216 0.000000 44.125000
1390.375000 87.642319 0.000000 44.215000
1391.250000 87.642319 0.000000 44.320000
1392.500000 87.642319 0.000000 44.410000
1394.125000 87.844658 0.000000 44.514999
1396.000000 87.844658 0.000000 44.630001
1396.875000 87.844658 0.000000 44.715000
1398.250000 87.844658 0.000000 44.825001
1399.625000 88.045860 0.000000 44.924999
1400.875000 88.045860 0.000000 45.014999
1401.875000 88.045860 0.000000 45.125000
1402.750000 88.045860 0.000000 45.209999
1405.125000 88.045860 0.000000 45.325001
1407.125000 88.045860 0.000000 45.415001
1408.375000 88.045860 0.000000 45.520000
1408.750000 88.045860 0.000000 45.625000
1409.125000 88.045860 0.000000 45.724998
1410.375000 88.045860 0.000000 45.825001
1410.875000 88.045860 0.000000 45.919998
1412.250000 88.045860 0.000000 46.025002
1413.500000 88.045860 0.000000 46.110001
1413.875000 88.045860 0.000000 46.224998
1414.875000 88.045860 0.000000 46.325001
1415.125000 88.045860 0.000000 46.415001
1415.500000 88.045860 0.000000 46.520000
1415.875000 88.045860 0.000000 46.610001
1416.375000 88.045860 0.000000 46.720001
1417.250000 88.045860 0.000000 46.825001
1418.000000 88.045860 0.000000 46.915001
1418.375000 88.045860 0.000000 47.025002
1419.125000 88.045860 0.000000 47.115002
1420.375000 88.045860 0.000000 47.224998
1420.750000 88.045860 0.000000 47.314999
1421.125000 88.045860 0.000000 47.424999
1421.250000 88.045860 0.000000 47.509998
1422.125000 88.045860 0.000000 47.615002
1423.125000 88.045860 0.000000 47.730000
1423.250000 88.045860 0.000000 47.825001
1424.875000 88.045860 0.000000 47.930000
1426.000000 88.045860 0.000000 48.020000
1426.500000 88.045860 0.000000 48.125000
1427.125000 88.045860 0.000000 48.215000
1427.875000 88.045860 0.000000 48.320000
1429.625000 88.045860 0.000000 48.419998
1430.625000 88.045860 0.000000 48.525002
1430.750000 88.045860 0.000000 48.619999
1431.625000 88.045860 0.000000 48.715000
1432.250000 88.045860 0.000000 48.820000
1432.375000 88.045860 0.000000 48.924999
1432.500000 88.045860 0.000000 49.014999
1433.250000 88.045860 0.000000 49.125000
1433.500000 88.045860 0.000000 49.209999
1433.500000 88.045860 0.000000 49.325001
1434.000000 88.045860 0.000000 49.419998
1434.625000 88.045860 0.000000 49.509998
1434.875000 88.045860 0.000000 49.625000
1435.500000 88.045860 0.000000 49.709999
1435.875000 88.045860 0.000000 49.825001
1436.500000 88.045860 0.000000 49.910000
1437.125000 88.045860 0.000000 50.020000
1437.125000 88.045860 0.000000 50.125000
1437.625000 88.045860 0.000000 50.215000
1437.625000 88.045860 0.000000 50.325001
1438.250000 88.045860 0.000000 50.415001
1438.750000 88.045860 0.000000 50.525002
1438.875000 88.045860 0.000000 50.630001
1439.000000 88.045860 0.000000 50.720001
1439.750000 88.045860 0.000000 50.820000
1439.875000 88.045860 0.000000 50.915001
1440.000000 88.045860 0.000000 51.025002
1440.875000 88.045860 0.000000 51.125000
1441.250000 88.045860 0.000000 51.215000
1442.000000 88.045860 0.000000 51.320000
1442.125000 88.045860 0.000000 51.430000
1442.250000 88.045860 0.000000 51.525002
1442.875000 88.045860 0.000000 51.630001
1442.875000 88.045860 0.000000 51.715000
1443.375000 88.045860 0.000000 51.830002
1444.000000 88.045860 0.000000 51.924999
1444.000000 88.045860 0.000000 52.009998
1444.625000 88.045860 0.000000 52.125000
1444.750000 88.045860 0.000000 52.215000
1445.000000 88.045860 0.000000 52.325001
1445.125000 88.045860 0.000000 52.410000
1445.500000 88.045860 0.000000 52.514999
1446.125000 88.045860 0.000000 52.625000
1446.375000 88.045860 0.000000 52.720001
1446.375000 88.045860 0.000000 52.825001
1446.625000 88.045860 0.000000 52.915001
1447.000000 88.045860 0.000000 53.025002
1447.125000 88.045860 0.000000 53.110001
1447.125000 88.045860 0.000000 53.209999
1447.250000 88.045860 0.000000 53.314999
1447.250000 88.045860 0.000000 53.424999
1447.250000 88.045860 0.000000 53.525002
1447.250000 88.045860 0.000000 53.625000
1447.250000 88.045860 0.000000 53.715000
1447.250000 88.045860 0.000000 53.825001
1447.250000 88.045860 0.000000 53.910000
1447.250000 88.045860 0.000000 54.025002
1447.375000 88.045860 0.000000 54.105000
1447.375000 88.045860 0.000000 54.220001
1447.625000 88.045860 0.000000 54.310001
1447.625000 88.045860 0.000000 54.424999
1447.625000 88.045860 0.000000 54.529999
1447.625000 88.045860 0.000000 54.615002
1447.625000 88.045860 0.000000 54.724998
1447.750000 88.045860 0.000000 54.830002
1447.875000 88.045860 0.000000 54.915001
1447.875000 88.045860 0.000000 55.025002
1448.000000 88.045860 0.000000 55.125000
1448.000000 88.045860 0.000000 55.215000
1448.000000 88.045860 0.000000 55.320000
1448.000000 88.045860 0.000000 55.404999
1448.000000 88.045860 0.000000 55.525002
1448.000000 88.045860 0.000000 55.630001
1448.000000 88.045860 0.000000 55.715000
1448.000000 88.045860 0.000000 55.825001
1448.000000 88.045860 0.000000 55.915001
1448.000000 88.045860 0.000000 56.025002
1448.000000 88.045860 0.000000 56.125000
1448.000000 88.045860 0.000000 56.209999
1448.000000 88.045860 0.000000 56.325001
1448.000000 88.045860 0.000000 56.415001
1448.000000 88.045860 0.000000 56.525002
1448.000000 88.045860 0.000000 56.610001
1448.000000 88.045860 0.000000 56.720001
1448.000000 88.045860 0.000000 56.825001
1448.000000 88.045860 0.000000 56.919998
1448.000000 88.045860 0.000000 57.009998
1448.000000 88.045860 0.000000 57.119999
1448.000000 88.045860 0.000000 57.220001
1448.000000 88.045860 0.000000 57.325001
1448.000000 88.045860 0.000000 57.430000
1448.000000 88.045860 0.000000 57.514999
1448.000000 88.045860 0.000000 57.625000
1448.000000 88.045860 0.000000 57.709999
1448.000000 88.045860 0.000000 57.825001
1448.000000 88.045860 0.000000 57.915001
1448.000000 88.045860 0.000000 58.020000
1448.000000 88.045860 0.000000 58.130001
1448.000000 88.045860 0.000000 58.215000
1448.000000 88.045860 0.000000 58.330002
1448.000000 88.045860 0.000000 58.424999
1448.000000 88.045860 0.000000 58.509998
1448.000000 88.045860 0.000000 58.625000
1448.000000 88.045860 0.000000 58.730000
1448.000000 88.045860 0.000000 58.825001
1448.000000 88.045860 0.000000 58.915001
1448.000000 88.045860 0.000000 59.020000
1448.000000 88.045860 0.000000 59.110001
1449.000000 88.045860 0.000000 59.220001
1449.125000 88.045860 0.000000 59.314999
1449.125000 88.045860 0.000000 59.415001
1449.375000 88.045860 0.000000 59.509998
1449.500000 88.045860 0.000000 59.615002
1449.500000 88.045860 0.000000 59.715000
1449.500000 88.045860 0.000000 59.814999
1449.625000 88.045860 0.000000 59.910000
1449.625000 88.045860 0.000000 60.009998
1449.625000 88.045860 0.000000 60.115002
1449.625000 88.045860 0.000000 60.215000
1449.625000 88.045860 0.000000 60.314999
1449.625000 88.045860 0.000000 60.415001
1449.625000 88.045860 0.000000 60.509998
1449.625000 88.045860 0.000000 60.610001
1449.625000 88.045860 0.000000 60.709999
1449.625000 88.045860 0.000000 60.810001
1449.625000 88.045860 0.000000 60.915001
1449.625000 88.045860 0.000000 61.014999
1449.750000 88.045860 0.000000 61.110001
1449.750000 88.045860 0.000000 61.220001
1449.750000 88.045860 0.000000 61.310001
1449.750000 88.045860 0.000000 61.415001
1449.750000 88.045860 0.000000 61.520000
1449.750000 88.045860 0.000000 61.619999
1449.750000 88.045860 0.000000 61.715000
1449.750000 88.045860 0.000000 61.820000
1449.750000 88.045860 0.000000 61.915001
1449.750000 88.045860 0.000000 62.029999
1449.750000 88.045860 0.000000 62.115002
1449.750000 88.045860 0.000000 62.224998
1449.750000 88.045860 0.000000 62.320000
1449.750000 88.045860 0.000000 62.424999
1449.750000 88.045860 0.000000 62.509998
1449.750000 88.045860 0.000000 62.630001
1449.750000 88.045860 0.000000 62.724998
1449.750000 88.045860 0.000000 62.814999
1449.750000 88.045860 0.000000 62.924999
1449.750000 88.045860 0.000000 63.009998
1449.750000 88.045860 0.000000 63.125000
1449.750000 88.045860 0.000000 63.224998
1449.750000 88.045860 0.000000 63.325001
1449.750000 88.045860 0.000000 63.415001
1449.750000 88.045860 0.000000 63.514999
1449.750000 88.045860 0.000000 63.619999
1449.750000 88.045860 0.000000 63.709999
1449.750000 88.045860 0.000000 63.825001
1449.750000 88.045860 0.000000 63.915001
1449.750000 88.045860 0.000000 64.019997
1449.750000 88.045860 0.000000 64.125000
1449.750000 88.045860 0.000000 64.230003
1449.750000 88.045860 0.000000 64.315002
1449.750000 88.045860 0.000000 64.425003
1449.750000 88.045860 0.000000 64.510002
1449.750000 88.045860 0.000000 64.625000
1449.750000 88.045860 0.000000 64.724998
1449.750000 88.045860 0.000000 64.820000
1449.750000 88.045860 0.000000 64.930000
1449.750000 88.045860 0.000000 65.014999
1449.750000 88.045860 0.000000 65.125000
1449.750000 88.045860 0.000000 65.230003
1449.750000 88.045860 0.000000 65.315002
1449.750000 88.045860 0.000000 65.419998
1449.750000 88.045860 0.000000 65.525002
1449.750000 88.045860 0.000000 65.610001
1449.750000 88.045860 0.000000 65.714996
1449.750000 88.045860 0.000000 65.824997
1449.750000 88.045860 0.000000 65.930000
1449.750000 88.045860 0.000000 66.014999
1449.750000 88.045860 0.000000 66.129997
1449.750000 88.045860 0.000000 66.209999
1449.750000 88.045860 0.000000 66.315002
1449.750000 88.045860 0.000000 66.425003
1449.750000 88.045860 0.000000 66.510002
