-12.784849 4.011548 1.000000 0.001121 0.273933 0.062561 0.000000
-12.579086 4.026044 1.000000 -0.035843 0.159331 0.177865 0.160000
-12.363918 4.049118 1.016240 -0.004936 0.021386 0.284652 0.305000
-12.146070 4.076505 1.036665 -0.032384 0.013814 0.355299 0.450000
-11.922791 4.112967 1.041456 -0.070170 0.024149 0.431378 0.600000
-11.710476 4.162415 1.040982 -0.038735 0.024872 0.449022 0.745000
-11.507114 4.219993 1.040615 -0.038183 0.020505 0.427618 0.885000
-11.312447 4.283135 1.040330 -0.038471 0.016932 0.412236 1.020000
-11.120111 4.353091 1.040179 -0.018015 -0.085171 0.352179 1.155000
-10.931276 4.426710 1.040179 0.024629 -0.254634 0.195100 1.305000
-10.745948 4.506279 1.040179 0.059402 -0.156652 -0.035284 1.525000
-10.567366 4.598576 1.040179 0.045762 -0.031547 -0.532703 2.000000
-10.539935 4.395903 1.040179 0.022368 0.319389 -1.795355 3.615000
-10.586778 4.193181 1.040179 -0.060589 0.214374 -1.836092 3.755000
-10.633739 3.959053 1.040179 -0.072250 0.110464 -1.821293 3.890000
-10.666769 3.753142 1.040179 -0.035282 0.066888 -1.811958 4.000000
-10.696360 3.550579 1.040179 0.000112 0.043763 -1.804939 4.105000
-10.727137 3.345498 1.040179 0.026003 0.034652 -1.799240 4.210000
-10.761447 3.139590 1.040179 0.037728 0.027431 -1.794677 4.315000
-10.800226 2.933784 1.040179 0.035604 0.023992 -1.791040 4.420000
-10.843144 2.728403 1.040179 0.025983 0.020906 -1.788108 4.525000
-10.895790 2.494200 1.040179 0.008041 0.020577 -1.785466 4.645000
-10.943215 2.289398 1.040179 -0.005325 0.019548 -1.783644 4.750000
-10.988198 2.094251 1.040179 -0.014047 0.019390 -1.782244 4.850000
-11.032152 1.898870 1.040179 -0.018189 0.014272 -1.781107 4.950000
-11.076550 1.694523 1.040179 -0.017135 -0.039530 -1.780145 5.055000
-11.118285 1.495590 1.040179 -0.014481 0.007619 -1.779381 5.160000
-11.156434 1.297815 1.040179 -0.050502 0.046676 -1.710729 5.265000
-11.190181 1.096595 1.040179 -0.057580 0.043067 -1.676954 5.370000
-11.223708 0.872943 1.040179 -0.003701 0.034438 -1.676757 5.485000
-11.253855 0.666987 1.040179 -0.004442 0.027957 -1.680124 5.590000
-11.286522 0.440333 1.040179 -0.012455 0.024224 -1.683050 5.705000
-11.315227 0.232749 1.040179 -0.016341 0.021768 -1.685184 5.810000
-11.342992 0.024876 1.040179 0.052863 0.019015 -1.746881 5.915000
-11.375829 -0.181812 1.040179 0.077807 -0.003311 -1.849446 6.020000
-11.415748 -0.383494 1.040179 0.023971 -0.031998 -1.887309 6.125000
-11.460850 -0.590005 1.040179 0.047022 0.044110 -1.918888 6.235000
-11.516391 -0.816358 1.040179 0.024082 0.045598 -1.908071 6.355000
-11.571424 -1.015434 1.040179 0.113748 0.038828 -1.991886 6.460000
-11.636157 -1.212791 1.040179 0.036464 0.032240 -1.982259 6.565000
-11.731091 -1.463618 1.040179 0.112237 0.029582 -2.093596 6.700000
-11.818028 -1.653181 1.040179 0.110806 0.030618 -2.178397 6.805000
-11.914541 -1.838154 1.040179 0.024005 0.026997 -2.174177 6.910000
-12.015222 -2.021771 1.040179 0.081390 0.026347 -2.207027 7.015000
-12.123591 -2.201051 1.040179 0.117825 0.027672 -2.292840 7.120000
-12.242731 -2.372750 1.059639 0.120638 0.031115 -2.375364 7.225000
-12.366145 -2.528422 1.093528 0.115814 0.033037 -2.447604 7.325000
-12.498630 -2.676143 1.126745 0.118718 0.035100 -2.519592 7.425000
-12.639850 -2.815249 1.159535 0.124679 0.037328 -2.591425 7.525000
-12.788749 -2.943928 1.212395 0.162817 -0.083060 -2.723499 7.625000
-12.965473 -3.074257 1.283178 0.189731 -0.084314 -2.896065 7.745000
-13.136246 -3.175027 1.347006 0.158257 -0.016964 -2.992758 7.865000
-13.313709 -3.253196 1.407946 0.177500 0.025484 -3.114778 7.990000
-13.501345 -3.305714 1.455708 0.158367 0.043652 3.040141 8.120000
-13.706536 -3.333296 1.485512 0.119358 0.043611 2.939215 8.260000
-13.905817 -3.336954 1.515565 0.100820 0.042816 2.842709 8.395000
-14.104565 -3.320023 1.545854 0.114380 0.041643 2.710012 8.530000
-14.306990 -3.280171 1.565920 0.076801 0.040229 2.617494 8.670000
-14.506008 -3.222464 1.573424 0.089076 0.040060 2.557719 8.810000
-14.693217 -3.149662 1.571068 0.099143 0.037587 2.496664 8.945000
-14.892401 -3.047387 1.568966 0.137509 0.034748 2.365719 9.095000
-15.057431 -2.933503 1.567454 0.136183 0.038177 2.203977 9.230000
-15.207185 -2.801286 1.536106 0.119035 0.038658 2.085972 9.365000
-15.341111 -2.653656 1.501985 0.128518 0.043867 1.938420 9.500000
-15.467447 -2.472965 1.498632 0.124504 0.048204 1.788496 9.650000
-15.568550 -2.277730 1.500208 0.110052 0.049947 1.653910 9.800000
-15.642123 -2.085462 1.501381 0.087793 0.045703 1.605081 9.940000
-15.700066 -1.878527 1.502353 0.104082 0.042610 1.543029 10.085000
-15.734874 -1.680521 1.504381 0.069384 0.034919 1.514024 10.220000
-15.756065 -1.479117 1.540815 0.051543 0.025583 1.531576 10.355000
-15.768120 -1.268065 1.566825 0.043438 0.018329 1.545348 10.495000
-15.771914 -1.063528 1.581829 0.027889 0.014408 1.555342 10.630000
-15.770819 -0.858615 1.580850 0.010039 0.013184 1.562831 10.765000
-15.769586 -0.653949 1.580078 -0.042561 0.168640 1.621812 10.895000
-15.773605 -0.453667 1.579512 0.000147 0.126604 1.621676 11.010000
-15.779045 -0.248909 1.580755 -0.056155 0.081696 1.662803 11.120000
-15.788333 -0.046771 1.616709 -0.007126 0.053796 1.656941 11.225000
-15.799117 0.158943 1.651550 -0.002118 0.037305 1.652249 11.330000
-15.809947 0.356619 1.684845 -0.003440 0.029666 1.648630 11.430000
-15.823085 0.585016 1.721857 -0.004198 0.024500 1.645272 11.545000
-15.835742 0.794036 1.727075 -0.003403 0.023256 1.642830 11.650000
-15.849570 1.013304 1.725559 -0.001649 0.021627 1.640806 11.760000
-15.863111 1.222724 1.724328 0.000072 0.020382 1.639256 11.865000
-15.876775 1.432181 1.723288 0.001863 0.020909 1.638017 11.970000
-15.890322 1.640795 1.722403 0.002623 -0.034612 1.637019 12.075000
-15.904536 1.863737 1.721587 0.043737 0.022983 1.609747 12.190000
-15.912835 2.076563 1.720930 0.091141 0.042745 1.501246 12.300000
-15.910715 2.281498 1.720396 0.089540 0.041553 1.412378 12.405000
-15.898334 2.487183 1.719947 0.091862 0.038524 1.326417 12.510000
-15.875371 2.692415 1.719564 0.096853 0.038058 1.249991 12.615000
-15.840949 2.896098 1.719236 0.110155 0.040422 1.172499 12.720000
-15.794227 3.097309 1.718961 0.103392 0.041772 1.120497 12.825000
-15.727862 3.324697 1.718694 0.064471 0.037410 1.132315 12.945000
-15.661320 3.521755 1.718498 0.071494 -0.012020 1.140384 13.050000
-15.582072 3.729623 1.718398 0.040539 -0.156068 1.086761 13.165000
-15.499870 3.934739 1.718398 0.055521 -0.315103 0.950621 13.295000
-15.427959 4.121655 1.718398 0.081806 -0.226309 0.783065 13.455000
-15.362807 4.311405 1.718398 0.081761 -0.106904 0.510785 13.715000
-15.314432 4.505507 1.718398 0.023209 0.000935 -0.279874 14.470000
-15.297044 4.285037 1.718398 0.001131 0.199158 -1.594069 16.094999
-15.291056 4.081285 1.727344 -0.020190 0.082205 -1.664538 16.250000
-15.282816 3.858958 1.727104 0.013461 0.040980 -1.741092 16.405001
-15.279471 3.629852 1.738445 0.022794 0.030858 -1.789243 16.559999
-15.282750 3.427716 1.771653 0.032067 0.025847 -1.774098 16.695000
-15.291194 3.224109 1.792148 0.074936 0.018399 -1.739851 16.830000
-15.311653 3.021279 1.790029 0.093077 0.020197 -1.817723 16.965000
-15.346931 2.819248 1.790838 0.060307 0.142952 -1.838282 17.100000
-15.390609 2.617023 1.811947 -0.044336 0.154928 -1.806401 17.225000
-15.430691 2.402798 1.827937 -0.056037 0.094937 -1.708784 17.344999
-15.460320 2.195436 1.825478 -0.079093 0.060947 -1.623621 17.455000
-15.481303 1.982492 1.823416 -0.050540 0.043625 -1.544792 17.565001
-15.498620 1.737123 1.821446 -0.007615 0.034044 -1.551649 17.690001
-15.511779 1.529308 1.820063 -0.025091 0.029037 -1.556176 17.795000
-15.522144 1.320571 1.818890 -0.038752 0.025589 -1.559797 17.900000
-15.528374 1.111290 1.817890 -0.040867 0.023533 -1.562719 18.004999
-15.530356 0.902660 1.817272 -0.021291 -0.071446 -1.533014 18.110001
-15.530293 0.697232 1.817272 -0.032269 -0.287512 -1.417819 18.219999
-15.532122 0.480895 1.817272 -0.068535 -0.282316 -1.265971 18.365000
-15.540047 0.280962 1.817272 -0.085163 -0.164027 -1.056525 18.565001
-15.559971 0.080521 1.817272 -0.061219 -0.041486 -0.642869 18.959999
-15.409088 0.212170 1.825311 0.015164 0.304463 0.961418 21.145000
-15.291402 0.380730 1.837351 0.014622 0.191010 0.977680 21.275000
-15.171632 0.550505 1.844261 0.002324 0.106549 0.985698 21.389999
-15.045001 0.730300 1.873760 -0.013061 0.058367 1.055903 21.504999
-14.929290 0.900375 1.872351 -0.053482 0.038219 1.129115 21.610001
-14.815874 1.074336 1.871122 -0.063070 0.031427 1.166210 21.715000
-14.708113 1.252523 1.870080 -0.111561 0.033567 1.250514 21.820000
-14.611370 1.436412 1.869201 -0.138401 0.039535 1.331775 21.924999
-14.528545 1.626214 1.868445 -0.152574 0.044183 1.410443 22.030001
-14.456450 1.839674 1.867756 -0.188459 -0.061860 1.548806 22.145000
-14.409498 2.036449 1.867200 -0.200572 -0.088753 1.682219 22.254999
-14.383032 2.235236 1.866692 -0.157950 -0.027641 1.755979 22.375000
-14.378771 2.439334 1.866236 -0.134292 0.006624 1.812658 22.504999
-14.397276 2.644628 1.865851 -0.106517 0.019119 1.872649 22.639999
-14.440037 2.867493 1.865509 -0.079313 0.021152 1.947495 22.790001
-14.493917 3.064188 1.865262 -0.063256 0.019932 2.012607 22.924999
-14.559305 3.257389 1.865062 -0.053014 0.018289 2.075719 23.059999
-14.633002 3.447738 1.844575 0.039090 0.013064 1.992646 23.195000
-14.701757 3.640490 1.825305 0.072276 0.011279 1.800249 23.330000
-14.763283 3.835402 1.826739 -0.029926 0.010185 1.798302 23.465000
-14.825954 4.030070 1.827904 0.018152 0.014013 1.731183 23.600000
-14.890512 4.240253 1.828908 0.018187 0.014921 1.740570 23.745001
-14.947515 4.437235 1.829667 0.036244 0.015291 1.747277 23.879999
-14.997414 4.636075 1.830282 0.090484 0.014252 1.675552 24.014999
-15.035352 4.837020 1.830776 0.065938 0.015282 1.656342 24.150000
-15.063011 5.054603 1.831208 0.055036 0.016998 1.577489 24.295000
-15.078330 5.255434 1.831519 0.014391 0.173601 1.586189 24.424999
-15.090310 5.461548 1.831757 0.013165 0.136414 1.592514 24.545000
-15.100013 5.665484 1.831937 0.011668 0.084141 1.597030 24.655001
-15.108672 5.867579 1.832084 -0.055668 0.050806 1.654423 24.760000
-15.123025 6.072636 1.832210 -0.085626 0.037375 1.758185 24.865000
-15.147223 6.277868 1.832316 -0.094697 0.034501 1.853544 24.969999
-15.183575 6.491628 1.832410 -0.073894 0.035553 1.913585 25.080000
-15.231585 6.712009 1.832492 -0.096485 -0.113550 2.015642 25.195000
-15.283759 6.910116 1.832562 -0.145734 -0.270209 2.189773 25.309999
-15.347227 7.109408 1.832635 -0.162267 -0.159946 2.342414 25.459999
-15.431761 7.293102 1.832708 -0.115183 -0.059366 2.439758 25.655001
-15.553449 7.459885 1.846147 -0.027704 -0.028216 2.404731 25.905001
-15.685989 7.606327 1.880616 0.027362 0.098359 2.227129 26.174999
-15.817298 7.770353 1.881757 0.000136 0.185552 2.086664 26.395000
-15.939878 7.938555 1.881335 0.009767 0.082954 1.951646 26.555000
-16.055395 8.108186 1.881036 0.042810 0.045728 1.811444 26.700001
-16.166914 8.294456 1.880789 0.096133 0.048221 1.664721 26.850000
-16.258097 8.491371 1.880593 0.132517 0.062926 1.517574 27.000000
-16.315464 8.684255 1.880446 0.160017 0.073275 1.375842 27.139999
-16.339582 8.882895 1.880328 0.172398 0.077189 1.228398 27.280001
-16.327272 9.089831 1.880231 0.147866 0.070714 1.107540 27.424999
-16.282701 9.286630 1.880156 0.151169 0.063714 0.959681 27.565001
-16.207531 9.475067 1.880096 0.131856 0.057230 0.818097 27.705000
-16.106558 9.652369 1.880048 0.126929 0.052169 0.673645 27.844999
-15.964151 9.837890 1.880003 0.085988 0.047133 0.550125 28.004999
-15.821905 9.987681 1.879972 0.103521 0.041807 0.486447 28.145000
-15.652941 10.131841 1.879945 0.113847 0.043247 0.366006 28.295000
-15.468104 10.256070 1.879924 0.085865 0.038292 0.305921 28.445000
-15.271268 10.363672 1.879908 0.084577 0.031775 0.249173 28.594999
-15.065023 10.454343 1.879895 0.084048 0.027980 0.179559 28.745001
-14.873176 10.521006 1.879885 0.083228 0.026424 0.113251 28.879999
-14.676886 10.573444 1.879878 0.076791 0.024668 0.051222 29.014999
-14.477407 10.612540 1.888831 0.062618 0.023265 0.005127 29.150000
-14.275753 10.639763 1.888610 0.076202 0.023440 -0.064090 29.285000
-14.073003 10.653679 1.888438 0.066526 0.186320 -0.099294 29.415001
-13.836775 10.658733 1.888293 0.009269 0.120839 -0.083555 29.549999
-13.620582 10.659773 1.888190 0.019601 0.073842 -0.073016 29.665001
-13.377670 10.657233 1.888098 0.025935 0.045663 -0.064131 29.790001
-13.170581 10.651761 1.888033 0.023063 0.032985 -0.058257 29.895000
-12.952260 10.643249 1.887975 0.013708 0.026933 -0.053354 30.004999
-12.743251 10.633475 1.887928 0.004897 0.014759 -0.049606 30.110001
-12.534370 10.623158 1.887889 -0.003824 0.021857 -0.046624 30.215000
-12.325316 10.613183 1.887855 -0.009331 0.022852 -0.044226 30.320000
-12.115987 10.604104 1.887827 -0.011229 0.021992 -0.042292 30.424999
-11.906433 10.596113 1.887803 -0.010001 0.021485 -0.040757 30.530001
-11.696736 10.589096 1.887782 -0.007224 0.020979 -0.039504 30.635000
-11.466968 10.582161 1.887763 -0.003028 0.020700 -0.038430 30.750000
-11.247200 10.577719 1.887748 -0.083916 0.018776 0.058297 30.860001
-11.038003 10.580579 1.887736 -0.015944 0.004864 0.076055 30.965000
-10.831538 10.585796 1.887726 -0.013013 -0.060166 0.072857 31.070000
-10.592741 10.593560 1.887724 0.003152 -0.289943 -0.047995 31.200001
-10.370789 10.604838 1.887724 0.050831 -0.272031 -0.210315 31.355000
-10.170703 10.622271 1.887724 0.073740 -0.154557 -0.435470 31.570000
-9.972645 10.652376 1.887724 0.050960 -0.031780 -0.906723 32.020000
-10.078793 10.481786 1.887724 -0.062718 0.324319 -2.467128 33.779999
-10.219589 10.334439 1.887724 -0.034328 0.210444 -2.464878 33.910000
-10.363030 10.182852 1.887724 0.054606 0.108998 -2.420640 34.025002
-10.506479 10.041559 1.887724 0.137147 0.056822 -2.434095 34.130001
-10.678229 9.895886 1.887724 0.128344 0.029019 -2.445658 34.244999
-10.853641 9.766840 1.887724 0.081863 0.021217 -2.454475 34.355000
-11.043900 9.638905 1.887724 0.033360 0.019625 -2.461823 34.470001
-11.211584 9.529543 1.887724 -0.010778 0.020471 -2.466872 34.570000
-11.378756 9.418689 1.887724 -0.037282 0.019887 -2.470989 34.669998
-11.543784 9.304370 1.887724 -0.048867 0.018700 -2.474302 34.770000
-11.705750 9.185601 1.887724 -0.106981 0.017030 -2.426439 34.869999
-11.861255 9.059122 1.887724 -0.116274 0.008188 -2.338891 34.970001
-12.035749 8.898479 1.887724 -0.091853 -0.056281 -2.241169 35.090000
-12.186576 8.746318 1.887724 -0.064844 -0.254022 -2.126096 35.205002
-12.330900 8.598794 1.887724 -0.084582 -0.290318 -1.984733 35.340000
-12.474955 8.458716 1.887724 -0.096519 -0.174125 -1.785778 35.529999
-12.628793 8.323877 1.887724 -0.070579 -0.049995 -1.408781 35.889999
-12.488608 8.469619 1.887724 0.057253 0.294955 0.811907 38.325001
-12.331931 8.594407 1.887724 0.034133 0.173705 0.776462 38.445000
-12.171581 8.721107 1.887724 -0.036827 0.090893 0.713053 38.555000
-12.016057 8.852316 1.887724 -0.149063 0.037209 0.722988 38.660000
-11.868545 8.996794 1.887724 -0.135249 0.020509 0.737776 38.764999
-11.730019 9.152241 1.887724 -0.082455 0.016249 0.749549 38.869999
-11.578074 9.337322 1.887724 -0.015580 0.019757 0.760192 38.990002
-11.439309 9.508537 1.887724 0.035744 0.022718 0.767853 39.099998
-11.304036 9.666683 1.887724 0.158154 -0.121032 0.614013 39.205002
-11.163008 9.809700 1.887724 0.198673 -0.101615 0.440250 39.314999
-10.990761 9.951262 1.887724 0.144953 -0.020843 0.378430 39.450001
-10.820707 10.061986 1.887724 0.129147 0.009356 0.316652 39.580002
-10.637212 10.155536 1.887724 0.109878 0.020256 0.252364 39.715000
-10.447312 10.231380 1.887724 0.046080 0.018878 0.230683 39.849998
-10.225058 10.308249 1.887724 0.022411 0.014058 0.250666 40.005001
-10.029696 10.371347 1.887724 0.015945 0.012578 0.263516 40.139999
-9.832872 10.430357 1.887724 0.058912 0.033208 0.197087 40.275002
-9.632535 10.479358 1.887724 0.061740 0.174082 0.124970 40.404999
-9.434410 10.517170 1.887724 0.046581 0.126627 0.053513 40.520000
-9.203644 10.556511 1.887724 -0.029337 0.069829 0.069937 40.645000
-8.984235 10.596580 1.887724 -0.004789 0.046760 0.081974 40.759998
-8.780713 10.634136 1.887724 0.019331 0.035243 0.090716 40.865002
-8.575284 10.669808 1.887724 0.036395 0.029088 0.097688 40.970001
-8.368505 10.701880 1.887724 0.039927 0.020663 0.103302 41.075001
-8.141203 10.731166 1.887724 0.115307 0.021153 0.025846 41.189999
-7.923308 10.746251 1.887724 0.125331 0.027353 -0.078345 41.299999
-7.715355 10.747804 1.887724 0.091869 0.032408 -0.131860 41.404999
-7.507445 10.739396 1.887724 0.034189 0.028660 -0.174022 41.509998
-7.299315 10.726442 1.887724 -0.007450 0.025611 -0.156818 41.615002
-7.090585 10.713593 1.887724 -0.004553 0.022666 -0.142842 41.720001
-6.881544 10.700736 1.887724 0.006557 0.022306 -0.131644 41.825001
-6.672405 10.686865 1.887724 0.013808 0.013722 -0.122606 41.930000
-6.445427 10.669897 1.887724 0.016386 -0.052139 -0.114763 42.044998
-6.225552 10.650964 1.887724 0.088111 -0.088435 -0.209664 42.160000
-6.012361 10.622017 1.887724 0.160351 -0.086253 -0.442043 42.279999
-5.813947 10.575158 1.887724 0.172589 -0.016690 -0.612882 42.404999
-5.620825 10.501838 1.887724 0.163627 0.029868 -0.763767 42.540001
-5.427774 10.391635 1.887724 0.149344 0.049737 -0.920327 42.689999
-5.266801 10.263711 1.887724 0.130699 0.050931 -1.051624 42.830002
-5.105254 10.093240 1.887724 0.105672 0.047307 -1.194489 42.990002
-4.965202 9.904694 1.887724 0.084438 -0.095838 -1.296155 43.150002
-4.852411 9.736789 1.887724 0.097506 -0.219624 -1.463712 43.310001
-4.729592 9.564004 1.887724 0.089999 -0.102202 -1.741226 43.575001
-4.600018 9.411137 1.887724 0.027674 0.000681 -2.468984 44.270000
-4.791877 9.477339 1.887724 -0.001614 0.319886 2.711282 45.849998
-4.976909 9.559689 1.887724 -0.002256 0.241587 2.715766 45.990002
-5.167770 9.644922 1.887724 -0.004341 0.135096 2.718653 46.110001
-5.356517 9.729077 1.887724 -0.006711 0.074402 2.720717 46.220001
-5.543077 9.811275 1.887724 -0.075477 0.045602 2.780769 46.325001
-5.734478 9.889723 1.887724 -0.023608 0.033825 2.796603 46.430000
-5.928437 9.966301 1.887724 -0.019670 0.027078 2.797181 46.535000
-6.152021 10.052067 1.887724 -0.025575 0.021639 2.797691 46.654999
-6.348970 10.124953 1.887724 -0.025181 0.020011 2.798043 46.759998
-6.537462 10.192476 1.887724 -0.020459 0.019308 2.798321 46.860001
-6.726612 10.258584 1.887724 -0.013553 0.018222 2.798543 46.959999
-6.916080 10.323851 1.887724 -0.006204 0.006592 2.798726 47.060001
-7.113375 10.392546 1.887724 0.073558 0.007802 2.724063 47.165001
-7.304189 10.462024 1.887724 -0.094361 -0.134886 2.941655 47.270000
-7.514719 10.529112 1.887724 -0.100148 -0.082249 3.071099 47.395000
-7.711990 10.579527 1.887724 -0.089477 -0.026042 3.119642 47.520000
-7.933948 10.620107 1.887724 -0.100598 0.007103 -3.084112 47.665001
-8.138384 10.639344 1.887724 -0.098239 0.019745 -3.010325 47.799999
-8.364557 10.640504 1.887724 -0.089724 0.023726 -2.939228 47.950001
-8.566987 10.624511 1.887724 -0.053734 0.022627 -2.888063 48.084999
-8.768711 10.597125 1.887724 -0.068735 0.020655 -2.864446 48.220001
-8.969158 10.558169 1.898769 -0.081887 0.098421 -2.807625 48.355000
-9.163525 10.504828 1.901850 -0.082409 0.172309 -2.733191 48.480000
-9.357045 10.438248 1.902098 0.013051 0.113373 -2.721528 48.595001
-9.552987 10.369528 1.902297 0.024451 0.068843 -2.735278 48.705002
-9.746220 10.303392 1.902459 0.013424 0.045767 -2.745887 48.810001
-9.942547 10.236732 1.902595 -0.001449 0.033156 -2.754302 48.915001
-10.140111 10.168807 1.902712 -0.010009 0.025665 -2.761075 49.020000
-10.337801 10.099131 1.902810 -0.013231 0.008828 -2.766557 49.125000
-10.531049 10.027172 1.902894 -0.103793 -0.127699 -2.603965 49.230000
-10.722910 9.945743 1.902972 -0.093231 -0.099338 -2.529998 49.345001
-10.902853 9.858020 1.903039 -0.091543 -0.042799 -2.463852 49.465000
-11.088829 9.752813 1.903100 -0.043310 -0.008236 -2.451313 49.599998
-11.259876 9.646766 1.903148 -0.031366 0.003310 -2.469952 49.730000
-11.433006 9.532606 1.903190 -0.026531 0.007016 -2.484616 49.865002
-11.602838 9.414736 1.903224 -0.016534 0.008480 -2.495603 50.000000
-11.789236 9.280920 1.903254 -0.005485 0.007763 -2.504723 50.150002
-11.984818 9.142804 1.903278 0.066514 0.156234 -2.610194 50.305000
-12.157280 9.035328 1.903294 0.077166 0.144886 -2.708215 50.424999
-12.333806 8.938438 1.903306 0.050740 0.094780 -2.783739 50.535000
-12.529209 8.837580 1.903316 -0.021758 0.055904 -2.764644 50.650002
-12.737468 8.727910 1.903324 -0.005283 0.036137 -2.749028 50.770000
-12.948089 8.616246 1.903332 0.016731 0.027131 -2.736922 50.889999
-13.143126 8.514936 1.903337 0.028421 0.023514 -2.728180 51.000000
-13.322074 8.424959 1.903342 0.030824 0.006130 -2.721804 51.099998
-13.509513 8.331634 1.890811 -0.055354 0.013989 -2.615464 51.205002
-13.684900 8.238066 1.864362 -0.074261 0.021306 -2.517075 51.305000
-13.864606 8.132544 1.865504 -0.088993 0.026491 -2.425008 51.410000
-14.038458 8.018288 1.866488 -0.106863 0.032097 -2.339420 51.514999
-14.204517 7.894038 1.867326 -0.148129 -0.033811 -2.223030 51.619999
-14.361474 7.758761 1.868072 -0.177470 -0.108300 -2.091816 51.730000
-14.504268 7.611746 1.868750 -0.154743 -0.041947 -1.988801 51.849998
-14.645333 7.430213 1.869422 -0.113430 0.004094 -1.944478 51.994999
-14.752509 7.261290 1.869873 -0.067736 -0.008650 -1.953961 52.125000
-14.852705 7.086100 1.869873 -0.060882 -0.241876 -1.807362 52.264999
-14.954222 6.911994 1.869873 -0.080289 -0.180182 -1.608397 52.455002
-15.064957 6.742131 1.869873 -0.066774 -0.058640 -1.241866 52.805000
-15.192123 6.580778 1.869873 -0.051913 0.276806 -2.120673 56.570000
-15.272032 6.396607 1.869873 -0.018872 0.313335 -1.931234 56.820000
-15.345112 6.205583 1.869873 0.039950 0.246114 -1.880473 56.965000
-15.418195 6.012610 1.869873 -0.002993 0.138466 -1.838734 57.084999
-15.488514 5.820165 1.869873 -0.007607 0.081823 -1.820322 57.195000
-15.556332 5.629038 1.869873 -0.002603 0.052025 -1.837089 57.299999
-15.625248 5.434406 1.869873 -0.080836 0.032866 -1.818845 57.404999
-15.689116 5.236663 1.869873 -0.067905 0.031141 -1.807679 57.509998
-15.746300 5.035980 1.869873 -0.062327 0.026709 -1.807546 57.615002
-15.797725 4.837394 1.869873 -0.004428 -0.183291 -1.896553 57.720001
-15.847218 4.637855 1.869873 0.043807 -0.320582 -2.022209 57.840000
-15.892273 4.439902 1.869873 0.076383 -0.236014 -2.189750 58.000000
-15.931113 4.238309 1.869873 0.060425 -0.116993 -2.163572 58.264999
-15.980832 4.044211 1.869873 -0.010179 -0.020033 -1.357246 59.035000
-15.783546 3.996819 1.869873 -0.021593 0.320557 -0.007776 60.735001
-15.576344 3.995541 1.869873 -0.003863 0.249579 0.058586 60.884998
-15.371861 3.997361 1.869873 0.051732 0.138238 0.106431 61.005001
-15.168409 3.995658 1.869873 0.061040 0.079157 0.094140 61.115002
-14.966936 3.991208 1.869873 -0.068696 0.057446 0.174110 61.220001
-14.762678 3.994793 1.869873 -0.108401 0.050596 0.254667 61.325001
-14.529068 4.014711 1.869873 -0.089405 0.048394 0.315286 61.445000
-14.324895 4.044183 1.869873 -0.108593 0.044413 0.334052 61.549999
-14.121543 4.084442 1.869873 -0.065255 0.037658 0.339128 61.654999
-13.899667 4.137952 1.869873 -0.053169 0.029642 0.326813 61.770000
-13.669231 4.201865 1.869873 -0.080395 0.023812 0.341976 61.889999
-13.460131 4.268740 1.869873 -0.030505 0.022252 0.353348 62.000000
-13.262196 4.338194 1.869873 -0.067788 -0.009398 0.402033 62.105000
-13.072263 4.411422 1.869873 -0.004661 -0.219398 0.292074 62.209999
-12.880216 4.489177 1.869873 0.047356 -0.316510 0.161170 62.334999
-12.693758 4.570477 1.869873 0.078452 -0.219518 -0.016859 62.505001
-12.510452 4.660964 1.869873 0.076654 -0.088628 -0.320556 62.794998
-12.341813 4.768557 1.869873 0.006661 0.004672 -1.540579 63.959999
-12.537658 4.665100 1.869873 0.012207 0.319306 -2.673423 65.470001
-12.722584 4.570850 1.869873 0.009226 0.245960 -2.747927 65.614998
-12.934323 4.468270 1.869873 0.008528 0.118043 -2.837742 65.750000
-13.121379 4.381286 1.869873 0.000749 0.069028 -2.891500 65.860001
-13.305946 4.296869 1.869873 -0.002611 0.050737 -2.880370 65.964996
-13.494230 4.211828 1.869873 0.044362 0.041474 -2.871468 66.070000
-13.685876 4.130568 1.869873 0.054444 -0.053078 -2.825260 66.175003
-13.878677 4.054072 1.869873 0.008102 -0.273078 -2.710075 66.285004
-14.067195 3.982698 1.869873 -0.037193 -0.307180 -2.573948 66.415001
-14.256427 3.916689 1.869873 -0.069853 -0.192238 -2.380228 66.599998
-14.449087 3.859538 1.869873 -0.064876 -0.067872 -2.029438 66.934998
-14.247298 3.833773 1.869873 -0.014526 0.287491 0.079329 69.425003
-14.014259 3.841119 1.869873 -0.007440 0.148717 0.127810 69.565002
-13.783562 3.849701 1.869873 0.038949 0.078677 0.152973 69.690002
-13.581772 3.855118 1.869873 0.028152 0.051653 0.138489 69.794998
-13.376084 3.858593 1.869873 -0.021070 0.040838 0.135544 69.900002
-13.168543 3.864965 1.869873 -0.078407 0.035228 0.169090 70.004997
-12.960899 3.880084 1.869873 -0.073444 0.031786 0.225100 70.110001
-12.764043 3.904252 1.837433 -0.104785 0.033601 0.293009 70.209999
-12.568893 3.938971 1.804096 -0.106435 0.034063 0.365645 70.309998
-12.375465 3.982494 1.771680 -0.024080 0.029586 0.355579 70.410004
-12.182185 4.029600 1.739057 -0.021954 0.027424 0.343394 70.510002
-11.989867 4.081791 1.707596 -0.064346 0.025951 0.397237 70.610001
-11.799419 4.140638 1.675713 -0.038798 0.025775 0.388458 70.709999
-11.609965 4.203834 1.644099 -0.034555 0.022915 0.381296 70.809998
-11.421477 4.270736 1.612850 -0.028415 0.017215 0.375482 70.910004
-11.235003 4.340159 1.581561 -0.016592 -0.041909 0.370758 71.010002
-11.045508 4.412803 1.552573 0.005396 -0.010373 0.356207 71.114998
-10.854151 4.483410 1.592886 0.121135 -0.115387 0.140198 71.224998
-10.650958 4.543969 1.632715 0.166110 -0.049198 -0.054684 71.349998
-10.450937 4.580245 1.668572 0.168014 0.013475 -0.213471 71.480003
-10.249513 4.587989 1.703300 0.164625 0.043831 -0.367196 71.614998
-10.053194 4.565673 1.735822 0.149866 0.055026 -0.506307 71.750000
-9.835560 4.505717 1.772243 0.128249 0.054556 -0.654181 71.904999
-9.629039 4.413561 1.808911 0.125035 0.051616 -0.813508 72.059998
-9.455508 4.305474 1.812532 0.128867 0.053257 -0.954127 72.199997
-9.292153 4.170606 1.811482 0.125465 0.053101 -1.093021 72.345001
-9.143619 4.009324 1.810611 0.127065 0.053854 -1.238021 72.495003
-9.014807 3.822855 1.809904 0.101709 0.052163 -1.357925 72.650002
-8.910993 3.627708 1.809364 0.085247 0.044352 -1.398621 72.800003
-8.822302 3.414668 1.808924 0.096106 0.037266 -1.457693 72.955002
-8.760677 3.214570 1.808605 0.096843 0.033122 -1.520322 73.095001
-8.718151 3.016684 1.808359 0.011705 0.023238 -1.502250 73.230003
-8.678721 2.816827 1.808159 -0.009920 0.015016 -1.348387 73.364998
-8.634229 2.617568 1.807997 -0.044859 0.010249 -1.170901 73.500000
-8.577221 2.407456 1.807857 -0.061972 0.015761 -0.996611 73.644997
-8.513371 2.217252 1.807752 -0.089558 0.030083 -0.869710 73.779999
-8.432193 2.027048 1.807665 -0.089983 0.043379 -0.817778 73.919998
-8.328279 1.839488 1.807592 -0.130478 0.048076 -0.713377 74.065002
-8.204990 1.672894 1.807534 -0.090823 0.042157 -0.670304 74.205002
-8.070423 1.522099 1.807490 -0.062195 0.028271 -0.685770 74.339996
-7.903693 1.357046 1.807449 -0.050029 0.016260 -0.698999 74.495003
-7.752540 1.217973 1.807421 0.003454 0.009247 -0.795059 74.629997
-7.595452 1.073699 1.807398 -0.002939 0.009610 -0.797312 74.769997
-7.443739 0.934423 1.807379 0.015794 0.010157 -0.798958 74.904999
-7.276036 0.775020 1.807362 0.082924 0.153205 -0.836265 75.055000
-7.136568 0.627666 1.807351 0.030153 0.146835 -0.861969 75.175003
-7.003277 0.475851 1.807343 0.064714 0.090711 -0.942125 75.285004
-6.877356 0.319215 1.807337 0.084062 0.058104 -1.032692 75.389999
-6.756327 0.153999 1.807332 0.029489 0.042473 -1.072600 75.495003
-6.637448 -0.015802 1.807327 0.025683 0.034174 -1.068443 75.599998
-6.520235 -0.188816 1.807323 0.047705 0.028060 -1.065063 75.705002
-6.406754 -0.365437 1.807320 0.058518 0.023211 -1.062376 75.809998
-6.303195 -0.537002 1.807318 0.055627 0.019611 -1.060286 75.910004
-6.203822 -0.711288 1.807315 0.041780 0.010091 -1.058608 76.010002
-6.102631 -0.894222 1.807313 -0.041191 -0.053825 -0.979681 76.114998
-6.002439 -1.072948 1.807310 0.079840 0.022175 -1.054269 76.220001
-5.908643 -1.255008 1.823130 0.113168 -0.069482 -1.222534 76.324997
-5.815346 -1.465612 1.844747 0.105846 -0.106589 -1.388079 76.449997
-5.746063 -1.654476 1.851731 0.139655 -0.040847 -1.532507 76.570000
-5.693436 -1.851711 1.852188 0.125524 0.006039 -1.601996 76.699997
-5.659808 -2.047288 1.883541 0.071090 0.018693 -1.594039 76.830002
-5.637623 -2.258697 1.905749 0.094758 0.018456 -1.616146 76.970001
-5.630430 -2.463186 1.933578 0.012665 0.014818 -1.584955 77.105003
-5.627766 -2.668012 1.948251 0.059458 0.011410 -1.583084 77.239998
-5.637328 -2.902562 1.946547 0.099518 0.015008 -1.771866 77.394997
-5.663845 -3.104066 1.945362 0.079929 0.018278 -1.935727 77.529999
-5.704735 -3.301715 1.944402 0.070582 0.021980 -2.078793 77.665001
-5.759137 -3.494454 1.943618 0.089471 0.030456 -2.222926 77.800003
-5.839214 -3.699661 1.942924 0.122603 0.048637 -2.379059 77.949997
-5.947025 -3.899226 1.942352 0.056848 0.048671 -2.411008 78.105003
-6.064042 -4.069401 1.941946 0.130562 0.050152 -2.543327 78.245003
-6.217763 -4.239414 1.941587 0.125126 0.044307 -2.619873 78.400002
-6.368005 -4.373497 1.941337 0.048040 0.031931 -2.611422 78.535004
-6.551225 -4.518655 1.941109 0.086780 0.020463 -2.673813 78.690002
-6.719531 -4.633864 1.940949 0.051920 0.019634 -2.666104 78.824997
-6.893839 -4.741429 1.920950 0.079203 0.014728 -2.696070 78.959999
-7.080773 -4.842791 1.906382 0.044244 0.014131 -2.719524 79.099998
-7.265421 -4.932420 1.906873 0.109194 0.011098 -2.823671 79.235001
-7.476522 -5.016141 1.907309 0.061059 0.016288 -2.919812 79.385002
-7.670275 -5.080142 1.907626 0.056886 0.018018 -2.994490 79.519997
-7.866795 -5.134386 1.907880 0.058226 0.019250 -3.064656 79.654999
-8.087831 -5.182549 1.908109 0.064980 0.021568 -3.137724 79.805000
-8.311130 -5.219360 1.908290 0.019938 0.019592 -3.122951 79.955002
-8.528802 -5.247826 1.908429 0.069505 0.019886 3.101452 80.099998
-8.732544 -5.262596 1.908534 0.023705 0.017224 3.080883 80.235001
-8.936703 -5.272124 1.908616 -0.004837 0.175118 3.099393 80.364998
-9.137337 -5.279908 1.908676 0.005818 0.129182 3.112105 80.480003
-9.342704 -5.286170 1.908723 0.012112 0.080440 3.121687 80.589996
-9.545567 -5.290668 1.908762 0.012114 0.051312 3.128947 80.695000
-9.761783 -5.293954 1.908797 0.007921 0.036443 3.135083 80.805000
-9.969994 -5.296207 1.908825 0.003323 0.028414 3.139737 80.910004
-10.179079 -5.297958 1.908849 0.048645 0.024602 3.110143 81.014999
-10.388474 -5.295954 1.908869 0.006776 0.022086 3.086459 81.120003
-10.598003 -5.292570 1.908886 -0.005427 0.021697 3.091428 81.224998
-10.807407 -5.289487 1.908895 0.003761 -0.058195 3.135884 81.330002
-11.015402 -5.285919 1.908895 -0.019893 -0.277151 -3.032117 81.440002
-11.236274 -5.279409 1.908895 -0.062907 -0.290829 -2.880282 81.584999
-11.436622 -5.267257 1.908895 -0.083440 -0.173247 -2.676091 81.779999
-11.639035 -5.243359 1.908895 -0.063087 -0.046960 -2.278180 82.160004
-11.555350 -5.429626 1.896116 0.009410 0.147192 -0.495282 84.220001
-11.406214 -5.564240 1.896339 0.054781 0.080820 -0.428554 84.375000
-11.254922 -5.703968 1.896505 -0.024452 0.062455 -0.440335 84.519997
-11.105883 -5.838153 1.913502 -0.015723 -0.031937 -0.610436 84.654999
-10.954682 -5.972153 1.913362 -0.038255 -0.223916 -0.611510 84.800003
-10.799367 -6.104292 1.913214 -0.029733 -0.198893 -0.612543 85.000000
-10.638388 -6.222988 1.913036 0.002150 -0.047776 -0.671207 85.470001
-10.557940 -6.409624 1.913036 0.005985 0.319138 -1.434759 86.605003
-10.529058 -6.609952 1.913036 -0.020419 0.288959 -1.427962 86.764999
-10.493286 -6.831285 1.913036 0.013517 0.160788 -1.436405 86.900002
-10.462024 -7.041191 1.913036 0.016169 0.091005 -1.492109 87.014999
-10.435235 -7.241416 1.913036 0.007516 0.056115 -1.492773 87.120003
-10.410593 -7.445733 1.913036 0.088043 0.038238 -1.577149 87.224998
-10.395263 -7.651988 1.913036 0.095469 0.035651 -1.663499 87.330002
-10.389252 -7.888901 1.913036 0.043698 0.033719 -1.654542 87.449997
-10.389997 -8.117214 1.913036 0.045708 0.028929 -1.647760 87.565002
-10.396012 -8.326280 1.913036 0.043234 0.024825 -1.642850 87.669998
-10.408808 -8.535237 1.913036 0.048246 0.023772 -1.684466 87.775002
-10.429217 -8.763784 1.913036 0.017098 0.021781 -1.678838 87.889999
-10.453028 -8.982031 1.913036 0.089208 0.020278 -1.769776 88.000000
-10.483389 -9.188682 1.913036 0.017883 -0.007213 -1.779135 88.105003
-10.516430 -9.389706 1.913036 0.034582 -0.182076 -1.880075 88.209999
-10.554147 -9.612390 1.913036 0.068828 -0.308397 -2.021438 88.345001
-10.584426 -9.813846 1.913036 0.089809 -0.214273 -2.199451 88.514999
-10.606013 -10.014690 1.913036 0.080732 -0.085723 -2.497884 88.800003
-10.606495 -10.214793 1.913036 0.007670 0.005087 2.612510 89.919998
-10.602697 -10.014514 1.913036 0.003387 0.241543 1.525246 91.315002
-10.597504 -9.785730 1.884971 -0.018405 0.090836 1.426304 91.495003
-10.593454 -9.572494 1.876740 0.008952 0.045490 1.354721 91.644997
-10.584991 -9.352054 1.875134 0.050707 0.034630 1.281103 91.794998
-10.568708 -9.151565 1.868484 0.030386 0.029474 1.286020 91.930000
-10.545201 -8.949749 1.846293 0.047173 0.024014 1.299684 92.065002
-10.512733 -8.748045 1.826086 0.020418 0.016321 1.342311 92.199997
-10.471487 -8.547523 1.827713 0.062081 0.014562 1.284547 92.334999
-10.420116 -8.347496 1.829051 0.008654 0.152840 1.295602 92.470001
-10.367810 -8.153685 1.830032 -0.006020 0.153195 1.303224 92.589996
-10.315812 -7.959921 1.830780 -0.013249 0.098111 1.308674 92.699997
-10.264908 -7.765958 1.831387 -0.016865 0.061740 1.312843 92.805000
-10.216273 -7.566667 1.831905 -0.096211 0.039978 1.411708 92.910004
-10.176743 -7.363573 1.832344 -0.098662 0.033144 1.507949 93.014999
-10.147727 -7.158260 1.832716 -0.095911 0.032723 1.596172 93.120003
-10.129455 -6.951773 1.833031 -0.103931 0.035116 1.681295 93.224998
-10.123015 -6.715351 1.833333 -0.112266 0.038956 1.771933 93.345001
-10.131922 -6.499131 1.833566 -0.125000 0.043168 1.850519 93.455002
-10.156443 -6.284424 1.833762 -0.133668 0.046279 1.926693 93.565002
-10.204763 -6.043841 1.833948 -0.140109 0.047606 2.014374 93.690002
-10.265864 -5.836654 1.834085 -0.140216 0.047165 2.092840 93.800003
-10.340097 -5.644066 1.834196 -0.138004 0.046334 2.165984 93.904999
-10.429180 -5.457548 1.834290 -0.135319 0.044903 2.241661 94.010002
-10.531845 -5.278346 1.834369 -0.087618 0.001294 2.290475 94.114998
-10.642450 -5.106256 1.834437 -0.128155 -0.070863 2.373059 94.220001
-10.778800 -4.922738 1.834504 -0.190235 -0.086106 2.570220 94.345001
-10.919619 -4.771872 1.834559 -0.193213 -0.014194 2.727785 94.470001
-11.075430 -4.645894 1.834606 -0.173514 0.029777 2.863438 94.599998
-11.269161 -4.534382 1.834650 -0.149480 0.047104 3.013693 94.750000
-11.482402 -4.452721 1.834686 -0.091714 0.045809 3.115459 94.904999
-11.675635 -4.401016 1.834712 -0.080430 0.039140 -3.125644 95.040001
-11.905807 -4.357947 1.834720 -0.075080 -0.182871 -2.992760 95.199997
-12.105752 -4.324810 1.834720 -0.090099 -0.200887 -2.809512 95.375000
-12.303218 -4.283891 1.834720 -0.078660 -0.078281 -2.500607 95.669998
-12.493549 -4.222211 1.834720 -0.002774 0.003881 -1.050265 97.055000
-12.295683 -4.270741 1.834720 -0.032724 0.319150 -0.210694 98.260002
-12.093329 -4.313005 1.834720 -0.004563 0.257873 -0.134633 98.410004
-11.892423 -4.351100 1.834720 -0.001565 0.140741 -0.057633 98.529999
-11.673722 -4.389572 1.834720 0.012205 0.076280 0.001839 98.650002
-11.455950 -4.427154 1.834720 -0.050421 0.054435 0.031900 98.764999
-11.214154 -4.463126 1.834720 -0.045438 0.045845 0.036027 98.889999
-10.998266 -4.488262 1.834720 -0.070402 0.038392 0.025852 99.000000
-10.790368 -4.504450 1.834720 -0.070662 0.012008 0.008231 99.105003
-10.586743 -4.513867 1.834720 -0.012452 -0.197992 -0.101729 99.209999
-10.384490 -4.520112 1.834720 0.039162 -0.319403 -0.227396 99.330002
-10.170729 -4.521543 1.834720 0.074520 -0.221705 -0.410661 99.504997
-9.964144 -4.513330 1.834720 0.075222 -0.091807 -0.714358 99.794998
-9.765997 -4.483498 1.834720 0.007119 0.004560 -1.913418 100.940002
-9.931650 -4.600086 1.872543 -0.005293 0.237766 -2.556137 101.959999
-10.094023 -4.709811 1.931082 0.016110 0.106998 -2.666764 102.114998
-10.267630 -4.818715 1.996641 0.058394 0.049665 -2.841621 102.260002
-10.440007 -4.913393 2.059489 0.034744 0.036526 -2.936361 102.394997
-10.618915 -5.001138 2.114771 0.071939 0.035760 -3.017232 102.529999
-10.804209 -5.076972 2.113042 0.057138 0.039222 -3.043641 102.665001
-10.995894 -5.138192 2.111596 0.127221 0.039644 -3.140074 102.800003
-11.192973 -5.179509 2.088970 0.101355 0.036291 3.113470 102.934998
-11.393886 -5.202985 2.085059 0.092284 0.029926 3.053695 103.070000
-11.596872 -5.212617 2.072664 0.028157 0.020238 3.072615 103.205002
-11.801092 -5.216475 2.072566 0.021321 0.016392 3.087130 103.339996
-12.005932 -5.216394 2.072489 0.015215 0.013889 3.098035 103.474998
-12.208152 -5.213562 2.072428 0.006513 0.172345 3.106010 103.605003
-12.414855 -5.209192 2.072382 0.000609 0.133920 3.111673 103.724998
-12.618875 -5.204590 2.072346 -0.004306 0.085366 3.115797 103.834999
-12.821134 -5.200480 2.052569 -0.043215 0.052366 -3.140810 103.940002
-13.046811 -5.199275 2.014636 -0.028062 0.036151 -3.126262 104.055000
-13.284540 -5.201620 1.993815 0.033682 0.028049 3.110311 104.175003
-13.533090 -5.199918 1.995212 0.061084 0.024336 3.001960 104.300003
-13.741650 -5.192611 1.996196 0.025205 -0.006997 2.961938 104.404999
-13.952894 -5.180649 1.997069 0.112687 -0.128304 2.807172 104.514999
-14.152734 -5.158519 1.997836 0.099276 -0.070115 2.722825 104.629997
-14.367269 -5.119762 1.998575 0.180793 -0.008426 2.629617 104.764999
-14.563019 -5.055683 1.999177 0.184136 0.029806 2.460841 104.900002
-14.742154 -4.964834 1.999665 0.068676 0.035490 2.428443 105.035004
-14.911548 -4.858285 1.999850 0.065799 -0.115672 2.446801 105.169998
-15.077236 -4.740217 1.999850 -0.003625 -0.239741 2.614342 105.330002
-15.241122 -4.612647 1.999850 -0.046001 -0.133782 2.881362 105.584999
-15.388479 -4.476614 1.999850 -0.028772 -0.012703 -2.721186 106.235001
-15.487144 -4.630580 1.891207 0.015332 0.328781 -1.888432 107.260002
-15.555650 -4.818285 1.860166 0.025748 0.257173 -1.855128 107.404999
-15.627014 -5.010089 1.859801 -0.008961 0.150623 -1.834297 107.525002
-15.703981 -5.239248 1.821417 -0.151057 0.079952 -1.700314 107.654999
-15.750445 -5.434664 1.811466 -0.170915 0.064304 -1.597051 107.760002
-15.779239 -5.635631 1.814002 -0.096575 0.054988 -1.559453 107.864998
-15.795077 -5.840229 1.816155 -0.116528 0.046301 -1.511423 107.970001
-15.798302 -6.076566 1.818227 -0.046465 0.035832 -1.484962 108.089996
-15.794105 -6.294620 1.819815 -0.018646 0.028636 -1.495716 108.199997
-15.787696 -6.503549 1.821096 -0.011039 0.024776 -1.503895 108.305000
-15.779925 -6.712862 1.822191 -0.006102 0.022062 -1.510511 108.410004
-15.771399 -6.922337 1.823116 -0.000529 0.021086 -1.515784 108.514999
-15.762303 -7.141866 1.823939 0.003741 0.020930 -1.520209 108.625000
-15.753535 -7.361475 1.824630 0.006169 0.020434 -1.523717 108.735001
-15.747729 -7.581083 1.825209 0.086376 0.019895 -1.626898 108.845001
-15.749884 -7.800324 1.825702 0.008914 0.022586 -1.640005 108.955002
-15.756127 -8.029177 1.826133 0.073064 -0.008855 -1.719246 109.070000
-15.769335 -8.234120 1.826467 0.084935 0.014481 -1.801627 109.175003
-15.788992 -8.456298 1.867095 -0.078155 0.034473 -1.656005 109.290001
-15.800758 -8.680885 1.906139 -0.068370 0.034595 -1.554455 109.404999
-15.803208 -8.887459 1.940962 -0.090524 0.011941 -1.442055 109.510002
-15.796019 -9.088693 1.974508 -0.099320 -0.129127 -1.295433 109.614998
-15.776610 -9.306617 2.009892 -0.151958 -0.069230 -1.167214 109.739998
-15.740870 -9.504016 2.042119 -0.158943 -0.004915 -1.064561 109.864998
-15.678403 -9.709513 2.071327 -0.103795 0.017276 -1.070866 110.004997
-15.600294 -9.899071 2.068699 -0.065833 -0.023586 -1.056534 110.139999
-15.507148 -10.095306 2.068699 -0.044799 -0.249798 -0.894214 110.294998
-15.422905 -10.278598 2.068699 -0.068045 -0.169410 -0.679532 110.500000
-15.349240 -10.465758 2.068699 -0.055372 -0.045188 -0.255404 110.904999
-15.311167 -10.264623 2.068699 0.002320 0.309560 1.566677 113.205002
-15.307065 -10.057474 2.055036 0.017258 0.181671 1.550085 113.334999
-15.305022 -9.840774 2.016765 -0.044639 0.103684 1.633236 113.455002
-15.309843 -9.612025 1.994821 -0.020632 0.062134 1.635377 113.574997
-15.320269 -9.367728 1.956596 -0.014320 0.039498 1.666118 113.699997
-15.330441 -9.160357 1.924229 -0.008181 0.027575 1.634427 113.805000
-15.337831 -8.962100 1.892642 0.051497 0.023948 1.560908 113.904999
-15.342932 -8.756310 1.860373 -0.069983 -0.127968 1.724626 114.010002
-15.353010 -8.556245 1.829967 -0.061066 -0.108924 1.730061 114.120003
-15.371776 -8.339037 1.820118 -0.058423 -0.051522 1.729506 114.250000
-15.398502 -8.134124 1.809828 -0.044325 -0.017687 1.729083 114.379997
-15.431764 -7.935345 1.811399 -0.025193 -0.001799 1.728759 114.510002
-15.470250 -7.731933 1.812715 -0.004228 0.006021 1.728505 114.644997
-15.515323 -7.499732 1.813932 0.010972 0.009882 1.728290 114.800003
-15.552884 -7.297560 1.824923 0.016522 0.031474 1.728151 114.934998
-15.587934 -7.093832 1.825161 0.017508 0.166598 1.728051 115.065002
-15.622313 -6.875650 1.840371 0.073048 0.116828 1.684280 115.190002
-15.645506 -6.670290 1.839437 0.095798 0.073396 1.563591 115.300003
-15.657258 -6.468136 1.838628 0.075063 0.052404 1.477957 115.404999
-15.660293 -6.263165 1.837939 0.078690 0.042220 1.395139 115.510002
-15.654374 -6.057201 1.837354 0.040228 0.037681 1.355433 115.614998
-15.640531 -5.850912 1.836858 0.062541 0.039080 1.306585 115.720001
-15.618803 -5.644560 1.836433 0.053802 0.036427 1.317697 115.824997
-15.588731 -5.428270 1.836060 0.066294 0.031689 1.326885 115.934998
-15.548428 -5.202912 1.835733 0.061050 0.002317 1.334453 116.050003
-15.500443 -4.982517 1.835457 0.111955 -0.113946 1.237423 116.165001
-15.438475 -4.764833 1.835209 0.154207 -0.096562 1.023762 116.290001
-15.363672 -4.573648 1.835004 0.153656 -0.027078 0.859671 116.415001
-15.265684 -4.389830 1.834824 0.145031 0.021049 0.708217 116.550003
-15.148606 -4.225090 1.834677 0.138310 0.038337 0.567613 116.684998
-15.007934 -4.073448 1.834554 0.127316 0.047158 0.434109 116.824997
-14.849770 -3.941716 1.834456 0.125384 0.049892 0.297390 116.964996
-14.676736 -3.831032 1.834376 0.126809 0.050834 0.165758 117.105003
-14.471395 -3.734068 1.834306 0.053663 0.044395 0.098008 117.260002
-14.270299 -3.657016 1.834254 0.047641 0.036070 0.130059 117.404999
-14.055487 -3.587086 1.834211 0.058555 0.023920 0.154310 117.555000
-13.843206 -3.530718 1.834178 0.049155 0.016441 0.171540 117.699997
-13.643050 -3.486575 1.834154 0.028497 0.013247 0.183451 117.834999
-13.441645 -3.447028 1.834134 0.010175 0.011610 0.192418 117.970001
-13.239829 -3.408794 1.834117 -0.004168 0.011799 0.199256 118.105003
-13.039372 -3.365781 1.803603 -0.099360 0.012011 0.377175 118.239998
-12.816998 -3.296344 1.764325 -0.096850 0.021085 0.580661 118.394997
-12.630425 -3.220085 1.730922 -0.074116 0.026978 0.671467 118.529999
-12.449110 -3.131855 1.698953 -0.056723 0.027537 0.721198 118.665001
-12.272876 -3.032491 1.683753 -0.075300 0.029383 0.779543 118.800003
-12.091762 -2.911544 1.648067 -0.086781 0.029579 0.845900 118.945000
-11.915771 -2.770252 1.612212 -0.086267 0.027426 0.913654 119.095001
-11.742712 -2.612139 1.647513 0.011172 0.015213 0.783048 119.250000
-11.573607 -2.458640 1.686219 0.008476 0.008529 0.672365 119.400002
-11.425170 -2.326649 1.719102 0.027896 0.117045 0.587134 119.529999
-11.253554 -2.184677 1.755054 0.051076 0.151011 0.500110 119.665001
-11.063822 -2.044568 1.758840 0.074214 0.098564 0.410605 119.794998
-10.888948 -1.930286 1.757147 0.097877 0.070559 0.334762 119.904999
-10.712476 -1.829553 1.755767 0.117337 0.059205 0.264072 120.010002
-10.528063 -1.740244 1.754603 0.141700 0.054736 0.190675 120.114998
-10.340947 -1.663901 1.754603 0.067081 -0.155264 0.300634 120.220001
-10.148662 -1.592396 1.754603 0.005383 -0.318061 0.426301 120.339996
-9.950486 -1.524410 1.754603 -0.045472 -0.243132 0.599094 120.504997
-9.757224 -1.466910 1.754603 -0.065411 -0.115827 0.871374 120.764999
-9.561044 -1.426849 1.754603 -0.023874 -0.002906 1.656796 121.514999
-9.739253 -1.521469 1.754603 -0.023638 0.319519 -2.697220 123.779999
-9.922362 -1.605789 1.754603 0.063850 0.243055 -2.683405 123.919998
-10.112822 -1.690311 1.754603 0.032928 0.130550 -2.641985 124.040001
-10.301571 -1.772998 1.754603 -0.045141 0.074345 -2.596999 124.150002
-10.502584 -1.867998 1.754603 -0.040903 0.051255 -2.543221 124.264999
-10.686244 -1.962015 1.754603 -0.034167 0.039806 -2.551115 124.370003
-10.869585 -2.061212 1.754603 -0.047727 0.030607 -2.557400 124.474998
-11.085538 -2.186510 1.754603 -0.047794 0.023171 -2.563287 124.599998
-11.255980 -2.291914 1.754603 -0.038021 0.019255 -2.567037 124.699997
-11.424645 -2.400748 1.754603 -0.020255 0.016981 -2.570039 124.800003
-11.592278 -2.511489 1.754603 -0.002415 0.016662 -2.572484 124.900002
-11.759713 -2.622619 1.754603 0.010404 -0.001978 -2.574482 125.000000
-11.933564 -2.737033 1.754603 0.011852 -0.113068 -2.607138 125.105003
-12.101400 -2.847118 1.754603 0.032135 -0.311315 -2.722328 125.214996
-12.278343 -2.966974 1.754603 0.070764 -0.266737 -2.879405 125.364998
-12.441811 -3.085604 1.754603 0.084430 -0.145696 -3.104549 125.580002
-12.598069 -3.212119 1.754603 0.054933 -0.031077 2.723112 126.014999
-12.449308 -3.066214 1.754603 0.058243 0.300272 0.736505 128.445007
-12.297344 -2.924770 1.754603 -0.018803 0.184792 0.728951 128.574997
-12.151544 -2.789272 1.776136 0.049520 0.106770 0.672431 128.684998
-12.001393 -2.657109 1.809412 0.067219 0.064531 0.587721 128.789993
-11.835924 -2.520306 1.815068 -0.007432 0.039730 0.581918 128.899994
-11.674616 -2.389530 1.814205 0.082765 0.033221 0.511568 129.005005
-11.508214 -2.263694 1.813475 0.080014 0.030188 0.480796 129.110001
-11.345440 -2.148705 1.844855 0.047904 0.027937 0.485625 129.210007
-11.179250 -2.037566 1.868080 0.054200 0.025019 0.493322 129.309998
-11.009827 -1.930523 1.867535 0.055529 0.021047 0.499590 129.410004
-10.837507 -1.827689 1.867042 0.046267 0.019061 0.504691 129.509995
-10.662955 -1.728341 1.866621 0.031116 0.017041 0.508817 129.610001
-10.487043 -1.631220 1.866259 0.014266 0.016908 0.512188 129.710007
-10.310629 -1.534913 1.865952 -0.000666 0.016093 0.514883 129.809998
-10.134529 -1.438064 1.865686 -0.061680 0.014127 0.555859 129.910004
-9.953936 -1.331495 1.865449 -0.059519 -0.033453 0.633426 130.014999
-9.782046 -1.222549 1.865247 -0.010593 -0.062663 0.620342 130.119995
-9.606566 -1.111675 1.865068 0.062731 0.049746 0.504678 130.229996
-9.407986 -0.995539 1.864906 0.064289 0.050131 0.398371 130.350006
-9.218921 -0.894623 1.864780 0.076159 0.042157 0.307374 130.460007
-9.033524 -0.804002 1.864678 0.010720 0.035110 0.300175 130.565002
-8.844947 -0.716707 1.864593 0.037795 0.033651 0.273715 130.669998
-8.625155 -0.624312 1.864510 0.085207 0.033204 0.215864 130.789993
-8.419662 -0.548784 1.864447 0.047419 0.029091 0.231119 130.899994
-8.221306 -0.481547 1.864396 0.044971 0.001430 0.242948 131.005005
-8.024356 -0.419367 1.864352 0.040168 -0.065232 0.252389 131.110001
-7.832023 -0.359608 1.864315 -0.055813 0.035947 0.370104 131.214996
-7.640510 -0.293528 1.864283 -0.069764 0.044885 0.469823 131.320007
-7.450096 -0.218673 1.864257 -0.092754 0.012059 0.573183 131.425003
-7.235865 -0.120101 1.864231 -0.126492 -0.108028 0.734399 131.550003
-7.055055 -0.021320 1.864209 -0.135603 -0.050358 0.809954 131.669998
-6.882431 0.094600 1.864190 -0.152422 -0.003386 0.883161 131.800003
-6.730718 0.224951 1.864174 -0.136211 0.017042 0.953205 131.929993
-6.590760 0.374682 1.864161 -0.061220 0.018564 0.955613 132.065002
-6.459528 0.532623 1.864151 -0.061202 0.015015 0.962843 132.199997
-6.335786 0.697052 1.864143 -0.055900 0.012127 1.020195 132.335007
-6.199343 0.899104 1.864135 -0.047812 0.031390 1.108950 132.494995
-6.092849 1.075916 1.864129 -0.051605 0.174120 1.180137 132.625000
-5.997400 1.253971 1.864127 -0.048224 0.119789 1.249040 132.740005
-5.903594 1.447201 1.864124 -0.061195 0.077525 1.324592 132.854996
-5.821954 1.632101 1.864121 -0.013289 0.053785 1.338068 132.960007
-5.741628 1.821543 1.864119 -0.031363 0.043305 1.324399 133.065002
-5.663915 2.014010 1.864118 -0.048727 -0.061238 1.265883 133.169998
-5.581489 2.230771 1.864118 -0.002924 -0.302335 1.134980 133.294998
-5.512248 2.424001 1.864118 0.045616 -0.284253 0.988367 133.434998
-5.447011 2.626711 1.864118 0.072535 -0.159084 0.757977 133.654999
-5.397130 2.823347 1.864118 0.052280 -0.035184 0.297196 134.095001
-5.290179 2.653080 1.864118 0.009045 0.172087 -1.378574 135.845001
-5.232459 2.461283 1.864118 0.031190 0.083927 -1.471443 135.994995
-5.179901 2.251967 1.864118 0.057830 0.046938 -1.554609 136.145004
-5.139887 2.034104 1.864118 0.059612 0.035376 -1.622870 136.294998
-5.115562 1.831061 1.864118 0.088420 0.178326 -1.645354 136.429993
-5.106617 1.621546 1.864118 0.037636 0.151728 -1.663937 136.554993
-5.106597 1.410964 1.864118 0.034128 0.094582 -1.655360 136.669998
-5.112797 1.171230 1.864118 0.035458 0.056396 -1.648062 136.794998
-5.122630 0.965557 1.864118 0.028036 0.038472 -1.643272 136.899994
-5.135673 0.758065 1.864118 0.015780 0.030183 -1.639412 137.005005
-5.150526 0.549640 1.864118 0.002548 0.024781 -1.636347 137.110001
-5.165756 0.340712 1.864118 -0.007622 0.022523 -1.633878 137.214996
-5.180294 0.131481 1.864118 -0.013348 0.021658 -1.631879 137.320007
-5.193543 -0.077977 1.864118 -0.014979 0.020497 -1.630277 137.425003
-5.206796 -0.317504 1.853468 -0.056560 0.018776 -1.596575 137.544998
-5.212296 -0.546900 1.828732 -0.097718 0.021508 -1.479791 137.660004
-5.206335 -0.755532 1.829350 -0.094526 0.025975 -1.387762 137.764999
-5.191589 -0.963336 1.810724 -0.079123 0.028794 -1.342693 137.869995
-5.162266 -1.209213 1.769446 -0.103676 0.032350 -1.242833 137.994995
-5.124922 -1.413125 1.744430 -0.062498 -0.014442 -1.243699 138.100006
-5.082196 -1.608673 1.744631 -0.041629 -0.224442 -1.185833 138.205002
-5.038545 -1.805971 1.744631 -0.070565 -0.307296 -1.054929 138.330002
-4.998924 -2.004192 1.744631 -0.090683 -0.200850 -0.871664 138.505005
-4.968246 -2.202517 1.744631 -0.078096 -0.076481 -0.557495 138.804993
-4.833294 -2.031404 1.744631 -0.086029 0.117519 1.381122 140.699997
-4.782262 -1.829594 1.744631 -0.112197 0.064781 1.535267 140.850006
-4.751436 -1.614071 1.744631 -0.080316 0.041837 1.568580 141.000000
-4.737466 -1.399626 1.744631 -0.027345 -0.059080 1.557068 141.145004
-4.728715 -1.184727 1.744631 0.058620 -0.110807 1.325299 141.300003
-4.710831 -0.983040 1.744631 0.080350 -0.083341 1.152046 141.470001
-4.670330 -0.764811 1.749561 0.069206 -0.054205 1.022510 141.695007
-4.610218 -0.575019 1.780915 0.043218 -0.039907 0.955011 141.940002
-4.523760 -0.392443 1.796651 0.028925 0.233778 0.846398 142.225006
-4.404679 -0.230452 1.785256 0.043238 0.158310 0.676265 142.419998
-4.265826 -0.077827 1.783207 0.051476 0.060999 0.464110 142.580002
-4.117632 0.060032 1.781690 0.076652 0.042495 0.273759 142.729996
-3.945201 0.191124 1.780421 0.106138 0.058179 0.141751 142.889999
-3.768619 0.290844 1.779484 0.143365 0.072163 0.007820 143.039993
-3.577416 0.358873 1.778748 0.161207 0.100120 -0.129288 143.190002
-3.372701 0.388587 1.782965 0.163217 0.090556 -0.328477 143.339996
-3.155740 0.377157 1.823732 0.128374 0.074219 -0.519863 143.494995
-2.961173 0.336242 1.880193 0.112408 0.067472 -0.640470 143.634995
-2.751610 0.261107 1.933231 0.128279 0.065366 -0.785513 143.789993
-2.572932 0.165974 1.966501 0.127405 0.061706 -0.911643 143.929993
-2.408219 0.046844 2.000058 0.138685 0.059166 -1.050525 144.070007
-2.261491 -0.094273 2.032966 0.124301 0.057036 -1.164135 144.210007
-2.134624 -0.254202 2.066416 0.148514 0.058457 -1.311320 144.350006
-2.023607 -0.450582 2.103063 0.139544 0.058433 -1.467138 144.505005
-1.946384 -0.655075 2.138068 0.103068 0.054168 -1.579879 144.654999
-1.894522 -0.869183 2.173304 0.082323 0.045656 -1.645989 144.804993
-1.865220 -1.067301 2.205755 0.084852 0.038896 -1.694530 144.940002
-1.851843 -1.290709 2.240758 0.080491 0.031155 -1.779232 145.089996
-1.858626 -1.491837 2.201845 0.114077 0.033782 -1.898896 145.225006
-1.885932 -1.690439 2.156177 0.088764 0.036427 -1.978509 145.360001
-1.934145 -1.892978 2.103302 0.102067 0.035340 -2.083200 145.500000
-2.006683 -2.095736 2.029570 0.124756 0.038314 -2.247717 145.645004
-2.092510 -2.267702 1.966693 0.111088 0.040012 -2.380003 145.774994
-2.195911 -2.429081 1.904436 0.131203 0.044636 -2.529342 145.904999
-2.335984 -2.598719 1.848131 0.106806 -0.012979 -2.643579 146.054993
-2.477323 -2.742604 1.848131 0.093805 -0.227384 -2.779707 146.205002
-2.617673 -2.886614 1.848131 0.094696 -0.143985 -3.004841 146.419998
-2.748752 -3.038164 1.848131 0.055339 -0.025150 2.812370 146.865005
-2.787863 -2.836228 1.848131 -0.002493 0.318012 1.478943 148.690002
-2.771675 -2.630684 1.848131 -0.002029 0.198454 1.483118 148.824997
-2.755629 -2.428391 1.848131 -0.002801 0.120504 1.485906 148.940002
-2.739377 -2.222149 1.848131 -0.003774 0.072381 1.488034 149.050003
-2.723609 -2.019113 1.848131 -0.004287 0.047152 1.489665 149.154999
-2.705653 -1.783365 1.848131 -0.004018 0.033465 1.491151 149.274994
-2.688627 -1.555556 1.848131 -0.003358 0.026191 1.492258 149.389999
-2.672502 -1.336864 1.848131 -0.002385 0.022960 1.493092 149.500000
-2.657184 -1.127778 1.848131 -0.001466 0.021812 1.493732 149.604996
-2.641852 -0.918510 1.848131 -0.000810 0.021588 1.494244 149.710007
-2.626448 -0.709159 1.848131 -0.000545 0.020211 1.494657 149.815002
-2.610950 -0.499825 1.848131 -0.000546 0.019417 1.494989 149.919998
-2.595362 -0.290535 1.848131 -0.000675 0.015509 1.495256 150.024994
-2.579765 -0.082183 1.851470 -0.000960 0.015306 1.495464 150.130005
-2.562682 0.145369 1.891384 -0.001336 0.025692 1.495650 150.244995
-2.545546 0.373557 1.929671 -0.001629 0.023930 1.495798 150.360001
-2.530635 0.572409 1.962745 -0.001705 0.022934 1.495897 150.464996
-2.515738 0.771504 1.994764 -0.001758 0.021335 1.495984 150.565002
-2.498634 1.000625 2.032035 -0.001650 0.020994 1.496061 150.679993
-2.483782 1.199944 2.063804 -0.001558 0.020557 1.496118 150.779999
-2.468939 1.399311 2.096034 -0.001408 0.020879 1.496156 150.880005
-2.451271 1.637397 2.125800 -0.031802 -0.041665 1.520745 151.000000
-2.439419 1.838821 2.124077 -0.066472 -0.098297 1.620233 151.104996
-2.432860 2.041774 2.123767 -0.048762 -0.287812 1.737503 151.220001
-2.424979 2.261185 2.123767 -0.077194 -0.251099 1.905044 151.380005
-2.410913 2.462098 2.123767 -0.084832 -0.132601 2.145885 151.610001
-2.382325 2.660961 2.123767 -0.043501 -0.014985 2.700866 152.139999
-2.429212 2.468669 2.093216 0.012606 0.191795 -1.783310 154.095001
-2.482973 2.276208 2.066655 -0.025760 0.089657 -1.744213 154.244995
-2.534970 2.057570 2.055802 -0.086140 0.038997 -1.671714 154.399994
-2.566601 1.859603 2.056820 -0.060292 0.028502 -1.600595 154.535004
-2.587154 1.658184 2.057649 -0.030907 0.021854 -1.606893 154.669998
-2.603029 1.438327 2.058343 -0.022758 0.176146 -1.611801 154.809998
-2.613684 1.236412 2.058812 -0.015680 0.126208 -1.614887 154.925003
-2.622685 1.030244 2.059184 -0.006067 0.075389 -1.617181 155.035004
-2.631683 0.828047 2.038491 0.069582 -0.064927 -1.742759 155.139999
-2.646779 0.628285 2.004736 0.098339 -0.181486 -1.896453 155.250000
-2.674303 0.393753 1.965597 0.059533 -0.104707 -1.868223 155.399994
-2.707262 0.180752 1.936492 0.011149 -0.113074 -1.794894 155.550003
-2.738677 -0.017509 1.936492 0.038246 -0.211736 -1.978142 155.725006
-2.762682 -0.216357 1.936492 0.057602 -0.101534 -2.281811 156.014999
-2.850579 -0.395357 1.918688 -0.000814 0.316481 2.925477 157.345001
-3.066209 -0.349831 1.919056 0.035193 0.172619 2.869670 157.565002
-3.261840 -0.297376 1.919245 0.015128 0.080914 2.796815 157.714996
-3.471518 -0.236924 1.919393 -0.030979 0.033718 2.776409 157.865005
-3.666240 -0.184223 1.919500 -0.016657 0.020974 2.788293 158.000000
-3.861455 -0.133333 1.919585 0.012082 0.025589 2.796906 158.130005
-4.082794 -0.072193 1.919663 0.054758 -0.175059 2.731057 158.279999
-4.275716 -0.011340 1.885206 0.058084 -0.160200 2.652134 158.440002
-4.471853 0.062431 1.858955 0.042791 -0.112153 2.586446 158.660004
-4.663269 0.148241 1.854522 0.011513 -0.051750 2.593856 158.970001
-4.839400 0.250755 1.849115 0.021938 0.295966 2.473716 159.324997
-4.996296 0.380565 1.847237 0.039305 0.162873 2.318093 159.514999
-5.145499 0.518043 1.846095 -0.001537 0.072963 2.228802 159.664993
-5.291371 0.658584 1.845247 0.031950 0.037379 2.126559 159.804993
-5.440749 0.812550 1.844544 0.079468 0.031022 2.021895 159.949997
-5.570556 0.965220 1.844012 0.072119 0.035545 1.949360 160.085007
-5.689229 1.127551 1.843582 0.096261 0.038570 1.893023 160.220001
-5.796506 1.307034 1.843225 0.108418 0.036997 1.827132 160.360001
-5.882200 1.489983 1.842946 0.105846 0.033774 1.763201 160.494995
-5.956977 1.702172 1.842698 0.092446 0.028563 1.691692 160.645004
-6.012064 1.920802 1.842501 0.062407 0.024517 1.626810 160.794998
-6.048571 2.120957 1.842359 0.037769 0.030350 1.598179 160.929993
-6.075781 2.323614 1.842248 0.053996 0.175420 1.566615 161.059998
-6.093003 2.523610 1.842166 0.082935 0.125843 1.523712 161.175003
-6.100620 2.746883 1.842095 0.032502 0.080451 1.492022 161.294998
-6.101665 2.958956 1.842041 0.054525 0.053365 1.480750 161.404999
-6.095975 3.164545 1.841997 0.053247 0.040299 1.428624 161.509995
-6.081268 3.371051 1.841959 0.106638 0.035773 1.343879 161.615005
-6.054992 3.576725 1.841927 0.055494 0.033532 1.295397 161.720001
-6.021254 3.781963 1.841901 0.031355 0.030293 1.304202 161.824997
-5.975471 4.026368 1.841874 0.037961 0.026489 1.312530 161.949997
-5.929957 4.240726 1.841854 0.035164 -0.015603 1.318269 162.059998
-5.880965 4.450331 1.841837 0.024306 0.009949 1.322805 162.169998
-5.824719 4.686447 1.841822 -0.088099 -0.013605 1.462221 162.294998
-5.784684 4.889579 1.841811 -0.092956 -0.116781 1.579363 162.404999
-5.753930 5.094646 1.841799 -0.096525 -0.068028 1.656672 162.524994
-5.734539 5.295485 1.820089 -0.061539 -0.020600 1.640932 162.649994
-5.723537 5.528942 1.821337 -0.052757 0.000672 1.626615 162.800003
-5.723905 5.758998 1.822323 -0.034274 0.007618 1.616189 162.949997
-5.731187 5.995186 1.823014 0.018455 -0.042202 1.529490 163.104996
-5.736886 6.204346 1.823014 0.041780 -0.248871 1.372420 163.255005
-5.746527 6.404625 1.823014 0.067971 -0.166349 1.157757 163.460007
-5.767622 6.603680 1.823014 0.054741 -0.043699 0.733668 163.865005
-5.682838 6.784925 1.827235 0.005908 0.292733 0.451387 165.190002
-5.477562 6.873672 1.827148 0.145672 0.161001 0.420546 165.399994
-5.280963 6.928719 1.827102 -0.020204 0.071482 0.391198 165.550003
-5.067854 6.998486 1.827064 -0.219709 0.047971 0.653295 165.705002
-4.893152 7.099040 1.845879 -0.154626 0.056874 0.846845 165.845001
-4.724737 7.237429 1.883519 -0.106026 0.047484 1.002177 165.994995
-4.570263 7.394695 1.888367 -0.043837 -0.214123 0.880372 166.149994
-4.435796 7.544833 1.888367 0.015191 -0.205978 0.686652 166.335007
-4.309645 7.700605 1.888367 0.045442 -0.087097 0.346333 166.660004
