-12.787374 3.970505 1.000000 0.005401 0.229905 -0.175045 0.000000
-12.589683 3.936599 1.000000 -0.000515 0.039984 -0.248283 0.165000
-12.387447 3.901704 1.023021 -0.117465 0.119574 -0.152756 0.315000
-12.183906 3.883606 1.058457 -0.099184 0.019868 0.044427 0.450000
-11.955926 3.883587 1.075686 -0.065168 0.011445 0.226953 0.600000
-11.723652 3.899428 1.074548 -0.066485 0.018040 0.391683 0.755000
-11.517703 3.927791 1.073736 -0.054543 0.030615 0.478873 0.895000
-11.314006 3.969020 1.073082 -0.073302 0.036813 0.521932 1.035000
-11.120395 4.023410 1.072572 -0.062177 0.036915 0.545269 1.170000
-10.929255 4.090855 1.080897 -0.028732 0.024916 0.494373 1.305000
-10.724590 4.170550 1.117547 -0.008546 0.012779 0.366423 1.450000
-10.513914 4.257560 1.121694 -0.039215 0.008840 0.354301 1.600000
-10.305721 4.350941 1.120785 0.039138 0.011522 0.293171 1.750000
-10.120766 4.430092 1.120153 0.019163 0.167388 0.280144 1.880000
-9.929820 4.503276 1.119673 0.049305 0.142408 0.223257 2.000000
-9.737439 4.565778 1.119305 0.098642 0.094471 0.155139 2.110000
-9.543754 4.618461 1.119007 0.025186 0.062194 0.153583 2.215000
-9.306538 4.678072 1.118709 0.024799 0.041073 0.164661 2.340000
-9.084723 4.730331 1.118484 0.031574 0.030031 0.172552 2.455000
-8.880387 4.775067 1.118309 0.030469 0.024562 0.178286 2.560000
-8.674966 4.817039 1.118161 0.022839 0.022453 0.182898 2.665000
-8.468876 4.857012 1.118034 0.013071 0.020878 0.186585 2.770000
-8.272295 4.894152 1.117932 0.003570 0.020252 0.189413 2.870000
-8.075657 4.931265 1.117844 -0.002841 0.019439 0.191715 2.970000
-7.870068 4.973479 1.117766 -0.093509 0.017245 0.304948 3.075000
-7.639761 5.033213 1.117691 -0.096006 -0.025768 0.415026 3.195000
-7.445795 5.095378 1.117636 -0.107069 0.035223 0.502681 3.300000
-7.256284 5.169016 1.117589 -0.110455 0.050483 0.580143 3.405000
-7.071028 5.255098 1.117550 -0.143649 -0.039711 0.703335 3.510000
-6.893137 5.354234 1.117514 -0.190256 -0.098927 0.886989 3.620000
-6.714997 5.478764 1.117479 -0.159175 -0.023219 0.984139 3.750000
-6.563017 5.614013 1.117451 -0.138240 0.014786 1.033090 3.880000
-6.425988 5.767858 1.117427 -0.121415 0.024001 1.091779 4.015000
-6.301748 5.939912 1.117407 -0.052422 0.019993 1.096868 4.155000
-6.175298 6.138767 1.117390 -0.073221 0.016543 1.137222 4.310000
-6.076091 6.318577 1.117377 -0.061844 0.014879 1.207785 4.445000
-5.976717 6.523698 1.117367 -0.010555 0.012707 1.239847 4.595000
-5.876278 6.740084 1.117358 0.004557 0.161680 1.223067 4.750000
-5.791535 6.925466 1.117352 -0.011033 0.147962 1.213259 4.870000
-5.697933 7.136997 1.117347 -0.022516 0.085283 1.205438 4.995000
-5.614511 7.332630 1.117344 -0.023156 0.051735 1.200038 5.105000
-5.535425 7.523914 1.117342 -0.018531 0.034842 1.195905 5.210000
-5.460788 7.708338 1.147777 -0.011690 0.025877 1.192755 5.310000
-5.386516 7.893852 1.215527 -0.004952 0.021415 1.190199 5.410000
-5.308451 8.089087 1.285027 0.000723 0.019583 1.188043 5.515000
-5.237370 8.265760 1.346840 0.003350 0.018518 1.186458 5.610000
-5.164419 8.441677 1.408813 -0.001439 0.015368 1.169672 5.705000
-5.084517 8.636086 1.444792 -0.086238 0.017936 1.278121 5.810000
-5.009465 8.842382 1.467288 -0.076216 0.022892 1.354899 5.920000
-4.934176 9.079655 1.492610 -0.012092 0.023482 1.381283 6.045000
-4.876196 9.270425 1.508344 -0.008371 -0.007230 1.367557 6.145000
-4.809592 9.491387 1.508344 -0.043709 -0.247230 1.472278 6.265000
-4.750811 9.683233 1.508344 -0.080070 -0.302815 1.603179 6.390000
-4.687325 9.873149 1.508344 -0.097120 -0.197414 1.786440 6.565000
-4.614275 10.060370 1.508344 -0.080880 -0.073106 2.105835 6.870000
-4.677615 10.250460 1.508344 -0.096422 0.276839 2.155817 7.235000
-4.821503 10.409940 1.528335 -0.024214 0.117408 2.324681 7.410000
-4.964460 10.558577 1.563238 0.012102 0.041334 2.477688 7.555000
-5.117297 10.718434 1.588632 -0.008349 0.012083 2.625901 7.705000
-5.268040 10.870779 1.586639 -0.075206 0.028544 2.775779 7.850000
-5.428570 11.009696 1.585054 -0.120083 0.051950 2.915470 7.995000
-5.603716 11.125364 1.583778 -0.155920 0.070733 3.058387 8.140000
-5.787361 11.207045 1.595396 -0.170032 0.078089 -3.085413 8.280000
-5.982270 11.255256 1.626511 -0.153948 0.073161 -2.958089 8.420000
-6.184291 11.274406 1.658800 -0.096660 0.057200 -2.921614 8.560000
-6.383280 11.273122 1.690249 -0.078597 0.041928 -2.881091 8.695000
-6.614202 11.254428 1.689820 -0.040710 0.027280 -2.902258 8.850000
-6.838895 11.225641 1.689493 -0.038996 0.018948 -2.917102 9.000000
-7.070743 11.186370 1.689224 -0.027058 0.014028 -2.928357 9.155000
-7.294394 11.141965 1.689021 -0.010926 0.011496 -2.936221 9.305000
-7.495811 11.099443 1.688872 0.002155 0.111330 -2.941496 9.440000
-7.696328 11.057271 1.703515 0.010875 0.163234 -2.945207 9.565000
-7.899672 11.015903 1.703585 0.015294 0.103476 -2.947834 9.680000
-8.104865 10.975785 1.703633 0.015627 0.065315 -2.949839 9.790000
-8.335120 10.932507 1.703676 0.012526 0.040678 -2.951555 9.910000
-8.539421 10.895218 1.703708 0.007970 0.030704 -2.952744 10.015000
-8.745067 10.858199 1.703734 0.003627 0.025387 -2.953696 10.120000
-8.941532 10.822896 1.722441 0.000790 0.022343 -2.954428 10.220000
-9.148048 10.785543 1.739894 -0.000949 0.021031 -2.955047 10.325000
-9.374320 10.744124 1.739126 -0.001327 0.020029 -2.955582 10.440000
-9.580900 10.705822 1.738534 -0.000486 0.019998 -2.955972 10.545000
-9.787448 10.667158 1.738031 0.000953 0.019396 -2.956285 10.650000
-9.984134 10.630140 1.737622 0.002327 0.019815 -2.956523 10.750000
-10.180824 10.593065 1.737271 0.003450 0.019673 -2.956719 10.850000
-10.387372 10.554195 1.736954 0.004207 0.019751 -2.956885 10.955000
-10.593942 10.516159 1.736685 0.068049 0.000846 -3.017922 11.060000
-10.798314 10.484571 1.736457 0.075174 -0.060689 -3.112242 11.165000
-11.006028 10.460546 1.736256 0.086196 0.041919 3.087984 11.275000
-11.215034 10.446858 1.736086 0.091288 0.060890 3.009822 11.385000
-11.437466 10.442125 1.735937 0.022779 0.050331 3.018754 11.500000
-11.653411 10.441803 1.735817 0.039771 0.039424 3.028462 11.610000
-11.890963 10.447432 1.735707 0.051344 0.031592 3.036891 11.730000
-12.129337 10.460558 1.735617 0.045859 0.025834 3.043473 11.850000
-12.338049 10.477520 1.735549 0.030929 0.022677 3.048020 11.955000
-12.546289 10.499959 1.735492 0.108220 0.013203 2.944934 12.060000
-12.751235 10.531481 1.735444 0.074604 -0.043522 2.899825 12.165000
-12.950017 10.568637 1.735403 -0.030925 0.033130 2.943652 12.270000
-13.149938 10.604209 1.735368 -0.046072 0.044661 3.032640 12.380000
-13.353019 10.635248 1.735338 -0.041874 0.036389 3.117536 12.485000
-13.577661 10.664326 1.735312 -0.031814 0.030979 -3.108907 12.600000
-13.793787 10.687499 1.751030 -0.024244 0.030592 -3.069042 12.710000
-14.020841 10.707797 1.757079 -0.022552 0.029803 -3.085442 12.825000
-14.268866 10.725949 1.755974 -0.046836 0.028350 -3.099401 12.950000
-14.497870 10.736853 1.755131 -0.000298 0.011611 3.122084 13.060000
-14.705314 10.744659 1.774872 -0.006611 -0.050597 3.073594 13.165000
-14.913811 10.750301 1.775998 -0.141456 -0.134769 -2.933577 13.275000
-15.118158 10.740417 1.777038 -0.243714 -0.044340 -2.622695 13.395000
-15.355337 10.686090 1.796641 -0.198773 0.047716 -2.448024 13.555000
-15.534816 10.604643 1.830675 -0.172577 0.063017 -2.312326 13.690000
-15.703380 10.490056 1.830356 -0.137606 0.057572 -2.185675 13.830000
-15.855009 10.351784 1.830096 -0.121730 0.048783 -2.045796 13.970000
-15.989452 10.195637 1.829889 -0.111100 0.043886 -1.914830 14.110000
-16.105726 10.026680 1.829794 -0.098773 -0.085616 -1.774305 14.250000
-16.210848 9.854252 1.829794 -0.103614 -0.214162 -1.606748 14.410000
-16.318764 9.685863 1.829794 -0.094531 -0.108066 -1.350177 14.655000
-16.440302 9.525165 1.829794 -0.033551 -0.001964 -0.690422 15.285000
-16.231636 9.585927 1.829794 0.002407 0.319038 0.404394 16.855000
-16.021671 9.672853 1.829794 0.002788 0.204318 0.400044 17.004999
-15.832390 9.751466 1.829794 0.004139 0.119928 0.397490 17.120001
-15.603709 9.846345 1.829794 0.006094 0.061939 0.395280 17.250000
-15.413408 9.924924 1.829794 0.047626 0.037528 0.366882 17.355000
-15.219881 10.001537 1.829794 0.016584 0.027941 0.350663 17.459999
-15.024530 10.076528 1.829794 0.072917 0.023103 0.301978 17.565001
-14.826705 10.145321 1.829794 0.044002 0.022583 0.242357 17.670000
-14.627237 10.209521 1.829794 0.009539 0.021706 0.250225 17.775000
-14.436705 10.269836 1.845970 0.012414 0.021428 0.256258 17.875000
-14.245647 10.329257 1.881080 0.018004 0.020380 0.261107 17.975000
-14.054022 10.387341 1.915205 0.019555 0.019517 0.265101 18.075001
-13.862151 10.443877 1.948385 0.009197 -0.006091 0.273408 18.174999
-13.662844 10.503877 1.970628 0.008581 -0.006497 0.296727 18.280001
-13.469156 10.561253 1.968262 0.084794 -0.132985 0.148956 18.385000
-13.272074 10.611162 1.966098 0.103772 -0.084608 0.058700 18.500000
-13.071104 10.649261 1.964133 0.105779 -0.029612 -0.022329 18.625000
-12.869391 10.671785 1.962449 0.097881 0.001521 -0.094761 18.754999
-12.647920 10.680716 1.960936 0.060154 0.012248 -0.103062 18.900000
-12.442762 10.679273 1.959805 0.029064 0.014753 -0.103250 19.035000
-12.237758 10.672037 1.958882 0.021611 0.013055 -0.092389 19.170000
-12.032681 10.660885 1.958142 0.012732 0.072907 -0.084328 19.305000
-11.831758 10.647408 1.957577 0.005172 0.164116 -0.078568 19.430000
-11.618496 10.631955 1.957131 -0.002069 0.111624 -0.074318 19.549999
-11.411210 10.617002 1.956787 -0.006652 0.070491 -0.071244 19.660000
-11.207571 10.602918 1.956510 -0.009401 0.046156 -0.068909 19.764999
-11.000988 10.589496 1.956273 -0.009947 0.033202 -0.067012 19.870001
-10.792910 10.576872 1.956074 -0.007914 0.026769 -0.065516 19.975000
-10.584044 10.564888 1.955903 -0.005129 0.023964 -0.064297 20.080000
-10.335059 10.551090 1.955734 -0.001554 0.015561 -0.063169 20.205000
-10.091161 10.534788 1.955594 0.118441 -0.130227 -0.270273 20.330000
-9.879324 10.508003 1.955483 0.136683 -0.082882 -0.437342 20.450001
-9.681004 10.465207 1.955387 0.141582 -0.014903 -0.562697 20.575001
-9.470290 10.393537 1.955298 0.128004 0.024237 -0.658465 20.719999
-9.287293 10.305612 1.955231 0.110004 0.032185 -0.720104 20.855000
-9.114555 10.199729 1.955175 0.097961 0.030187 -0.781873 20.990000
-8.934209 10.064100 1.955126 0.083642 0.025172 -0.854966 21.139999
-8.781743 9.929054 1.955091 0.011623 0.018527 -0.857819 21.275000
-8.631187 9.790093 1.955063 -0.018175 0.012420 -0.742819 21.410000
-8.466695 9.642691 1.955038 -0.013998 0.008498 -0.642122 21.555000
-8.312831 9.506047 1.955019 0.031786 0.058062 -0.644140 21.690001
-8.152202 9.358356 1.955004 0.013392 0.158822 -0.653774 21.825001
-7.986915 9.206402 1.954993 -0.018111 0.108076 -0.660650 21.950001
-7.830444 9.066958 1.954985 -0.034685 0.065626 -0.665392 22.059999
-7.674204 8.933191 1.954978 -0.037987 0.041591 -0.669012 22.165001
-7.513453 8.800475 1.940668 0.025667 0.025951 -0.715976 22.270000
-7.360977 8.671736 1.906260 0.070704 0.020384 -0.814883 22.370001
-7.205903 8.530928 1.871234 0.058224 0.021577 -0.892705 22.475000
-7.062071 8.392692 1.850583 0.063826 0.023346 -0.916230 22.575001
-6.916293 8.242415 1.852164 0.118296 0.028394 -1.004621 22.680000
-6.762255 8.060499 1.853671 0.136036 0.035155 -1.098408 22.799999
-6.635066 7.883703 1.854835 0.142507 0.039302 -1.179319 22.910000
-6.522573 7.697751 1.855810 0.146538 0.042025 -1.260320 23.020000
-6.417839 7.485462 1.856703 0.148753 0.044254 -1.348139 23.139999
-6.342210 7.292789 1.857360 0.105549 0.039432 -1.383399 23.245001
-6.275164 7.096236 1.857917 0.005872 0.028387 -1.278204 23.350000
-6.209146 6.898159 1.858394 0.042186 0.025774 -1.274574 23.455000
-6.146664 6.698206 1.858798 0.036488 0.021602 -1.271867 23.559999
-6.087187 6.496946 1.859142 -0.016731 0.018207 -1.245860 23.665001
-6.027973 6.306270 1.844513 -0.098340 0.018328 -1.133262 23.764999
-5.958220 6.109151 1.845780 -0.034331 0.025550 -1.137326 23.870001
-5.887550 5.922575 1.814743 -0.034410 0.023799 -1.140660 23.969999
-5.813060 5.737058 1.782807 -0.037680 0.022255 -1.143339 24.070000
-5.733054 5.547288 1.782807 -0.031271 -0.187745 -1.033379 24.174999
-5.648135 5.351501 1.782807 -0.023658 -0.321003 -1.153811 24.299999
-5.563784 5.169277 1.782807 0.025509 -0.242821 -1.321368 24.459999
-5.483466 4.985087 1.782807 0.109197 0.166434 -1.390495 24.690001
-5.446114 4.784165 1.782807 0.026935 0.164643 -1.430637 24.879999
-5.419551 4.583681 1.782807 0.006815 0.078510 -1.500665 25.030001
-5.395252 4.382226 1.782807 0.009852 0.030675 -1.564851 25.170000
-5.373389 4.178683 1.782807 0.005908 -0.234523 -1.413003 25.315001
-5.356827 3.975383 1.782807 -0.039839 -0.189617 -1.208793 25.510000
-5.351064 3.775446 1.782807 -0.051819 -0.068381 -0.837026 25.865000
-5.179931 3.883411 1.782807 0.001946 0.159722 1.095353 27.865000
-5.065205 4.051322 1.782807 0.008328 0.075814 1.130459 28.014999
-4.953511 4.221402 1.793386 -0.021644 0.042095 1.151526 28.155001
-4.835857 4.412446 1.792815 -0.042234 0.024677 1.142859 28.305000
-4.735088 4.590544 1.792400 0.000884 0.034983 1.088187 28.440001
-4.634364 4.770618 1.792066 0.055710 -0.037940 0.904256 28.575001
-4.516748 4.961426 1.791759 0.059169 -0.082518 0.700666 28.730000
-4.400633 5.131602 1.791510 0.076781 -0.086780 0.620253 28.889999
-4.275305 5.291741 1.791289 0.081296 -0.081486 0.559530 29.075001
-4.128238 5.439181 1.791095 0.101214 0.186998 0.468524 29.299999
-3.956386 5.547816 1.766295 0.046238 0.154750 0.345387 29.480000
-3.755308 5.647570 1.742409 0.039235 0.062492 0.156302 29.645000
-3.570749 5.726697 1.745745 0.076376 0.040590 0.030616 29.785000
-3.379479 5.793591 1.748434 0.038556 0.048882 -0.046732 29.924999
-3.181328 5.850000 1.750610 0.059914 0.048029 -0.022690 30.065001
-2.976566 5.894215 1.752343 0.088695 0.034394 -0.004992 30.205000
-2.774922 5.921040 1.753707 0.082280 0.023307 0.007975 30.340000
-2.571119 5.933591 1.754811 0.057523 0.015273 0.017717 30.475000
-2.366460 5.936211 1.755702 0.063097 0.012844 -0.016074 30.610001
-2.146585 5.928679 1.756472 -0.000543 0.012881 -0.060753 30.754999
-1.945179 5.920383 1.757031 -0.025091 0.169046 -0.051821 30.885000
-1.721492 5.914262 1.757486 0.056427 0.127182 -0.100658 31.014999
-1.479964 5.903697 1.757859 -0.025658 0.071926 -0.074841 31.145000
-1.268517 5.893176 1.758121 0.059675 0.050495 -0.187474 31.254999
-1.064047 5.877261 1.761881 -0.029783 0.040372 -0.134406 31.360001
-0.857298 5.861354 1.784871 0.037191 0.032629 -0.137953 31.465000
-0.649775 5.841083 1.784603 0.058123 0.026436 -0.140871 31.570000
-0.442438 5.814402 1.784362 0.055894 0.022610 -0.143220 31.674999
-0.235642 5.781693 1.784158 0.037292 0.021244 -0.145092 31.780001
-0.029159 5.745645 1.783984 -0.055726 0.020761 -0.083080 31.885000
0.177771 5.713939 1.783837 -0.020733 0.022850 -0.050086 31.990000
0.394822 5.686679 1.756875 -0.058261 -0.009579 0.017375 32.099998
0.608422 5.666090 1.743409 -0.024133 0.011398 0.004173 32.209999
0.810992 5.649380 1.752227 -0.024379 0.043460 -0.005882 32.314999
1.015976 5.635308 1.753325 -0.026387 0.039124 -0.013943 32.419998
1.262663 5.622147 1.745704 -0.022008 0.030557 -0.021499 32.544998
1.501078 5.612497 1.739571 -0.012441 0.025284 -0.027112 32.665001
1.709677 5.603285 1.740225 0.092597 -0.069856 -0.181600 32.770000
1.916206 5.585471 1.740796 0.143037 -0.121760 -0.357513 32.880001
2.118066 5.552886 1.741321 0.174559 -0.048143 -0.533753 33.000000
2.314022 5.497369 1.741792 0.177722 0.015346 -0.688632 33.130001
2.499416 5.415767 1.742190 0.153725 0.041008 -0.777695 33.264999
2.675110 5.306051 1.742520 0.152615 0.047090 -0.929175 33.404999
2.836474 5.166993 1.742797 0.135843 0.049173 -1.085622 33.549999
2.985142 4.995039 1.743030 0.127306 0.049970 -1.243995 33.705002
3.100588 4.823349 1.743057 0.063807 -0.197496 -1.133897 33.849998
3.203829 4.651368 1.743057 0.000019 -0.213774 -0.945396 34.029999
3.300114 4.474025 1.743057 -0.021109 -0.100840 -0.950632 34.345001
3.398245 4.299166 1.743057 -0.023444 0.268800 -1.934301 35.715000
3.352636 4.102519 1.743057 0.019495 0.235860 -1.818664 35.994999
3.298846 3.906827 1.743057 -0.037914 0.106027 -1.739540 36.154999
3.252668 3.706051 1.743057 -0.048649 0.053130 -1.686488 36.299999
3.213301 3.480277 1.743057 -0.058397 0.029175 -1.631345 36.455002
3.189031 3.279140 1.743057 -0.033985 0.020773 -1.633249 36.590000
3.168738 3.047927 1.743057 -0.028215 0.175084 -1.634888 36.740002
3.155403 2.841129 1.755866 -0.017717 0.136172 -1.635880 36.860001
3.144269 2.636914 1.757673 -0.007730 0.084957 -1.636592 36.970001
3.133793 2.434678 1.757826 -0.016303 0.052400 -1.626596 37.075001
3.126110 2.228830 1.757958 -0.054085 0.027173 -1.536506 37.180000
3.123352 2.025743 1.758008 -0.013740 -0.173390 -1.602233 37.285000
3.122692 1.821386 1.758008 0.026393 -0.319124 -1.727900 37.404999
3.126438 1.619437 1.758008 0.063514 -0.239302 -1.895457 37.564999
3.138817 1.418621 1.758008 0.074193 -0.111914 -2.167737 37.825001
3.165555 1.220305 1.758008 0.015154 -0.017623 -2.078722 38.580002
3.141211 1.018299 1.758008 -0.016911 0.320005 -1.694753 39.325001
3.117235 0.819228 1.758008 -0.010331 0.278064 -1.629149 39.480000
3.096637 0.612375 1.758008 -0.001552 0.154477 -1.553941 39.605000
3.079267 0.411689 1.758008 -0.017826 0.087321 -1.480909 39.715000
3.061100 0.164107 1.758008 -0.019390 0.055324 -1.449797 39.845001
3.048843 -0.040202 1.758008 -0.027373 0.046304 -1.442308 39.950001
3.040701 -0.246925 1.758008 -0.051617 0.040874 -1.454791 40.055000
3.038654 -0.455164 1.758008 -0.070123 0.033698 -1.464793 40.160000
3.044378 -0.664035 1.758008 -0.068988 0.027410 -1.472811 40.264999
3.057556 -0.872954 1.758008 -0.051754 0.023914 -1.479255 40.369999
3.076239 -1.081736 1.758008 -0.026759 0.021571 -1.484387 40.474998
3.097714 -1.290451 1.758008 -0.000584 0.021151 -1.488504 40.580002
3.119399 -1.499250 1.758008 0.016919 0.020223 -1.491839 40.685001
3.141178 -1.728102 1.758008 0.027583 0.020086 -1.494729 40.799999
3.158207 -1.937292 1.758008 0.027638 0.020571 -1.496823 40.904999
3.173056 -2.156664 1.758008 0.021953 0.014782 -1.498584 41.014999
3.184935 -2.365012 1.758008 0.010976 -0.036196 -1.499932 41.119999
3.195416 -2.567411 1.758008 0.002574 0.000797 -1.501005 41.224998
3.205630 -2.767551 1.758008 -0.003176 0.051003 -1.501872 41.330002
3.214050 -2.970761 1.722859 0.021008 0.045544 -1.563948 41.435001
3.222733 -3.186437 1.693969 -0.089495 0.034989 -1.461791 41.544998
3.238806 -3.393266 1.694143 -0.009059 0.029791 -1.448802 41.650002
3.257443 -3.600874 1.674305 -0.058969 0.027305 -1.399304 41.755001
3.281849 -3.808236 1.671628 -0.019712 0.024294 -1.349651 41.860001
3.309304 -4.015460 1.660578 0.012552 0.022417 -1.361766 41.965000
3.334892 -4.213224 1.642760 0.045843 0.014042 -1.403240 42.064999
3.357882 -4.419730 1.642025 -0.023888 -0.102639 -1.372839 42.169998
3.379627 -4.623433 1.661984 0.005963 -0.125288 -1.473048 42.279999
3.401572 -4.835726 1.691838 0.028464 -0.068234 -1.576932 42.404999
3.418609 -5.035275 1.692507 0.055289 -0.022603 -1.674864 42.529999
3.428396 -5.236150 1.703755 0.023011 0.001179 -1.697896 42.660000
3.433437 -5.472669 1.729421 0.038101 0.013763 -1.683720 42.814999
3.428555 -5.685353 1.784763 0.073449 0.015849 -1.727102 42.955002
3.411362 -5.881510 1.830469 0.091478 0.018235 -1.823931 43.084999
3.379844 -6.077674 1.870246 0.061120 0.163390 -1.882368 43.215000
3.332651 -6.291283 1.910613 0.070695 0.148312 -1.944103 43.345001
3.277981 -6.484885 1.947678 0.042574 0.095765 -2.003032 43.455002
3.216098 -6.675177 1.983905 0.011584 0.062351 -2.028417 43.560001
3.149833 -6.868885 2.016548 -0.000708 0.042925 -2.013681 43.665001
3.083593 -7.065458 2.049368 -0.008316 0.030297 -1.939959 43.770000
3.019686 -7.262125 2.057113 0.010841 -0.134217 -1.992268 43.875000
2.947134 -7.487807 2.057113 0.061061 -0.316130 -2.133644 44.009998
2.888451 -7.680552 2.057113 0.086648 -0.243868 -2.295964 44.165001
2.837207 -7.873890 2.057113 0.086622 -0.113333 -2.552524 44.410000
2.801058 -8.072618 2.057113 0.032054 -0.003476 3.055229 45.060001
2.666441 -7.923693 2.057113 0.001084 -0.015180 2.051498 46.834999
2.630030 -7.718530 2.037547 0.031944 0.286832 1.402826 47.500000
2.673313 -7.512105 2.016416 0.017138 0.143173 1.173241 47.689999
2.730558 -7.295615 2.017100 0.005282 0.073727 1.106289 47.855000
2.795631 -7.088151 2.001528 0.056595 0.046980 1.043132 48.005001
2.871075 -6.885775 1.982439 -0.023707 0.025367 1.193302 48.150002
2.938983 -6.693884 1.985017 -0.046148 0.007383 1.433405 48.285000
3.000788 -6.501080 1.987118 0.001785 0.008331 1.505010 48.419998
3.063613 -6.301176 1.988879 -0.028693 0.022056 1.553184 48.560001
3.123866 -6.091870 1.990340 -0.040954 0.027422 1.533647 48.705002
3.172421 -5.893780 1.991438 -0.071055 0.024917 1.520471 48.840000
3.208771 -5.692676 1.992326 -0.073168 0.019707 1.510609 48.974998
3.232566 -5.489449 1.993043 -0.053233 0.014430 1.503208 49.110001
3.249293 -5.269552 1.993161 -0.022305 -0.225542 1.632934 49.259998
3.266165 -5.067382 1.993161 -0.054124 -0.207615 1.821431 49.439999
3.292192 -4.868356 1.993161 -0.062656 -0.083409 2.146062 49.744999
3.340031 -4.673784 1.993161 0.056861 0.254086 2.089236 52.455002
3.275717 -4.483105 1.993161 0.019713 0.243596 1.764341 52.759998
3.217146 -4.285945 1.993161 0.001547 0.117559 1.693410 52.924999
3.165109 -4.087335 1.993161 0.076718 0.058275 1.655642 53.070000
3.124090 -3.877351 1.993161 0.075238 0.032593 1.647178 53.215000
3.099232 -3.676468 1.993161 0.074156 0.083086 1.641248 53.349998
3.089763 -3.468555 1.993161 0.117239 0.167064 1.556643 53.480000
3.094690 -3.264440 1.993161 0.002410 0.116446 1.563329 53.595001
3.100310 -3.057172 1.993161 -0.029025 0.071253 1.568330 53.705002
3.102648 -2.853340 1.993161 -0.035649 0.046870 1.572190 53.810001
3.101076 -2.636597 1.993161 -0.029760 0.033171 1.575386 53.919998
3.096310 -2.428223 1.993161 -0.018715 0.026940 1.577823 54.025002
3.089548 -2.219117 1.993161 -0.006701 0.023644 1.579782 54.130001
3.081024 -1.979683 1.993161 0.004938 0.022153 1.581557 54.250000
3.074063 -1.769961 1.993161 0.011009 0.021589 1.582787 54.355000
3.068254 -1.560118 1.993161 0.013205 0.020816 1.583768 54.459999
3.063810 -1.350202 1.993161 0.011738 0.021045 1.584563 54.564999
3.060555 -1.140234 1.993161 0.008068 0.020502 1.585192 54.669998
3.058197 -0.940230 1.993161 0.003896 0.020062 1.585679 54.770000
3.056166 -0.734564 1.993161 -0.015093 -0.189938 1.695636 54.875000
3.055227 -0.507242 1.993161 -0.061471 -0.313370 1.837009 55.009998
3.059093 -0.302694 1.993161 -0.086569 -0.215977 2.015033 55.180000
3.072259 -0.100977 1.993161 -0.080054 -0.087538 2.313480 55.465000
3.106549 0.096410 1.993161 -0.007640 0.004999 -2.796861 56.584999
3.069360 -0.101460 1.993161 0.008898 0.238968 -1.688104 57.740002
3.025572 -0.318334 1.993161 -0.022869 0.099568 -1.577971 57.915001
2.991145 -0.521054 1.993161 -0.007185 0.055740 -1.577390 58.060001
2.959186 -0.733038 1.993161 -0.060089 0.032460 -1.564196 58.205002
2.939096 -0.949399 1.993161 -0.089520 0.026695 -1.475106 58.349998
2.934952 -1.149704 1.993161 -0.021165 0.182763 -1.476010 58.480000
2.937807 -1.373837 1.993161 -0.023086 0.133185 -1.487102 58.615002
2.944659 -1.578697 1.993161 -0.024190 0.083308 -1.494454 58.724998
2.954460 -1.781260 1.993161 -0.017240 0.052612 -1.499993 58.830002
2.968315 -2.016812 1.993161 -0.007110 0.027576 -1.505019 58.950001
2.981462 -2.223822 1.993161 0.002396 0.010793 -1.508491 59.055000
2.992990 -2.429873 1.993161 0.042447 0.005640 -1.570035 59.160000
2.998150 -2.634962 1.993161 0.040240 0.033356 -1.610845 59.264999
3.000127 -2.839998 1.961850 -0.064901 -0.090754 -1.453646 59.369999
3.006817 -3.042938 1.940600 -0.042183 -0.119326 -1.377244 59.480000
3.017308 -3.246310 1.941559 -0.047234 -0.063154 -1.314307 59.599998
3.038008 -3.491743 1.942558 -0.064996 -0.009807 -1.242056 59.755001
3.069942 -3.711828 1.943298 -0.080453 0.014679 -1.174046 59.900002
3.122307 -3.940277 1.961195 -0.088203 0.024847 -1.098467 60.055000
3.184794 -4.133726 1.961360 -0.083576 0.025798 -1.034515 60.189999
3.262178 -4.321674 1.961457 -0.077756 0.024952 -0.969539 60.325001
3.358515 -4.512464 1.961538 -0.079065 0.173295 -0.903258 60.465000
3.464096 -4.684410 1.938125 -0.087118 0.139745 -0.823718 60.584999
3.583277 -4.850423 1.960021 -0.119673 -0.050656 -0.658242 60.700001
3.713061 -5.006162 1.956325 -0.118770 -0.041946 -0.516932 60.820000
3.862847 -5.158889 1.943368 -0.153449 0.004720 -0.399590 60.950001
4.021702 -5.288694 1.927472 -0.109174 0.031358 -0.334859 61.084999
4.190955 -5.400138 1.949732 -0.108411 0.035815 -0.277220 61.220001
4.370282 -5.493191 1.957188 -0.158544 0.036776 -0.153644 61.355000
4.572530 -5.567961 1.954869 -0.118373 0.037382 -0.044379 61.500000
4.788963 -5.621479 1.952957 -0.039542 0.031566 -0.025037 61.650002
5.010277 -5.661393 1.951447 -0.045402 0.026103 0.008523 61.799999
5.212215 -5.687056 1.950348 -0.085030 0.022081 0.054529 61.935001
5.415566 -5.702315 1.949458 -0.021198 0.018676 0.035731 62.070000
5.619772 -5.709535 1.948744 -0.075258 0.018691 0.136812 62.205002
5.838704 -5.703880 1.948123 -0.009334 0.016224 0.166828 62.349998
6.066215 -5.693554 1.947613 0.004731 0.124982 0.146613 62.500000
6.271422 -5.682638 1.924025 -0.006648 0.159994 0.133861 62.625000
6.478864 -5.668894 1.925034 -0.016960 0.104580 0.124755 62.740002
6.687528 -5.652184 1.925845 -0.018169 0.065246 0.117872 62.849998
6.891612 -5.633455 1.933687 -0.013150 0.042949 0.112627 62.955002
7.098086 -5.613057 1.921404 0.056699 0.027944 0.058725 63.060001
7.295886 -5.596005 1.890072 0.010278 0.026573 0.052186 63.160000
7.494354 -5.580132 1.857494 0.008300 0.024268 0.052879 63.259998
7.693268 -5.565018 1.825136 0.013231 0.022553 0.053436 63.360001
7.892493 -5.551085 1.812401 0.015373 0.021827 0.053898 63.459999
8.101918 -5.537933 1.797486 0.014470 0.020904 0.054293 63.564999
8.301523 -5.526711 1.766045 0.011387 0.020512 0.054599 63.665001
8.501220 -5.516434 1.746132 0.006846 0.019905 0.054844 63.764999
8.710919 -5.506190 1.747917 0.001735 0.020762 0.055055 63.869999
8.910632 -5.496934 1.718924 0.062565 0.016588 0.001290 63.970001
9.119020 -5.492803 1.717916 0.047749 -0.034995 -0.068884 64.074997
9.321777 -5.495245 1.685838 0.092764 0.022426 -0.164882 64.180000
9.551353 -5.510784 1.649484 0.108745 0.054864 -0.264373 64.300003
9.759347 -5.539643 1.616486 0.154060 -0.091556 -0.435027 64.410004
9.959085 -5.581189 1.612649 0.045692 -0.085819 -0.390783 64.525002
10.167866 -5.630447 1.610689 0.038008 -0.043711 -0.293956 64.654999
10.364832 -5.685901 1.588711 0.074572 -0.016359 -0.345358 64.785004
10.559405 -5.756252 1.575568 0.095215 0.001976 -0.453693 64.919998
10.748761 -5.832592 1.576071 -0.127778 0.007496 -0.156709 65.055000
10.954568 -5.891659 1.576507 -0.161569 0.034281 0.114968 65.199997
11.169767 -5.920945 1.576864 -0.092748 0.050904 0.230026 65.349998
11.388320 -5.926514 1.577147 -0.073891 0.049711 0.301762 65.500000
11.609969 -5.913316 1.560230 -0.051134 0.036510 0.270337 65.650002
11.833747 -5.886897 1.560279 -0.053728 0.023543 0.248143 65.800003
12.057302 -5.848063 1.560351 -0.039971 0.016040 0.234357 65.949997
12.272477 -5.801907 1.560407 -0.017655 0.012908 0.224612 66.095001
12.487992 -5.751538 1.560451 0.019529 0.127986 0.205901 66.239998
12.689830 -5.708244 1.560482 0.014304 0.157102 0.168475 66.364998
12.894222 -5.668524 1.560505 0.082382 0.100669 0.108323 66.480003
13.119829 -5.635824 1.560526 0.097891 0.064097 0.001826 66.599998
13.332515 -5.617832 1.560542 0.093010 0.048101 -0.086407 66.709999
13.547680 -5.611567 1.560555 0.101953 0.042906 -0.173485 66.820000
13.792868 -5.620065 1.560568 0.113027 0.042569 -0.267688 66.945000
14.007601 -5.642898 1.560578 0.126097 0.044592 -0.349951 67.055000
14.210261 -5.679647 1.560585 0.141752 0.048349 -0.427563 67.160004
14.405374 -5.731491 1.560592 0.182710 -0.102136 -0.595646 67.264999
14.618345 -5.811270 1.560598 0.199832 -0.050513 -0.773485 67.394997
14.800238 -5.909002 1.560604 0.191763 0.012845 -0.918954 67.525002
14.962284 -6.032017 1.560608 0.166047 0.043867 -1.050536 67.660004
15.114849 -6.192804 1.560611 0.144538 0.050187 -1.199544 67.809998
15.237739 -6.367469 1.560615 0.081784 0.043547 -1.274600 67.955002
15.348192 -6.561198 1.560618 0.081131 0.036077 -1.326114 68.105003
15.439772 -6.758081 1.560620 0.086126 0.031277 -1.388760 68.250000
15.510184 -6.948173 1.560620 0.084867 0.028012 -1.447618 68.385002
15.565811 -7.143311 1.560620 0.082619 0.026659 -1.510990 68.519997
15.608856 -7.342038 1.560620 0.030027 0.022087 -1.502374 68.654999
15.646056 -7.542995 1.560620 0.028295 0.016960 -1.487002 68.790001
15.681002 -7.771602 1.560620 0.059653 0.170209 -1.517115 68.940002
15.702425 -7.975165 1.560620 0.019958 0.141453 -1.513225 69.059998
15.720269 -8.177264 1.560620 0.017378 0.093400 -1.510265 69.169998
15.735980 -8.378363 1.560620 0.015490 0.057509 -1.508041 69.275002
15.750450 -8.583659 1.560620 0.010735 0.038616 -1.506265 69.379997
15.764015 -8.791065 1.560620 0.041676 -0.008204 -1.543839 69.485001
15.773108 -9.011516 1.560620 0.075674 -0.129594 -1.701619 69.599998
15.774207 -9.213232 1.560620 0.111854 -0.082485 -1.776840 69.714996
15.764486 -9.424134 1.575417 0.068550 -0.025212 -1.806240 69.845001
15.743868 -9.625609 1.575612 0.112186 0.002612 -1.897047 69.974998
15.706390 -9.827780 1.575736 0.030767 0.012923 -1.936835 70.110001
15.655639 -10.041384 1.575844 0.104295 0.015216 -2.040066 70.254997
15.575706 -10.254899 1.575935 0.222920 0.038066 -2.466569 70.410004
15.467052 -10.426099 1.576002 0.096547 0.072058 -2.627630 70.555000
15.326969 -10.597107 1.553452 0.055267 0.063900 -2.587128 70.709999
15.182657 -10.755680 1.558969 0.048027 -0.008696 -2.421378 70.855003
15.036921 -10.906287 1.558616 0.028575 -0.224867 -2.414053 71.004997
14.894561 -11.047200 1.558220 0.018422 -0.202970 -2.407337 71.199997
14.744579 -11.180178 1.557735 -0.001964 -0.049961 -2.494476 71.665001
14.645675 -11.005574 1.557735 -0.034649 0.239125 1.734938 73.620003
14.592072 -10.808607 1.557735 0.034194 0.057663 1.745264 73.779999
14.540586 -10.578707 1.557735 0.059695 -0.067521 1.792922 73.955002
14.509396 -10.377475 1.557735 0.015564 -0.101385 1.881869 74.120003
14.485724 -10.155467 1.557735 0.040001 0.016877 1.779880 74.315002
14.473447 -9.941518 1.557735 -0.006275 -0.038204 1.666023 74.500000
14.461309 -9.741535 1.566332 -0.001259 -0.055865 1.571581 74.684998
14.446694 -9.538757 1.555500 0.007754 -0.045573 1.500019 74.894997
14.432587 -9.336720 1.556184 0.007314 -0.020949 1.493448 75.129997
14.422122 -9.134645 1.556266 -0.009459 -0.115840 1.768955 75.425003
14.431305 -8.934752 1.556266 -0.009663 -0.001183 2.910389 76.514999
14.251155 -9.027294 1.586977 0.081798 0.259086 -2.640302 77.404999
14.061326 -9.104207 1.590504 -0.104312 0.061019 -2.808440 77.559998
13.883078 -9.194657 1.608779 -0.178227 -0.016451 -2.839654 77.699997
13.704904 -9.322056 1.611279 -0.073997 0.009352 -2.805237 77.849998
13.548736 -9.449584 1.613088 0.059243 0.035400 -2.815000 77.985001
13.385528 -9.570560 1.614537 0.093999 0.038095 -2.798549 78.120003
13.211782 -9.677208 1.615722 0.138905 0.028754 -2.812491 78.254997
13.027264 -9.762773 1.616665 0.127281 0.024473 -2.886637 78.389999
12.805421 -9.835119 1.617545 0.090534 0.021966 -2.970059 78.544998
12.579306 -9.885520 1.618219 0.075574 0.177551 -3.052414 78.695000
12.375046 -9.916504 1.618656 -0.018250 0.130741 -3.076527 78.815002
12.173375 -9.946188 1.618992 0.023818 0.082542 -3.108641 78.925003
11.944865 -9.979339 1.619299 -0.015787 0.051338 -3.102233 79.044998
11.741089 -10.009830 1.619524 0.008249 0.038693 -3.092726 79.150002
11.535180 -10.039475 1.619715 0.062565 0.031884 -3.103378 79.254997
11.327811 -10.062040 1.619878 0.122259 0.030906 3.093896 79.360001
11.119842 -10.071762 1.620015 0.069064 0.030981 3.044592 79.464996
10.911454 -10.073439 1.620133 0.023755 0.027788 3.057734 79.570000
10.702492 -10.072064 1.620232 0.020596 0.025194 3.068347 79.675003
10.493163 -10.068267 1.620317 0.019124 0.023798 3.076834 79.779999
10.253677 -10.061305 1.620398 0.013077 0.022054 3.084435 79.900002
10.024106 -10.052752 1.620463 0.006010 0.006402 3.090216 80.014999
9.816587 -10.044241 1.620513 -0.000306 -0.052419 3.094403 80.120003
9.580544 -10.034577 1.620553 -0.001736 -0.153023 3.071455 80.245003
9.373962 -10.027202 1.620553 0.027387 -0.314051 2.940558 80.370003
9.158867 -10.024367 1.620553 0.066484 -0.218485 2.752065 80.550003
8.953048 -10.031512 1.620553 0.070039 -0.087332 2.437910 80.849998
8.960650 -9.811658 1.620553 0.018352 0.306777 0.828582 82.849998
9.097335 -9.656187 1.620553 -0.000626 0.184621 0.754822 82.980003
9.255476 -9.481371 1.620553 0.014511 0.091651 0.665948 83.110001
9.392643 -9.335480 1.620553 0.047246 0.058921 0.593291 83.214996
9.537309 -9.191576 1.620553 0.095956 0.050860 0.516489 83.320000
9.690764 -9.054974 1.620553 0.133285 0.051527 0.438629 83.425003
9.886670 -8.908162 1.620553 0.167246 0.056214 0.346431 83.550003
10.062638 -8.801876 1.620553 0.144854 0.054947 0.290917 83.654999
10.247035 -8.708966 1.620553 0.091610 0.045226 0.306176 83.760002
10.437263 -8.624622 1.620553 0.078532 0.034077 0.318377 83.864998
10.631707 -8.547451 1.620553 0.061787 0.025738 0.328233 83.970001
10.828925 -8.475857 1.620553 0.022040 0.015469 0.347542 84.074997
11.025632 -8.405715 1.620553 -0.033855 -0.034175 0.418128 84.180000
11.214540 -8.334124 1.620553 -0.040600 -0.177640 0.403583 84.285004
11.429251 -8.246442 1.620553 0.017401 -0.313153 0.256975 84.425003
11.621582 -8.160750 1.620553 0.060129 -0.212436 0.068480 84.605003
11.807691 -8.065947 1.620553 0.066006 -0.082594 -0.261387 84.919998
11.672192 -8.234603 1.620553 0.025330 0.267798 -2.428847 87.995003
11.518862 -8.367613 1.620553 -0.006447 0.147366 -2.499169 88.114998
11.364608 -8.500627 1.620553 -0.005188 0.077187 -2.570851 88.224998
11.181486 -8.656748 1.620553 0.035232 0.045672 -2.660411 88.349998
11.022714 -8.787177 1.620553 0.009306 0.039299 -2.662610 88.455002
10.860568 -8.917093 1.620553 0.044724 0.037967 -2.649571 88.559998
10.693842 -9.043625 1.620553 0.079326 0.031914 -2.639189 88.665001
10.529816 -9.158074 1.620553 0.087395 0.026501 -2.631141 88.764999
10.360865 -9.265814 1.620553 0.076080 0.021203 -2.624612 88.864998
10.188042 -9.367727 1.620553 0.052734 0.017239 -2.619380 88.964996
10.012781 -9.465684 1.620553 0.025561 0.016249 -2.615094 89.065002
9.837860 -9.563471 1.620553 -0.080846 -0.006982 -2.509674 89.165001
9.660358 -9.669861 1.620553 -0.073932 0.002679 -2.481519 89.269997
9.486585 -9.778833 1.620553 0.039393 0.034164 -2.588868 89.375000
9.309595 -9.885948 1.620553 0.043536 0.030451 -2.685835 89.480003
9.103167 -10.004041 1.620553 0.055939 0.024855 -2.788459 89.599998
8.919227 -10.101584 1.620553 0.085618 0.028888 -2.875496 89.705002
8.732014 -10.192338 1.620553 0.035790 0.031535 -2.876735 89.809998
8.542130 -10.279268 1.620553 0.059084 0.032162 -2.865599 89.915001
8.339843 -10.364340 1.620553 0.077643 0.015888 -2.856317 90.025002
8.111204 -10.453010 1.620553 0.023090 -0.172490 -2.885044 90.150002
7.918046 -10.527769 1.620553 0.055452 -0.322002 -2.937403 90.269997
7.726773 -10.600990 1.620553 0.019253 -0.251293 -2.769854 90.430000
7.538095 -10.670369 1.620553 -0.107212 0.096379 -2.606473 90.669998
7.365595 -10.778627 1.620553 -0.001543 0.194838 -2.469548 90.879997
7.186035 -10.899365 1.620553 0.000261 0.037896 -2.435698 91.044998
7.014116 -11.012145 1.620553 -0.015184 -0.206674 -2.459506 91.199997
6.845426 -11.121147 1.620553 -0.009127 -0.191670 -2.481515 91.404999
6.708130 -11.271330 1.620553 -0.001512 -0.091981 -2.249266 111.555000
6.579809 -11.424991 1.620553 0.001435 -0.038850 -2.295188 112.190002
