-12.790760 4.051743 1.000000 -0.016619 0.319483 0.283180 0.000000
-12.586491 4.111156 1.000000 -0.017077 0.253815 0.357270 0.155000
-12.390461 4.170605 1.003004 0.058872 0.142289 0.356564 0.275000
-12.193766 4.226090 1.029051 0.003161 0.081700 0.389739 0.385000
-11.980188 4.286803 1.051956 -0.002097 0.051113 0.381454 0.500000
-11.781833 4.344635 1.056912 -0.026138 0.038002 0.375358 0.605000
-11.582558 4.406106 1.070588 0.017408 0.026613 0.321363 0.705000
-11.391833 4.464439 1.087987 -0.009684 0.021157 0.262918 0.805000
-11.191559 4.526728 1.086516 -0.030011 0.019790 0.266316 0.910000
-10.991834 4.591376 1.085273 0.062415 0.018178 0.200643 1.015000
-10.762563 4.661010 1.084073 0.025451 0.022591 0.200674 1.135000
-10.560917 4.718994 1.083191 0.038364 0.023331 0.204737 1.240000
-10.357997 4.773040 1.082439 0.100879 0.021714 0.169642 1.345000
-10.143619 4.821593 1.081777 0.096163 0.022684 0.133472 1.455000
-9.937531 4.860199 1.081238 0.027399 0.022674 0.133220 1.560000
-9.731336 4.896033 1.080804 -0.026164 -0.076533 0.192920 1.665000
-9.503402 4.937987 1.080804 0.015937 -0.307653 0.062021 1.790000
-9.292020 4.981422 1.080804 0.061058 -0.274087 -0.095059 1.940000
-9.095323 5.029494 1.080804 0.080130 -0.153302 -0.320207 2.155000
-8.904576 5.089880 1.080804 0.052958 -0.030540 -0.786209 2.600000
-8.950548 4.908455 1.164382 -0.019447 0.191697 -2.245348 4.145000
-9.058021 4.737155 1.166033 0.023837 0.089063 -2.372397 4.300000
-9.175570 4.568004 1.167255 0.068761 0.054097 -2.489435 4.445000
-9.312710 4.398768 1.179078 0.039694 -0.012795 -2.491995 4.595000
-9.446934 4.246009 1.167137 0.044573 -0.097394 -2.387358 4.740000
-9.588507 4.097591 1.178915 0.024696 -0.123972 -2.300205 4.905000
-9.731656 3.958960 1.155995 -0.031566 -0.106502 -2.136004 5.100000
-9.870952 3.818050 1.128689 -0.028578 -0.062270 -2.046158 5.355000
-10.004301 3.666411 1.123160 -0.018306 0.046751 -2.032778 5.705000
-10.114078 3.493599 1.131604 -0.027835 0.247741 -2.026071 5.970000
-10.213423 3.301860 1.130562 -0.024641 0.104180 -2.023369 6.140000
-10.300847 3.121346 1.160769 -0.016334 0.048824 -2.021761 6.280000
-10.386136 2.939318 1.180503 -0.008154 0.025764 -2.020600 6.415000
-10.470114 2.753554 1.179321 -0.079139 0.176694 -1.949263 6.545000
-10.543690 2.566782 1.178456 -0.065797 0.130566 -1.857080 6.660000
-10.611277 2.373007 1.177764 0.015755 0.077458 -1.817824 6.770000
-10.678244 2.181589 1.177205 0.025373 0.049717 -1.826943 6.875000
-10.755467 1.968850 1.176690 -0.046910 0.034716 -1.805203 6.990000
-10.826490 1.762513 1.176275 -0.037838 0.029674 -1.793461 7.100000
-10.890381 1.563348 1.175940 -0.043080 0.026504 -1.800418 7.205000
-10.950215 1.362365 1.175656 -0.045151 0.023310 -1.805975 7.310000
-11.005769 1.159864 1.175416 -0.038158 0.020721 -1.810422 7.415000
-11.055329 0.966005 1.175219 -0.027647 0.019098 -1.813861 7.515000
-11.112025 0.732981 1.175058 -0.006331 -0.045388 -1.842707 7.635000
-11.158746 0.537924 1.175058 0.027296 -0.255388 -1.952664 7.740000
-11.205444 0.336954 1.175058 0.065594 -0.304772 -2.088799 7.870000
-11.246038 0.140426 1.175058 0.087234 -0.194981 -2.277292 8.050000
-11.277003 -0.057730 1.175058 0.073653 -0.068610 -2.612390 8.370000
-11.426563 0.075281 1.175058 0.039602 0.150496 1.921364 10.105000
-11.508330 0.265901 1.200794 0.053208 0.068685 1.923501 10.255000
-11.579001 0.459035 1.200367 0.092861 0.027447 1.894358 10.395000
-11.638509 0.675525 1.199983 0.067672 0.014815 1.871188 10.545000
-11.684297 0.895737 1.207726 0.007373 0.172294 1.875506 10.690000
-11.725394 1.090103 1.240698 -0.063854 0.133985 1.950579 10.805000
-11.788185 1.322864 1.279361 -0.077425 0.083969 2.037129 10.935000
-11.854978 1.523238 1.313108 -0.090040 0.060239 2.113269 11.045000
-11.934250 1.722340 1.347432 -0.091768 0.049030 2.173513 11.155000
-12.021751 1.908792 1.380249 -0.132389 0.047101 2.254585 11.260000
-12.123135 2.088442 1.413175 -0.148740 0.048172 2.333269 11.365000
-12.239211 2.259137 1.445635 -0.150996 0.048084 2.407750 11.470000
-12.369411 2.419671 1.477890 -0.147575 0.046215 2.481169 11.575000
-12.512458 2.569348 1.510653 -0.145402 0.044124 2.557331 11.680000
-12.682301 2.720064 1.546736 -0.139100 0.042269 2.639468 11.795000
-12.855989 2.850907 1.580669 -0.131907 0.040414 2.715709 11.905000
-13.047541 2.973556 1.616259 -0.130118 0.039714 2.796752 12.020000
-13.256683 3.085596 1.643033 -0.131051 0.040428 2.878746 12.140000
-13.446355 3.169643 1.640923 -0.136968 0.041863 2.954905 12.245000
-13.640471 3.239293 1.639095 -0.167394 -0.074722 3.085649 12.350000
-13.844327 3.295914 1.637397 -0.134064 -0.098140 -3.126585 12.465000
-14.049964 3.335619 1.635876 -0.170979 -0.030411 -2.962799 12.590000
-14.283264 3.353340 1.634391 -0.117326 0.014836 -2.910599 12.740000
-14.487458 3.345590 1.633318 -0.149567 0.033654 -2.767840 12.875000
-14.685547 3.311265 1.632452 -0.129692 0.039774 -2.629486 13.010000
-14.882551 3.252052 1.632092 -0.082031 -0.108877 -2.635309 13.150000
-15.070724 3.181360 1.632092 -0.013942 -0.236878 -2.802858 13.310000
-15.256029 3.101828 1.632092 0.036039 -0.136199 -3.064654 13.560000
-15.437157 3.016446 1.632092 -0.002097 -0.031159 -2.598658 14.215000
-15.564206 2.857694 1.632092 -0.028423 0.288693 -2.078338 15.060000
-15.665068 2.659116 1.632092 -0.003618 0.112844 -1.900704 15.245000
-15.755387 2.469687 1.632092 -0.010225 0.044282 -1.755507 15.395000
-15.841805 2.277859 1.632092 -0.020477 0.034403 -1.665524 15.540000
-15.920280 2.087059 1.632092 -0.061036 0.038547 -1.616251 15.680000
-15.984694 1.897278 1.632092 -0.066700 0.040734 -1.589325 15.815000
-16.035460 1.701933 1.632092 -0.089366 0.036287 -1.571703 15.950000
-16.070808 1.494711 1.632092 -0.079096 0.027234 -1.567428 16.090000
-16.089016 1.292097 1.632092 -0.070687 0.021549 -1.549325 16.225000
-16.094419 1.088089 1.632092 -0.040907 0.016414 -1.558490 16.360001
-16.092241 0.858263 1.632092 -0.015882 0.157749 -1.565896 16.510000
-16.086596 0.611519 1.642477 -0.044015 0.137348 -1.541949 16.655001
-16.077551 0.407718 1.677081 0.003383 0.085054 -1.497441 16.764999
-16.067947 0.205851 1.695525 0.038694 0.052957 -1.505623 16.870001
-16.061871 0.000069 1.715254 0.032133 0.037129 -1.512241 16.975000
-16.058998 -0.197859 1.743858 0.017390 0.029524 -1.517333 17.075001
-16.057547 -0.406757 1.742338 0.002093 0.024806 -1.521646 17.180000
-16.056133 -0.616165 1.741053 -0.010145 0.022956 -1.525087 17.285000
-16.053343 -0.835768 1.739917 -0.016389 0.021984 -1.527955 17.395000
-16.048542 -1.055448 1.738954 -0.016402 0.016733 -1.530254 17.504999
-16.042137 -1.264106 1.738173 -0.012542 -0.032062 -1.532009 17.610001
-16.032007 -1.469250 1.737513 -0.093188 0.027019 -1.430608 17.715000
-16.011887 -1.673494 1.736954 -0.097554 0.038162 -1.334163 17.820000
-15.975224 -1.906132 1.736415 -0.095223 0.037947 -1.234565 17.940001
-15.926469 -2.127122 1.735984 -0.102810 0.038227 -1.143651 18.055000
-15.869657 -2.325925 1.735650 -0.110548 0.039902 -1.065768 18.160000
-15.800323 -2.520705 1.735367 -0.121866 0.042399 -0.991346 18.264999
-15.717608 -2.710157 1.735130 -0.133641 0.044553 -0.915057 18.370001
-15.620897 -2.892862 1.734925 -0.137808 0.045873 -0.841511 18.475000
-15.510308 -3.067683 1.734753 -0.140134 0.045359 -0.768641 18.580000
-15.374344 -3.248377 1.734593 -0.158661 -0.022820 -0.657613 18.695000
-15.236785 -3.402442 1.734465 -0.157287 -0.102301 -0.523930 18.805000
-15.087764 -3.544240 1.734347 -0.142320 -0.048992 -0.461234 18.924999
-14.924197 -3.673024 1.734243 -0.133120 -0.005874 -0.396301 19.055000
-14.754528 -3.780562 1.734157 -0.111908 0.012863 -0.338362 19.184999
-14.571394 -3.874011 1.734085 -0.090722 0.018119 -0.278434 19.320000
-14.383251 -3.955190 1.734025 -0.025496 0.015704 -0.298487 19.455000
-14.171577 -4.040382 1.733973 -0.018072 0.012067 -0.315335 19.605000
-13.972324 -4.116219 1.733935 -0.061178 0.032819 -0.271434 19.745001
-13.775861 -4.179571 1.733905 -0.069924 0.172419 -0.194893 19.875000
-13.580435 -4.230441 1.733884 -0.008815 0.119436 -0.143130 19.990000
-13.371442 -4.281991 1.733866 0.028496 0.072613 -0.157039 20.105000
-13.174646 -4.333061 1.733852 0.008197 0.049335 -0.167115 20.209999
-12.974666 -4.385525 1.733841 -0.017278 0.036637 -0.175158 20.315001
-12.772515 -4.436709 1.733831 -0.031817 0.028419 -0.181624 20.420000
-12.568768 -4.485019 1.733822 -0.035450 0.024199 -0.186815 20.525000
-12.344683 -4.534055 1.733814 -0.029808 -0.013999 -0.191353 20.639999
-12.132745 -4.577174 1.733809 -0.058153 0.020560 -0.171208 20.750000
-11.929826 -4.612249 1.733804 -0.090596 0.034786 -0.078593 20.855000
-11.724611 -4.638437 1.733799 -0.021714 0.032327 -0.033923 20.959999
-11.517982 -4.661746 1.733796 0.010755 0.026909 -0.044795 21.065001
-11.310602 -4.686001 1.733793 0.001254 0.024726 -0.053534 21.170000
-11.102703 -4.710461 1.733791 -0.009769 0.023508 -0.060744 21.275000
-10.894368 -4.733990 1.733788 -0.017144 0.023047 -0.066594 21.379999
-10.656048 -4.758747 1.733785 -0.019745 -0.008516 -0.071823 21.500000
-10.441211 -4.778934 1.733783 -0.015610 -0.074418 -0.075603 21.610001
-10.227563 -4.798824 1.733781 0.019125 0.006802 -0.138928 21.725000
-10.016137 -4.818183 1.733781 -0.070482 0.075607 -0.043162 21.840000
-9.797581 -4.829542 1.733781 -0.053683 0.059826 0.050840 21.955000
-9.593586 -4.835170 1.733781 -0.017825 0.043203 0.083989 22.059999
-9.387177 -4.840497 1.733781 0.021590 0.032144 0.073023 22.165001
-9.179280 -4.847333 1.733781 -0.002124 0.028955 0.064067 22.270000
-8.970451 -4.853563 1.733781 -0.026381 0.027069 0.056869 22.375000
-8.731148 -4.856878 1.733781 -0.039939 0.017090 0.050423 22.495001
-8.513101 -4.855278 1.733781 0.010055 -0.049283 -0.004145 22.605000
-8.290954 -4.854223 1.733781 -0.047134 0.031144 -0.017642 22.719999
-8.058475 -4.847935 1.733781 -0.077409 0.043593 0.092727 22.840000
-7.853162 -4.833347 1.733781 -0.058041 0.035972 0.180112 22.945000
-7.647267 -4.811736 1.733781 -0.058500 0.031143 0.263107 23.049999
-7.441405 -4.784902 1.733781 0.013256 0.026830 0.260779 23.155001
-7.234692 -4.757873 1.733781 0.002590 0.025892 0.247375 23.260000
-7.027387 -4.730139 1.733781 -0.021785 0.026107 0.236587 23.365000
-6.820798 -4.697170 1.733781 -0.066231 0.022241 0.287129 23.469999
-6.617000 -4.656753 1.733781 -0.054164 -0.036865 0.280123 23.575001
-6.393587 -4.605315 1.733781 -0.043633 -0.012873 0.273769 23.695000
-6.187162 -4.553585 1.733781 0.076188 -0.098850 0.096540 23.809999
-5.968070 -4.507863 1.740760 0.142507 -0.061339 -0.118119 23.940001
-5.755893 -4.483984 1.745598 0.157893 0.004852 -0.286532 24.075001
-5.553149 -4.487862 1.744847 0.158995 0.042490 -0.434119 24.209999
-5.350555 -4.522511 1.721048 0.151808 0.054592 -0.577381 24.350000
-5.156028 -4.585831 1.750111 0.108257 0.051705 -0.662082 24.490000
-4.955720 -4.678873 1.778979 0.108062 0.045301 -0.758056 24.639999
-4.782811 -4.780781 1.821336 0.042913 0.033009 -0.745330 24.775000
-4.618776 -4.887632 1.863638 -0.008133 0.018318 -0.651240 24.905001
-4.428100 -5.011973 1.938652 -0.023533 0.009302 -0.486731 25.055000
-4.254344 -5.120207 2.003307 -0.034781 0.009189 -0.366323 25.190001
-4.078691 -5.223823 2.009341 -0.080471 0.014385 -0.265165 25.325001
-3.899698 -5.319901 2.004600 0.019232 0.018119 -0.340444 25.459999
-3.725261 -5.411205 1.965943 -0.018826 0.015295 -0.419665 25.590000
-3.522130 -5.514668 1.945031 0.040841 0.004384 -0.602609 25.740000
-3.343535 -5.612558 1.945716 0.075544 0.007884 -0.799210 25.875000
-3.169369 -5.724670 1.946290 0.127833 0.030819 -1.032652 26.014999
-3.012349 -5.852933 1.958465 0.106295 0.057640 -1.149325 26.155001
-2.871547 -5.998991 1.958094 0.126070 0.064560 -1.232652 26.295000
-2.739566 -6.174939 1.957759 0.084253 0.051573 -1.226039 26.445000
-2.626590 -6.359726 1.957503 0.089683 0.032334 -1.209360 26.590000
-2.523403 -6.560213 1.957471 0.054070 -0.224464 -1.348753 26.745001
-2.428540 -6.745728 1.957471 0.075160 -0.191799 -1.547722 26.934999
-2.328110 -6.920921 1.957471 0.068391 -0.069301 -1.893300 27.264999
-2.396832 -7.110316 1.957471 0.007560 0.319333 -2.814685 28.575001
-2.607047 -7.181465 1.957471 0.001107 0.265617 -2.810027 28.745001
-2.798012 -7.246385 1.957471 -0.003862 0.158491 -2.807600 28.865000
-2.989945 -7.312641 1.957471 -0.006081 0.092216 -2.805851 28.975000
-3.180762 -7.379637 1.957471 -0.005474 0.054690 -2.804532 29.080000
-3.375113 -7.448890 1.957471 -0.003044 0.036616 -2.803467 29.184999
-3.599305 -7.529661 1.957471 0.000871 0.027116 -2.802504 29.305000
-3.796411 -7.601034 1.957471 0.003860 0.021324 -2.801830 29.410000
-3.994574 -7.670127 1.957471 0.093603 0.019057 -2.906298 29.514999
-4.204649 -7.732591 1.957471 0.107481 0.024834 -3.008998 29.625000
-4.426686 -7.784796 1.957471 0.056081 -0.021565 -3.001713 29.740000
-4.632222 -7.828899 1.957471 -0.145436 -0.142221 -2.680423 29.850000
-4.822820 -7.883285 1.990275 -0.196592 -0.063128 -2.476163 29.965000
-5.030209 -7.974204 2.030854 -0.198254 0.024272 -2.293532 30.110001
-5.196457 -8.085771 2.036037 -0.179270 0.052572 -2.146158 30.245001
-5.359229 -8.243567 2.035963 -0.142757 0.054182 -1.992039 30.400000
-5.482809 -8.407165 2.035910 -0.125561 0.050331 -1.854561 30.540001
-5.594393 -8.605269 2.035863 -0.120228 0.048262 -1.700163 30.695000
-5.675950 -8.809405 2.035827 -0.125362 0.050640 -1.550555 30.844999
-5.729497 -9.022017 2.043787 -0.119927 0.052474 -1.410316 30.995001
-5.753113 -9.217582 2.079930 -0.123692 0.055348 -1.284704 31.129999
-5.752343 -9.421669 2.114405 -0.119567 0.054631 -1.162089 31.270000
-5.722809 -9.638116 2.151758 -0.129277 0.056459 -1.014955 31.420000
-5.665228 -9.840985 2.185975 -0.127840 0.056481 -0.877086 31.565001
-5.583473 -10.027393 2.219005 -0.132956 0.057940 -0.740757 31.705000
-5.468290 -10.212695 2.254426 -0.136705 0.057877 -0.595037 31.855000
-5.338273 -10.371523 2.259194 -0.080684 -0.189419 -0.658686 32.000000
-5.200148 -10.521440 2.259194 -0.010200 -0.206354 -0.852417 32.185001
-5.056363 -10.662366 2.259194 0.034538 -0.093913 -1.187521 32.505001
-5.099385 -10.859273 2.259194 -0.056999 0.258314 -2.679165 34.165001
-5.271894 -10.961660 2.259194 -0.038806 0.114122 -2.542063 34.325001
-5.443517 -11.075500 2.246629 -0.010603 -0.047187 -2.452960 34.470001
-5.612470 -11.189433 2.246806 -0.006243 -0.221703 -2.476324 34.625000
-5.787403 -11.303210 2.247002 -0.001484 -0.183909 -2.499918 34.855000
-5.584607 -11.290155 2.247310 -0.013816 0.170465 0.215051 38.555000
-5.384152 -11.259078 2.256788 0.032321 0.063568 0.314042 38.705002
-5.184249 -11.231030 2.258485 0.006188 0.034020 0.368791 38.845001
-4.965228 -11.198569 2.257792 -0.049491 0.032329 0.437368 38.994999
-4.746012 -11.154974 2.257238 -0.064260 0.033243 0.468717 39.145000
-4.521813 -11.093599 2.256789 -0.074703 0.029390 0.488841 39.299999
-4.329229 -11.027316 2.256476 -0.001670 0.016810 0.368198 39.435001
-4.136830 -10.957319 2.256222 -0.062103 0.012292 0.378753 39.570000
-3.945204 -10.879513 2.256017 0.054854 0.147226 0.324258 39.705002
-3.757425 -10.810171 2.255866 0.012278 0.150655 0.267112 39.825001
-3.559652 -10.741765 2.255745 -0.004876 0.098467 0.272922 39.939999
-3.351767 -10.669936 2.255645 0.050829 0.059000 0.252220 40.055000
-3.146617 -10.605375 2.238975 0.052273 0.042150 0.196719 40.165001
-2.956542 -10.551833 2.205405 0.034366 0.033576 0.201771 40.264999
-2.745090 -10.496304 2.185994 0.036522 0.027067 0.206279 40.375000
-2.551328 -10.449020 2.156651 0.034072 0.023069 0.209531 40.474998
-2.356458 -10.405100 2.140885 0.090558 0.014943 0.159565 40.575001
-2.161381 -10.368696 2.112659 0.030575 -0.011914 0.133151 40.674999
-1.945135 -10.329667 2.114218 -0.105295 -0.132532 0.364698 40.790001
-1.742477 -10.281641 2.115564 -0.146582 -0.066931 0.548877 40.910000
-1.539273 -10.211868 2.116812 -0.159309 0.000875 0.722019 41.044998
-1.356694 -10.120853 2.117820 -0.155169 0.037339 0.864612 41.180000
-1.186423 -10.003073 2.128724 -0.104485 0.045975 0.963249 41.320000
-1.037302 -9.870718 2.156078 -0.155252 0.045654 1.111650 41.455002
-0.905791 -9.714301 2.157028 -0.167327 0.053854 1.331201 41.595001
-0.801221 -9.534903 2.157804 -0.172136 0.067633 1.550044 41.740002
-0.730669 -9.335672 2.145970 -0.153607 0.081598 1.744344 41.889999
-0.697622 -9.126780 2.112465 -0.143510 0.080933 1.881885 42.040001
-0.701138 -8.905868 2.077223 -0.144527 0.073169 2.026062 42.195000
-0.744594 -8.679894 2.039891 -0.135241 0.065132 2.178568 42.355000
-0.821960 -8.468844 2.025945 -0.107699 0.055637 2.308552 42.509998
-0.916713 -8.287388 2.009361 -0.120505 0.051258 2.431412 42.650002
-1.033619 -8.118894 2.007921 -0.129777 0.051962 2.574801 42.790001
-1.180201 -7.953915 1.996552 -0.079490 0.043395 2.613495 42.939999
-1.337404 -7.806020 1.983498 -0.054255 0.034705 2.637665 43.084999
-1.493597 -7.675939 1.949628 -0.044600 0.023980 2.614629 43.220001
-1.656245 -7.551488 1.941375 -0.044322 0.016849 2.597089 43.355000
-1.842847 -7.419815 1.943102 -0.002306 0.010239 2.549369 43.505001
-2.023940 -7.293211 1.936842 0.032176 0.009083 2.432637 43.650002
-2.191465 -7.174421 1.950648 0.034847 0.002564 2.428531 43.785000
-2.349881 -7.057949 1.988235 0.079877 0.015536 2.331664 43.915001
-2.504298 -6.926023 2.025083 0.082252 0.022828 2.223897 44.049999
-2.653721 -6.777400 2.060959 0.051296 0.021663 2.230159 44.189999
-2.791640 -6.626297 2.095486 0.048296 0.016204 2.234870 44.325001
-2.921586 -6.477159 2.127868 -0.025980 0.008572 2.373389 44.455002
-3.059666 -6.325488 2.160587 -0.045271 0.009898 2.495935 44.590000
-3.201833 -6.180974 2.176190 -0.051772 -0.127946 2.476407 44.724998
-3.350283 -6.040327 2.176190 -0.001905 -0.244353 2.308858 44.884998
-3.509029 -5.901663 2.176190 0.043676 -0.132413 2.036591 45.145000
-3.671128 -5.782120 2.176190 0.027420 -0.011938 1.334963 45.814999
-3.458425 -5.717319 2.176190 0.009314 0.203595 0.132504 47.244999
-3.235670 -5.683089 2.176190 0.037445 0.083393 0.103089 47.415001
-3.034031 -5.660223 2.176190 0.046621 0.040343 0.085577 47.555000
-2.825806 -5.645308 2.221908 0.039455 0.022739 0.072679 47.695000
-2.621933 -5.637708 2.258362 0.035632 0.107491 0.063232 47.830002
-2.418529 -5.634823 2.292629 0.020120 0.165983 0.056603 47.955002
-2.211939 -5.633481 2.326619 0.000269 0.108528 0.051879 48.070000
-1.983985 -5.631263 2.341063 -0.012993 0.065083 0.048017 48.189999
-1.769204 -5.627305 2.339679 -0.017038 0.041938 0.045235 48.299999
-1.541878 -5.620823 2.338467 -0.014713 0.030632 0.042947 48.415001
-1.293327 -5.611498 2.337372 -0.008586 0.024230 0.041010 48.540001
-1.084061 -5.602527 2.341887 -0.002290 0.022187 0.039727 48.645000
-0.884563 -5.593686 2.376352 0.002915 0.021788 0.038742 48.744999
-0.684911 -5.585061 2.409977 0.006210 0.021367 0.037940 48.845001
-0.485151 -5.576964 2.442889 0.007479 0.020836 0.037287 48.945000
-0.285321 -5.569510 2.465448 0.007042 0.020276 0.036764 49.044998
-0.075477 -5.562329 2.464270 0.005216 0.020233 0.036316 49.150002
0.134368 -5.555617 2.463235 0.002972 0.019933 0.035955 49.255001
0.344194 -5.549130 2.462357 0.000560 0.020289 0.035668 49.360001
0.554011 -5.542624 2.461605 -0.000944 0.019950 0.035434 49.465000
0.763797 -5.535935 2.460974 -0.001801 0.020441 0.035250 49.570000
0.963599 -5.529320 2.478744 -0.001817 0.020493 0.035106 49.669998
1.163414 -5.522465 2.525855 -0.001259 0.020538 0.034991 49.770000
1.353235 -5.515459 2.589451 -0.059080 0.019392 0.079389 49.865002
1.552481 -5.502795 2.618977 -0.086335 0.020500 0.174283 49.965000
1.750799 -5.483594 2.668673 -0.061171 0.024369 0.207456 50.064999
1.948345 -5.458828 2.689608 -0.064887 0.024099 0.267058 50.165001
2.135358 -5.431055 2.758248 0.000238 0.023282 0.252711 50.259998
2.332391 -5.400949 2.804652 -0.000103 0.022418 0.240411 50.360001
2.539720 -5.371113 2.800239 0.073735 0.008326 0.113324 50.465000
2.745735 -5.348660 2.780956 0.072583 -0.045456 -0.000894 50.570000
2.953480 -5.333601 2.783026 0.061791 -0.097260 -0.086126 50.680000
3.160236 -5.324452 2.777662 0.029612 -0.289870 0.025608 50.799999
3.361244 -5.320309 2.777662 -0.021207 -0.261875 0.182688 50.950001
3.563214 -5.323896 2.777662 -0.055747 -0.142726 0.428780 51.185001
3.764154 -5.342560 2.777662 -0.037003 -0.019849 1.015209 51.744999
3.781435 -5.135840 2.777662 0.015022 0.241975 1.809863 52.770000
3.742378 -4.919672 2.777662 -0.021519 0.094759 1.746231 52.939999
3.700278 -4.722940 2.777662 -0.049797 0.041208 1.741443 53.080002
3.650233 -4.528888 2.777662 -0.038922 0.020697 1.724122 53.215000
3.594318 -4.333497 2.777662 -0.013641 0.068415 1.736628 53.349998
3.529147 -4.108739 2.777662 0.016940 0.163377 1.746655 53.494999
3.476047 -3.909158 2.777662 0.101382 0.109201 1.705737 53.610001
3.427058 -3.677272 2.777662 0.088738 0.067199 1.674128 53.735001
3.392303 -3.446340 2.777662 0.078863 0.046393 1.598405 53.855000
3.371077 -3.240718 2.777662 0.026818 0.035774 1.607679 53.959999
3.353004 -3.033292 2.777662 0.069627 0.028216 1.579748 54.064999
3.339632 -2.824893 2.777662 0.022010 0.025848 1.581364 54.169998
3.328845 -2.615880 2.777662 0.013747 0.024003 1.587017 54.275002
3.318293 -2.376505 2.777662 0.010591 0.022161 1.592135 54.395000
3.309523 -2.146876 2.777662 0.007135 0.008216 1.595995 54.509998
3.301976 -1.928880 2.777662 0.002796 0.012667 1.598905 54.619999
3.293733 -1.682314 2.777662 -0.001001 0.028948 1.601486 54.744999
3.286263 -1.464331 2.777662 -0.002942 0.027008 1.603266 54.855000
3.280851 -1.255598 2.777662 0.080820 0.023014 1.506572 54.959999
3.281076 -1.046749 2.777662 0.006593 0.023859 1.512795 55.064999
3.282687 -0.827601 2.777662 0.005025 0.023787 1.518270 55.174999
3.285004 -0.618073 2.777662 0.011063 0.022856 1.522451 55.279999
3.288632 -0.408351 2.777662 0.014018 0.021900 1.525801 55.384998
3.294140 -0.188583 2.777662 0.013084 0.007826 1.528614 55.494999
3.301512 0.039247 2.777662 0.008706 0.016525 1.530923 55.610001
3.309243 0.246480 2.777662 0.003152 0.028782 1.532609 55.715000
3.317428 0.454544 2.777662 -0.001593 0.026955 1.533959 55.820000
3.327055 0.703182 2.777662 -0.005258 0.024277 1.535221 55.945000
3.334992 0.922526 2.777662 -0.006265 0.022369 1.536098 56.055000
3.341972 1.132133 2.777662 -0.005819 0.020992 1.536763 56.160000
3.348423 1.341840 2.777662 -0.004216 0.020346 1.537294 56.264999
3.354517 1.551596 2.777662 -0.002054 0.020829 1.537722 56.369999
3.360467 1.761377 2.777662 -0.000278 0.011895 1.538066 56.474998
3.367254 1.998770 2.777662 0.001137 -0.004674 1.538375 56.595001
3.374187 2.233291 2.777662 0.001411 0.034658 1.538618 56.715000
3.381457 2.469566 2.777662 0.001090 0.032668 1.538807 56.834999
3.388332 2.687678 2.777662 -0.033569 0.025854 1.560492 56.945000
3.392424 2.896584 2.777662 -0.011278 0.024369 1.581136 57.049999
3.394934 3.105909 2.777662 -0.005092 0.022313 1.579889 57.154999
3.396780 3.315455 2.777662 -0.008058 0.021362 1.578889 57.259998
3.397732 3.525110 2.777662 -0.019735 0.020457 1.583454 57.365002
3.394744 3.734495 2.777662 -0.044244 0.001076 1.651254 57.470001
3.386899 3.940660 2.777662 -0.016479 -0.026645 1.647814 57.575001
3.374977 4.170816 2.822223 -0.103770 -0.093632 1.776443 57.695000
3.353685 4.376343 2.894896 -0.155360 -0.089313 1.971441 57.810001
3.310301 4.592347 2.968642 -0.170789 -0.016180 2.155906 57.945000
3.248862 4.773110 3.031814 -0.164195 0.029757 2.296153 58.070000
3.163617 4.947033 3.093557 -0.104958 0.040369 2.333143 58.200001
3.052577 5.123775 3.139998 -0.135841 0.037511 2.444023 58.340000
2.926223 5.279842 3.169613 -0.092374 0.036984 2.533951 58.474998
2.780048 5.429492 3.200739 -0.081126 0.031379 2.592235 58.615002
2.627527 5.563106 3.231413 -0.081013 0.027240 2.655827 58.750000
2.465116 5.685299 3.262314 -0.079863 0.025143 2.718137 58.884998
2.294951 5.797476 3.293759 -0.077357 0.021383 2.748691 59.020000
2.118200 5.899880 3.325973 -0.082239 0.020800 2.791207 59.154999
1.934847 5.990016 3.357757 -0.051716 0.018962 2.839881 59.290001
1.718658 6.082298 3.394880 -0.031961 0.067362 2.872169 59.445000
1.531876 6.154902 3.425912 -0.032788 0.170039 2.871713 59.570000
1.340445 6.221685 3.451400 -0.114431 0.020863 3.009656 59.685001
1.146152 6.276242 3.468778 -0.113665 -0.065482 3.122382 59.799999
0.945255 6.319085 3.485316 -0.123293 -0.025303 -3.035713 59.924999
0.744318 6.344597 3.482475 -0.113728 0.010266 -2.970689 60.055000
0.509315 6.350289 3.479759 -0.112454 0.027035 -2.896765 60.209999
0.307185 6.333199 3.477860 -0.101721 0.029095 -2.831343 60.345001
0.107671 6.297424 3.476335 -0.083303 0.026328 -2.768134 60.480000
-0.103265 6.241769 3.494167 -0.070133 0.023554 -2.698223 60.625000
-0.296139 6.176657 3.527970 -0.057727 0.020377 -2.635384 60.759998
-0.485322 6.100819 3.561269 -0.058158 0.029777 -2.570609 60.895000
-0.670479 6.014269 3.571083 -0.067992 0.178300 -2.517102 61.025002
-0.845920 5.917362 3.569856 -0.076897 0.132911 -2.446322 61.139999
-1.026380 5.802462 3.568840 -0.083356 0.085715 -2.367974 61.255001
-1.190020 5.684536 3.568054 -0.092510 0.060929 -2.294221 61.360001
-1.350870 5.557230 3.567385 -0.026086 0.044718 -2.306917 61.465000
-1.518729 5.418508 3.566795 -0.037720 0.034156 -2.321080 61.575001
-1.675695 5.281609 3.566313 -0.140111 -0.093527 -2.200961 61.680000
-1.820878 5.137784 3.565892 -0.190320 -0.100777 -2.025205 61.790001
-1.949310 4.982298 3.565503 -0.192995 -0.029052 -1.866935 61.910000
-2.060190 4.803870 3.565144 -0.179741 0.024052 -1.714552 62.044998
-2.139483 4.618280 3.564851 -0.156419 0.046056 -1.583536 62.180000
-2.198687 4.382663 3.564572 -0.136009 0.049506 -1.422045 62.345001
-2.219639 4.156740 3.581414 -0.124786 0.051645 -1.269952 62.500000
-2.210757 3.952426 3.605832 -0.120772 0.052867 -1.138726 62.639999
-2.174608 3.743759 3.605206 -0.123376 0.052843 -0.999005 62.785000
-2.107618 3.527217 3.604677 -0.132088 0.050391 -0.864792 62.939999
-2.010447 3.323274 3.604258 -0.136218 0.056492 -0.705789 63.095001
-1.897324 3.153219 3.603959 -0.128550 0.053438 -0.595348 63.235001
-1.748907 2.980293 3.603693 -0.086972 0.045055 -0.552379 63.389999
-1.604250 2.840810 3.603509 -0.091612 0.036808 -0.501201 63.525002
-1.447564 2.713415 3.603406 -0.073002 -0.057048 -0.415002 63.660000
-1.284742 2.593628 3.603406 -0.078759 -0.238945 -0.257917 63.810001
-1.115496 2.464364 3.603406 -0.086756 -0.136096 -0.011818 64.044998
-0.964270 2.331913 3.603406 -0.048036 -0.019479 0.506561 64.540001
-0.786736 2.431646 3.603406 -0.033375 0.319890 0.820218 65.245003
-0.656788 2.586933 3.603406 -0.013616 0.256052 0.896949 65.394997
-0.527470 2.743147 3.603406 0.014789 0.145601 0.947774 65.514999
-0.376746 2.919379 3.603406 0.021249 0.076688 0.972891 65.639999
-0.236797 3.079602 3.603406 -0.045380 0.048859 1.033130 65.750000
-0.103776 3.237440 3.603406 -0.015009 0.037970 1.031143 65.855003
0.026659 3.399761 3.603406 -0.066623 0.034015 1.076780 65.959999
0.163604 3.583465 3.603406 -0.045583 0.028582 1.060305 66.074997
0.279086 3.746867 3.603406 -0.049465 0.023615 1.049011 66.175003
0.407404 3.938504 3.603406 -0.045363 0.018973 1.038567 66.290001
0.515314 4.107777 3.603406 -0.032001 0.017432 1.031261 66.389999
0.631358 4.295795 3.603406 -0.014918 0.011620 1.024820 66.500000
0.740358 4.474797 3.603406 0.000006 -0.048736 1.019947 66.605003
0.851480 4.654607 3.587488 0.031249 -0.183429 0.915563 66.714996
0.958813 4.825080 3.587488 0.050099 -0.312895 0.789896 66.834999
1.064958 4.999637 3.587488 0.077366 -0.226102 0.617103 67.000000
1.163322 5.176772 3.587488 0.078416 -0.101100 0.334351 67.269997
1.244641 5.360981 3.587488 0.017627 0.002928 -0.561031 68.125000
1.304058 5.150124 3.587488 0.025733 0.319548 -1.397588 69.339996
1.342263 4.926320 3.587488 0.008830 0.215098 -1.482819 69.495003
1.373860 4.718071 3.587488 0.010894 0.116923 -1.564978 69.614998
1.406184 4.485709 3.587488 0.010368 0.068071 -1.609445 69.739998
1.431116 4.284469 3.587488 0.079007 0.054058 -1.683165 69.845001
1.447140 4.080381 3.587488 0.059921 0.048878 -1.721218 69.949997
1.452869 3.874604 3.587488 0.097582 0.048130 -1.771012 70.055000
1.447134 3.658017 3.587488 0.070035 0.041418 -1.756091 70.165001
1.433030 3.450494 3.587488 0.071349 0.033156 -1.744828 70.269997
1.410863 3.242903 3.587488 0.060641 0.027487 -1.735650 70.375000
1.377493 3.005997 3.587488 0.034788 0.019777 -1.727467 70.495003
1.339202 2.770739 3.587488 0.004583 -0.010135 -1.721035 70.614998
1.305088 2.567305 3.616682 -0.013572 0.029228 -1.716585 70.720001
1.272112 2.362798 3.636440 -0.025672 0.030891 -1.713027 70.824997
1.237194 2.127212 3.641767 0.004569 0.026577 -1.729023 70.945000
1.205666 1.910344 3.640613 -0.022323 0.022422 -1.741618 71.055000
1.177187 1.702731 3.639682 -0.024743 0.021048 -1.735453 71.160004
1.150852 1.494644 3.638895 -0.014274 0.020179 -1.730532 71.264999
1.123756 1.276507 3.638192 0.041368 0.020309 -1.773183 71.375000
1.088907 1.029537 3.637531 0.012279 -0.011371 -1.766985 71.500000
1.053945 0.797778 3.637120 0.015051 -0.123281 -1.731863 71.620003
1.020184 0.588917 3.637120 -0.017567 -0.316763 -1.606195 71.739998
0.983923 0.390417 3.637120 -0.058472 -0.256233 -1.449111 71.889999
0.939933 0.192751 3.637120 -0.075417 -0.133918 -1.203012 72.125000
0.881666 0.000922 3.637120 -0.039870 -0.014839 -0.627035 72.675003
1.084636 0.058407 3.637120 -0.029030 0.320310 0.549416 74.250000
1.255967 0.162880 3.637120 -0.006758 0.226994 0.619820 74.385002
1.426124 0.271248 3.637120 -0.002514 0.119358 0.694896 74.500000
1.598561 0.384389 3.637120 -0.028631 0.069971 0.772233 74.610001
1.804626 0.528115 3.637120 -0.071067 0.049661 0.864067 74.739998
1.974660 0.659789 3.637120 -0.125870 0.017535 0.954951 74.849998
2.131095 0.798178 3.637120 -0.148062 -0.107453 1.039133 74.959999
2.293139 0.966597 3.637120 -0.155070 -0.050598 1.111904 75.095001
2.416393 1.125049 3.637120 -0.145917 -0.007576 1.177205 75.220001
2.521698 1.296328 3.637120 -0.121870 0.012451 1.239498 75.349998
2.611199 1.481469 3.637120 -0.094881 0.018571 1.306495 75.485001
2.684935 1.672415 3.637120 -0.074111 0.018725 1.374812 75.620003
2.750961 1.866208 3.637120 0.029894 0.012712 1.253035 75.754997
2.824365 2.066664 3.637120 0.040311 0.120888 1.152101 75.894997
2.902233 2.256951 3.637120 0.031198 0.153090 1.067796 76.019997
2.994997 2.462876 3.637120 0.030243 0.095741 0.981621 76.144997
3.086603 2.650329 3.637120 0.055283 0.064446 0.903907 76.254997
3.183043 2.829329 3.637120 0.088362 0.052560 0.827810 76.360001
3.289942 3.004369 3.637120 0.123476 0.051211 0.753668 76.464996
3.408174 3.171573 3.637120 0.104688 -0.078930 0.657256 76.570000
3.550324 3.354649 3.637120 0.111378 -0.293120 0.521116 76.699997
3.675410 3.515655 3.637120 0.120509 -0.239430 0.364031 76.849998
3.793856 3.678674 3.637120 0.106515 -0.115882 0.123169 77.080002
3.900040 3.848687 3.637120 0.045860 -0.007635 -0.426627 77.605003
3.959368 3.634060 3.637120 0.014754 0.317465 -1.521925 79.095001
3.970807 3.427515 3.637120 0.008964 0.202580 -1.602169 79.230003
3.981353 3.223693 3.637120 -0.029029 0.111476 -1.619763 79.345001
3.993416 3.016958 3.637120 -0.007569 0.069027 -1.672159 79.455002
4.004019 2.813969 3.637120 0.006639 0.051026 -1.662242 79.559998
4.013083 2.607737 3.637120 0.042726 0.040600 -1.654261 79.665001
4.017190 2.389773 3.637120 0.063439 0.032138 -1.647563 79.775002
4.013997 2.180919 3.637120 0.062198 0.026498 -1.642513 79.879997
4.004053 1.971853 3.637120 0.048323 0.022909 -1.638399 79.985001
3.988140 1.752886 3.637120 0.022208 0.021613 -1.635004 80.095001
3.967709 1.514025 3.637120 -0.002557 0.020791 -1.632066 80.214996
3.947456 1.275051 3.637120 -0.019423 0.020639 -1.629788 80.334999
3.929723 1.035861 3.637120 -0.025914 0.019885 -1.628005 80.455002
3.917016 0.827174 3.637120 -0.023076 -0.028656 -1.626771 80.559998
3.905787 0.625071 3.637120 0.077147 -0.132348 -1.773257 80.665001
3.885840 0.396697 3.637120 0.118764 -0.081351 -1.926061 80.794998
3.852405 0.189900 3.637120 0.144725 -0.012624 -2.096627 80.925003
3.797019 -0.007976 3.637120 0.152345 0.028379 -2.252414 81.059998
3.710763 -0.203994 3.637120 0.150282 0.051115 -2.400799 81.205002
3.600886 -0.376573 3.637120 0.142061 0.056386 -2.540783 81.345001
3.467434 -0.531405 3.637120 0.132157 0.055170 -2.672620 81.485001
3.297400 -0.682091 3.637120 0.083773 -0.001865 -2.714533 81.639999
3.132930 -0.805956 3.637120 0.034712 -0.238930 -2.557456 81.790001
2.967474 -0.921658 3.637120 -0.022817 -0.174548 -2.342783 81.995003
2.796729 -1.029168 3.637120 -0.041752 -0.061687 -1.929130 82.389999
2.997401 -1.042189 3.637120 -0.020357 0.299567 0.177566 84.894997
3.201663 -1.010162 3.637120 0.008493 0.182534 0.242585 85.025002
3.406216 -0.976528 3.637120 0.043611 0.104470 0.234466 85.139999
3.622940 -0.944706 3.637120 0.011538 0.062075 0.228088 85.254997
3.825914 -0.915006 3.637120 -0.072961 0.043770 0.265001 85.360001
4.029379 -0.877214 3.637120 -0.068598 0.036152 0.323321 85.464996
4.241767 -0.828768 3.637120 -0.033834 0.030901 0.313393 85.574997
4.468805 -0.771711 3.637120 -0.007369 -0.189717 0.197411 85.695000
4.665768 -0.718941 3.637120 0.038110 -0.319497 0.071744 85.815002
4.858508 -0.662235 3.637120 0.072285 -0.235533 -0.095813 85.974998
5.047977 -0.597142 3.637120 0.078420 -0.108497 -0.368093 86.235001
5.230691 -0.514635 3.637120 0.022524 0.000774 -1.169224 87.000000
5.283568 -0.711285 3.637120 0.037316 0.321464 -1.472988 87.724998
5.302406 -0.918021 3.637120 0.008619 0.256661 -1.519210 87.875000
5.319778 -1.131489 3.637120 0.017262 0.135238 -1.599891 88.000000
5.334014 -1.363654 3.637120 0.029469 0.074316 -1.686192 88.125000
5.341883 -1.594392 3.637120 0.062341 0.051416 -1.770146 88.245003
5.341887 -1.798960 3.637120 0.024559 0.045040 -1.771837 88.349998
5.337404 -2.005509 3.637120 0.050819 0.042187 -1.759124 88.455002
5.326572 -2.213230 3.637120 0.072435 0.034510 -1.748968 88.559998
5.307542 -2.421092 3.637120 0.072369 0.029122 -1.740740 88.665001
5.280502 -2.628540 3.637120 0.055418 0.023772 -1.734171 88.769997
5.247387 -2.835448 3.637120 0.031147 0.021311 -1.728850 88.875000
5.203820 -3.081376 3.637120 -0.002669 0.020995 -1.723910 89.000000
5.167028 -3.288104 3.637120 -0.020652 0.021371 -1.720600 89.105003
5.133752 -3.485388 3.637120 -0.029780 0.019761 -1.718082 89.205002
5.103074 -3.683073 3.637120 -0.030819 0.019307 -1.716018 89.305000
5.072409 -3.900929 3.637120 -0.024494 0.019253 -1.714215 89.415001
5.039472 -4.157423 3.637120 -0.010894 -0.042780 -1.712542 89.544998
5.014385 -4.357115 3.637120 0.078162 -0.126687 -1.830633 89.650002
4.981485 -4.557480 3.637120 0.135562 -0.091090 -2.019378 89.764999
4.930207 -4.761096 3.637120 0.151942 -0.010199 -2.187440 89.894997
4.856164 -4.953122 3.637120 0.151095 0.031057 -2.336974 90.029999
4.759293 -5.128483 3.637120 0.143646 0.046304 -2.472716 90.165001
4.635929 -5.293037 3.637120 0.136795 0.051741 -2.612997 90.305000
4.491660 -5.438738 3.637120 0.127788 0.052801 -2.744495 90.445000
4.330529 -5.566906 3.637120 0.079089 0.044837 -2.787404 90.584999
4.145550 -5.693523 3.637120 0.090794 -0.227206 -2.954953 90.745003
3.979110 -5.807434 3.637120 0.097391 -0.159443 3.118796 90.945000
3.819980 -5.929286 3.637120 0.066234 -0.040421 2.720866 91.324997
3.930664 -5.761164 3.637120 -0.061260 0.313285 0.802646 93.464996
4.052207 -5.594196 3.637120 -0.038545 0.178418 0.835573 93.589996
4.171257 -5.428665 3.637120 0.028876 0.093755 0.902100 93.699997
4.300658 -5.259138 3.637120 0.143191 0.036936 0.897781 93.809998
4.437615 -5.104373 3.637120 0.134935 0.018605 0.884381 93.915001
4.585577 -4.957764 3.637120 0.074454 0.017173 0.873704 94.019997
4.761869 -4.795580 3.637120 0.008997 0.020367 0.864012 94.139999
4.909903 -4.660526 3.637120 -0.033541 0.021604 0.857561 94.239998
5.055665 -4.522556 3.637120 -0.059235 0.021177 0.852408 94.339996
5.211350 -4.365764 3.637120 -0.096392 0.017985 0.868774 94.449997
5.345458 -4.216648 3.637120 -0.088023 0.003854 0.925786 94.550003
5.476439 -4.055334 3.637120 -0.069328 -0.061815 0.985057 94.654999
5.600829 -3.892048 3.637120 -0.040627 -0.265884 1.088840 94.764999
5.726358 -3.728098 3.637120 -0.071021 -0.290871 1.230213 94.900002
5.855504 -3.569117 3.637120 -0.088624 -0.173432 1.434418 95.095001
5.991028 -3.419713 3.637120 -0.067778 -0.051652 1.811412 95.455002
5.860111 -3.266022 3.637120 0.000404 0.319850 2.939404 97.044998
5.661048 -3.222108 3.637120 0.001027 0.235012 2.933505 97.184998
5.456537 -3.176857 3.637120 0.002016 0.128493 2.929688 97.305000
5.254910 -3.131758 3.637120 0.002679 0.077917 2.926890 97.415001
5.056045 -3.086701 3.637120 0.001973 0.047439 2.924780 97.519997
4.834903 -3.036081 3.637120 -0.044994 -0.015835 2.976085 97.635002
4.628789 -2.993887 3.637120 -0.134964 -0.127972 -3.096298 97.745003
4.414355 -2.964977 3.637120 -0.168870 -0.062086 -2.911956 97.870003
4.208927 -2.959982 3.637120 -0.177277 0.010278 -2.754155 98.000000
3.986399 -2.988950 3.637120 -0.166871 0.046986 -2.590465 98.150002
3.790661 -3.049376 3.637120 -0.150243 0.056936 -2.450646 98.290001
3.594488 -3.146325 3.637120 -0.132432 0.054477 -2.298998 98.440002
3.425152 -3.261822 3.637120 -0.091478 0.047494 -2.201433 98.580002
3.267051 -3.394867 3.637120 -0.116123 0.040805 -2.081755 98.720001
3.124996 -3.544387 3.637120 -0.133029 0.047494 -1.932270 98.860001
3.004217 -3.710123 3.637120 -0.128406 0.052783 -1.794966 99.000000
2.903559 -3.896528 3.637120 -0.133372 0.055454 -1.652848 99.144997
2.822377 -4.115691 3.637120 -0.131903 0.052179 -1.521171 99.305000
2.778522 -4.314977 3.637120 -0.144256 0.057626 -1.375282 99.445000
2.764161 -4.532220 3.637120 -0.143065 0.059995 -1.227915 99.595001
2.782975 -4.756980 3.637120 -0.011656 0.043497 -1.263501 99.750000
2.808448 -4.956172 3.637120 0.015020 0.025770 -1.399810 99.885002
2.833492 -5.158035 3.637120 0.033224 0.011322 -1.565249 100.019997
2.853148 -5.360075 3.637120 0.037704 0.013168 -1.708199 100.154999
2.865775 -5.561567 3.637120 0.082527 0.022436 -1.824210 100.290001
2.865239 -5.791952 3.637120 0.081609 0.036321 -1.892354 100.445000
2.844859 -6.014075 3.637120 0.098028 0.038021 -1.958337 100.595001
2.808927 -6.213485 3.637120 0.079128 -0.199719 -2.092624 100.735001
2.768668 -6.416434 3.637120 0.090524 -0.188715 -2.286361 100.919998
2.736945 -6.619092 3.637120 0.074117 -0.066131 -2.626695 101.245003
2.800939 -6.812198 3.637120 -0.005277 0.318218 -0.100920 104.714996
3.004524 -6.829021 3.637120 -0.021645 0.315943 -0.036879 104.915001
3.210128 -6.839289 3.637120 -0.017987 0.209978 0.044642 105.050003
3.413390 -6.845713 3.637120 0.053804 0.114076 0.063343 105.165001
3.620114 -6.856163 3.637120 0.035431 0.071319 0.053071 105.275002
3.852826 -6.871129 3.637120 -0.013132 0.046212 0.044366 105.394997
4.059628 -6.882717 3.637120 -0.040174 0.035532 0.038285 105.500000
4.267763 -6.889946 3.637120 -0.037605 -0.039157 0.034931 105.605003
4.476319 -6.893682 3.637120 -0.036835 -0.259157 0.139654 105.714996
4.679776 -6.898081 3.637120 -0.067670 -0.300795 0.275794 105.845001
4.881374 -6.907903 3.637120 -0.087912 -0.188029 0.469532 106.029999
5.081977 -6.928051 3.637120 -0.071911 -0.062487 0.820354 106.364998
5.201037 -6.762838 3.637120 -0.025146 0.320073 1.759322 107.675003
5.157466 -6.564763 3.637120 -0.014749 0.259761 1.837225 107.824997
5.109601 -6.367994 3.637120 0.001707 0.148637 1.912373 107.945000
5.059756 -6.171745 3.637120 -0.010259 0.082829 1.986985 108.055000
5.007178 -5.978288 3.637120 -0.039486 0.056601 2.060798 108.160004
4.948430 -5.783070 3.630626 -0.045496 0.048524 2.087410 108.264999
4.878165 -5.579309 3.593863 -0.107950 0.047884 2.161403 108.375000
4.787757 -5.360943 3.554508 -0.068813 0.042021 2.143149 108.495003
4.703913 -5.181093 3.521635 -0.072819 0.034420 2.130810 108.595001
4.612728 -5.003733 3.488681 -0.064231 0.026648 2.121015 108.695000
4.515315 -4.828949 3.456187 -0.047294 0.021663 2.112901 108.794998
4.413498 -4.656289 3.424753 -0.022897 0.000227 2.106410 108.894997
4.310530 -4.486578 3.393173 0.000605 -0.056528 2.101071 108.995003
4.206655 -4.315104 3.361753 0.065590 -0.111734 2.029688 109.099998
4.093711 -4.116073 3.325394 0.083595 -0.135729 1.950427 109.230003
4.002077 -3.934654 3.292777 0.092080 -0.136315 1.853571 109.360001
3.922492 -3.748767 3.239007 0.079012 -0.126130 1.778249 109.510002
3.859896 -3.568383 3.177898 0.058272 -0.111872 1.720820 109.680000
3.807562 -3.371497 3.110885 0.037968 -0.090571 1.645903 109.910004
3.768134 -3.175550 3.098432 0.010313 -0.051122 1.643241 110.214996
3.734185 -2.976257 3.087468 0.006758 -0.047856 1.642750 110.665001
3.723505 -2.762608 3.076668 0.000023 0.319349 1.642462 119.394997
3.707232 -2.536963 3.076668 0.000300 0.299991 1.642462 119.595001
3.692777 -2.337213 3.076668 0.000660 0.184565 1.642462 119.720001
3.676377 -2.111019 3.076668 0.001097 0.100002 1.642462 119.845001
3.661156 -1.901125 3.076668 0.001467 0.059953 1.642462 119.955002
3.646318 -1.696151 3.076668 0.001665 0.040839 1.642462 120.059998
3.631356 -1.488909 3.076668 0.001753 0.030357 1.642462 120.165001
3.615647 -1.270613 3.082045 0.001808 0.024117 1.642462 120.275002
3.598526 -1.031898 3.090740 0.001596 0.022205 1.642462 120.394997
3.580711 -0.782949 3.092393 0.001414 0.021072 1.642462 120.519997
3.562897 -0.533873 3.093753 0.001218 0.021197 1.642462 120.644997
3.547202 -0.314595 3.094753 0.001165 0.020730 1.642462 120.754997
3.532197 -0.105235 3.095558 0.001148 0.020830 1.642462 120.860001
3.517184 0.103970 3.096241 0.001169 -0.002519 1.642462 120.964996
3.502244 0.311942 3.096823 0.001279 0.021863 1.642462 121.070000
3.487293 0.519994 3.097322 0.001320 0.025577 1.642462 121.175003
3.472303 0.728588 3.097741 0.001410 0.023345 1.642462 121.279999
3.455862 0.957459 3.098129 0.001390 0.022366 1.642462 121.394997
3.440841 1.166654 3.098430 0.001435 0.020847 1.642462 121.500000
3.425824 1.375933 3.098682 0.001356 0.021219 1.642462 121.605003
3.409369 1.605262 3.098916 0.001358 0.020595 1.642462 121.720001
3.392913 1.834636 3.099112 0.001378 0.019905 1.642462 121.834999
3.375807 2.073063 3.099282 0.001246 -0.033592 1.642462 121.955002
3.361091 2.278114 3.099407 0.001366 0.026248 1.642462 122.059998
3.346354 2.483541 3.099514 0.001327 0.034827 1.642462 122.165001
3.330801 2.700387 3.099610 0.001335 0.029950 1.642462 122.275002
3.313736 2.938272 3.099695 0.001282 0.025485 1.642462 122.394997
3.296609 3.176925 3.099767 0.001330 0.022297 1.642462 122.514999
3.282315 3.376068 3.119457 0.001301 0.021869 1.642462 122.614998
3.265150 3.615196 3.123167 0.001343 0.020808 1.642462 122.735001
3.249451 3.834476 3.124458 0.034221 0.019864 1.622679 122.845001
3.238508 4.043842 3.143756 0.086587 0.016619 1.520715 122.949997
3.235402 4.249575 3.149177 0.049249 -0.167865 1.413212 123.055000
3.234785 4.456815 3.149177 0.073297 -0.315915 1.287544 123.175003
3.230917 4.666916 3.149177 0.094789 -0.228478 1.114752 123.339996
3.218505 4.871013 3.149177 0.087169 -0.097417 0.837236 123.605003
3.188348 5.068992 3.149177 0.022189 0.002830 0.030869 124.375000
3.232816 4.867653 3.149177 0.034324 0.320835 -1.398296 126.180000
3.271257 4.632867 3.149177 0.007763 0.223004 -1.479945 126.345001
3.300398 4.433634 3.149177 0.000635 0.121962 -1.551421 126.459999
3.328978 4.230044 3.149177 -0.047516 0.068523 -1.577958 126.570000
3.363242 4.010683 3.149177 -0.023059 0.047611 -1.562108 126.684998
3.398362 3.797340 3.149177 0.026921 0.038872 -1.550243 126.794998
3.433057 3.561939 3.149177 0.058436 0.031922 -1.539917 126.915001
3.456983 3.354334 3.149177 0.065703 0.027394 -1.532770 127.019997
3.474113 3.145682 3.149177 0.054647 0.023629 -1.527062 127.125000
3.486898 2.906461 3.149177 0.030884 0.021812 -1.521906 127.245003
3.494601 2.696801 3.149177 0.009337 0.020733 -1.518333 127.349998
3.501496 2.487045 3.149177 -0.007794 0.020206 -1.515468 127.455002
3.508755 2.277314 3.149177 0.046921 0.020333 -1.570422 127.559998
3.514597 2.047617 3.149177 0.003126 0.019194 -1.582935 127.675003
3.520273 1.837992 3.149177 -0.012650 0.020150 -1.589327 127.779999
3.526924 1.628354 3.149177 -0.001313 0.021137 -1.586384 127.885002
3.533810 1.408616 3.149177 0.015168 0.021493 -1.583951 127.995003
3.538724 1.198779 3.149177 0.023005 0.020717 -1.582065 128.100006
3.541172 0.988920 3.170362 0.023854 0.020880 -1.580579 128.205002
3.541131 0.789022 3.176830 0.019232 0.020931 -1.579420 128.304993
3.538799 0.559135 3.176144 0.010396 0.020252 -1.578358 128.419998
3.534945 0.319290 3.175550 0.000829 0.020152 -1.577496 128.539993
3.531127 0.089456 3.175073 -0.006065 0.020762 -1.576849 128.654999
3.528287 -0.120426 3.174706 -0.009085 0.020121 -1.576382 128.759995
3.526399 -0.330304 3.174397 -0.009137 0.014092 -1.576011 128.865005
3.525456 -0.539247 3.174133 -0.007171 0.016552 -1.575706 128.970001
3.525250 -0.747664 3.173911 -0.004051 0.024908 -1.575464 129.074997
3.525457 -0.956540 3.173719 -0.000998 0.018792 -1.575268 129.179993
3.525772 -1.193838 3.173537 0.002262 -0.049069 -1.575092 129.300003
3.525809 -1.430643 3.173380 0.003251 -0.108718 -1.574949 129.425003
3.525502 -1.640087 3.173254 -0.017447 -0.138180 -1.546366 129.544998
3.527899 -1.871364 3.163515 -0.042870 -0.145467 -1.437280 129.695007
3.535820 -2.073403 3.145621 -0.049742 -0.132341 -1.357062 129.850006
3.552542 -2.278915 3.109577 -0.042679 -0.111608 -1.301866 130.044998
3.580865 -2.479940 3.083089 -0.018257 -0.068581 -1.266532 130.300003
3.618862 -2.680818 3.081415 -0.009221 -0.052747 -1.267906 130.654999
3.663810 -2.875994 3.079808 -0.004144 -0.038092 -1.268098 131.264999
