-12.794272 4.041865 1.000000 -0.021137 0.319269 0.232909 0.000000
-12.597921 4.091708 1.000000 -0.007531 0.264748 0.307897 0.150000
-12.402435 4.145301 1.000000 0.003057 0.150090 0.383972 0.270000
-12.179609 4.207816 1.028351 0.064895 0.073418 0.398896 0.395000
-11.983455 4.257834 1.035978 0.046375 0.046089 0.382345 0.500000
-11.782804 4.305329 1.036452 0.000634 0.036689 0.369043 0.605000
-11.580483 4.354239 1.036854 -0.035962 0.031876 0.358378 0.710000
-11.378347 4.407874 1.037193 -0.052833 0.028351 0.349893 0.815000
-11.148755 4.476600 1.046567 -0.009562 0.020177 0.313747 0.935000
-10.938651 4.541054 1.086311 0.060626 0.016884 0.191121 1.045000
-10.746688 4.593934 1.120111 0.081096 0.021470 0.098189 1.145000
-10.553642 4.638739 1.153704 0.108100 0.030546 0.010907 1.245000
-10.339842 4.675430 1.189288 0.130351 0.040022 -0.076255 1.355000
-10.134346 4.697617 1.222598 0.107170 0.043427 -0.095192 1.460000
-9.937262 4.708936 1.254887 0.069563 0.039734 -0.096657 1.560000
-9.742647 4.710662 1.318079 0.177668 -0.116806 -0.274367 1.660000
-9.545811 4.698259 1.367695 0.184498 -0.087491 -0.360715 1.770000
-9.350567 4.668417 1.400342 0.093923 -0.034975 -0.359665 1.890000
-9.152328 4.622515 1.431146 0.093248 -0.008816 -0.412195 2.020000
-8.963456 4.563391 1.460546 0.070162 0.006725 -0.466452 2.150000
-8.753819 4.482870 1.479357 0.047239 -0.125223 -0.575610 2.300000
-8.565581 4.405319 1.479357 0.066945 -0.234542 -0.743161 2.460000
-8.378200 4.333840 1.479357 0.076869 -0.122654 -0.999724 2.705000
-8.188146 4.267835 1.479357 0.008675 -0.031929 -0.565138 3.340000
-7.991019 4.223666 1.479357 -0.044157 0.287822 -0.097566 4.110000
-7.789695 4.207612 1.479357 0.041735 0.126941 -0.023385 4.281000
-7.567708 4.183535 1.524353 0.099538 0.044493 -0.031556 4.440000
-7.365602 4.146886 1.549913 0.016311 0.025910 -0.049473 4.580000
-7.168041 4.105716 1.549811 0.026209 0.019644 -0.154377 4.715000
-6.969573 4.060160 1.549727 0.019460 0.014379 -0.274413 4.850000
-6.748753 4.007362 1.549651 -0.025090 0.012584 -0.279766 5.000000
-6.534651 3.957437 1.542508 0.040403 0.012468 -0.368741 5.145000
-6.337259 3.904730 1.553084 0.068398 0.016533 -0.446780 5.280000
-6.143934 3.841225 1.534203 0.031047 0.017033 -0.513801 5.415000
-5.945322 3.769198 1.532482 0.017782 0.017477 -0.466106 5.555000
-5.755246 3.694159 1.531238 0.050447 0.016237 -0.512765 5.690000
-5.546948 3.603014 1.530130 -0.022009 0.010734 -0.369672 5.840000
-5.362640 3.524203 1.529937 -0.026530 -0.199381 -0.242589 5.975000
-5.169162 3.439375 1.529937 -0.061683 -0.215357 -0.054093 6.155000
-4.989417 3.350548 1.529937 -0.068891 -0.092183 0.249594 6.445000
-4.820859 3.242741 1.529937 -0.005034 0.003927 1.574303 7.710000
-4.871545 3.438566 1.529937 -0.012886 0.252868 1.879600 8.360000
-4.935563 3.643018 1.529937 0.059709 0.098316 1.943734 8.530000
-4.987947 3.842176 1.529937 0.047278 0.045387 1.941524 8.675000
-5.033957 4.044188 1.529937 0.000018 0.029676 1.929682 8.815000
-5.081675 4.249516 1.529937 -0.029952 0.020988 1.920854 8.955000
-5.134455 4.447035 1.529937 -0.085970 0.016483 1.978187 9.090000
-5.207213 4.662019 1.529937 -0.039401 0.016638 1.986659 9.240000
-5.280988 4.853136 1.529937 -0.027769 0.014129 1.981469 9.375000
-5.359619 5.041849 1.529937 -0.017453 0.169528 1.977725 9.505000
-5.439430 5.225900 1.529937 0.044086 0.124921 1.941202 9.620000
-5.529501 5.441909 1.529937 0.049552 0.073247 1.898842 9.745000
-5.603647 5.631403 1.529937 0.027171 0.048961 1.877196 9.850000
-5.674529 5.825427 1.529937 0.109446 0.034403 1.797208 9.955000
-5.734943 6.023489 1.529937 0.143645 -0.037030 1.662779 10.060000
-5.781394 6.224976 1.529937 0.136671 -0.117802 1.523551 10.170000
-5.814228 6.427855 1.529937 0.125308 -0.055263 1.472582 10.290000
-5.830712 6.634979 1.529937 0.127533 -0.009001 1.397385 10.420000
-5.826989 6.835002 1.529937 0.109981 0.013768 1.332482 10.550000
-5.800419 7.060748 1.529937 0.086733 0.020491 1.261135 10.700000
-5.759750 7.260428 1.529937 0.068654 0.020265 1.192309 10.835000
-5.706703 7.457155 1.529937 -0.010299 0.015630 1.202966 10.970000
-5.652561 7.654554 1.529937 -0.045987 0.083426 1.320569 11.105000
-5.600318 7.876014 1.529937 -0.034630 0.158864 1.420878 11.245000
-5.559213 8.078467 1.529937 -0.024982 0.102314 1.503314 11.360000
-5.522634 8.282722 1.529937 -0.045013 0.066295 1.584960 11.470000
-5.492305 8.483050 1.529937 -0.078829 0.052763 1.650841 11.575000
-5.470955 8.686320 1.529937 -0.121593 0.052195 1.733375 11.680000
-5.460642 8.911115 1.529937 -0.072077 0.048915 1.720187 11.795000
-5.460822 9.118206 1.529937 -0.144260 0.040842 1.755516 11.900000
-5.476330 9.322129 1.561389 -0.207385 -0.099493 1.933551 12.005000
-5.511456 9.516035 1.598714 -0.224280 -0.075513 2.115693 12.115000
-5.576947 9.716047 1.636363 -0.210680 -0.003063 2.290604 12.245000
-5.672238 9.897090 1.671148 -0.178305 0.037069 2.442492 12.380000
-5.792573 10.056281 1.704485 -0.152178 0.047203 2.587774 12.515000
-5.939108 10.200557 1.714052 -0.128516 0.048176 2.730171 12.655000
-6.121457 10.336366 1.711490 -0.118182 0.048912 2.880538 12.810000
-6.300115 10.439178 1.709630 -0.077369 0.043555 2.931163 12.950000
-6.481530 10.525178 1.708186 -0.083108 0.037402 2.977651 13.085000
-6.705766 10.609085 1.706829 -0.090763 0.032475 3.046208 13.245000
-6.922906 10.668470 1.705831 -0.052665 0.026077 3.075537 13.395000
-7.122061 10.709547 1.705113 -0.046046 0.023363 3.092156 13.530000
-7.323699 10.742011 1.704526 -0.038455 0.017436 3.078630 13.665000
-7.526930 10.767126 1.704052 -0.047793 0.054511 3.107533 13.800000
-7.742215 10.784619 1.711785 -0.070439 0.166852 3.129542 13.935000
-7.945816 10.791000 1.739155 -0.044634 0.117918 -3.108876 14.050000
-8.152366 10.789235 1.739496 -0.046198 0.074915 -3.081065 14.160000
-8.355424 10.781650 1.739740 -0.044458 0.049944 -3.076386 14.265000
-8.561402 10.768951 1.739948 -0.041890 0.034662 -3.072616 14.370000
-8.768691 10.751698 1.740122 -0.028584 0.028011 -3.069627 14.475000
-8.976604 10.731194 1.740273 -0.014775 0.024508 -3.067179 14.580000
-9.204718 10.706898 1.740411 0.001427 0.022016 -3.065083 14.695000
-9.423111 10.683640 1.740523 0.012441 0.002140 -3.063482 14.805000
-9.649190 10.660876 1.740621 0.017156 0.013937 -3.062165 14.920000
-9.893941 10.638474 1.768283 0.015892 0.032321 -3.061047 15.045000
-10.101005 10.621222 1.766586 0.011250 0.029914 -3.060307 15.150000
-10.309153 10.604911 1.765115 0.006081 0.025413 -3.059718 15.255000
-10.517909 10.589912 1.763861 0.026118 0.022204 -3.083211 15.360000
-10.727069 10.577804 1.762796 0.040956 0.021770 -3.094347 15.465000
-10.936556 10.569985 1.761887 0.055854 0.019646 -3.109110 15.570000
-11.145911 10.569765 1.761118 0.069176 0.019483 3.100759 15.675000
-11.374285 10.579171 1.760409 0.100236 -0.019756 3.018731 15.790000
-11.586740 10.598832 1.759838 0.058809 -0.006543 2.944298 15.900000
-11.785719 10.623860 1.759379 -0.039924 0.045608 2.999952 16.004999
-11.987605 10.647601 1.758985 0.001634 0.046059 3.025558 16.110001
-12.192350 10.668767 1.758652 -0.036501 0.036241 3.104895 16.215000
-12.399030 10.685959 1.758368 -0.026302 0.031396 3.110157 16.320000
-12.646771 10.702480 1.758086 -0.041792 0.026088 3.115100 16.445000
-12.855739 10.711611 1.757888 -0.045866 0.023030 3.118356 16.549999
-13.065122 10.715955 1.757720 -0.038131 0.021674 3.120970 16.655001
-13.274325 10.718000 1.757576 0.048586 -0.009071 3.036345 16.760000
-13.479079 10.724563 1.757454 0.071369 -0.069820 2.944714 16.865000
-13.682406 10.738138 1.757346 0.071995 0.012082 2.882317 16.975000
-13.909266 10.757430 1.757244 -0.125068 -0.068570 -3.107104 17.100000
-14.116667 10.761030 1.789565 -0.150627 -0.068297 -2.869035 17.219999
-14.315022 10.744983 1.825215 -0.166534 -0.005909 -2.687796 17.344999
-14.513546 10.701859 1.827552 -0.167876 0.038220 -2.520443 17.480000
-14.704636 10.627336 1.825949 -0.161322 0.055535 -2.370550 17.620001
-14.880111 10.523735 1.824660 -0.142750 0.057226 -2.226504 17.760000
-15.039133 10.395514 1.823860 -0.104581 -0.015590 -2.094599 17.900000
-15.184390 10.256507 1.823860 -0.094975 -0.225770 -1.937514 18.049999
-15.329926 10.118724 1.823860 -0.095872 -0.143552 -1.712360 18.264999
-15.483737 9.989980 1.823860 -0.055362 -0.024348 -1.241106 18.715000
-15.304886 9.899419 1.823860 0.038337 0.318284 -0.102599 20.285000
-15.079953 9.872556 1.823860 -0.035199 0.204217 -0.022338 20.434999
-14.876959 9.853852 1.823860 -0.028635 0.118614 0.033004 20.549999
-14.670414 9.839813 1.823860 -0.039169 0.072438 0.104192 20.660000
-14.467614 9.829281 1.823860 0.029143 0.045144 0.087017 20.764999
-14.261817 9.816896 1.823860 -0.026641 0.037840 0.086370 20.870001
-14.054418 9.807818 1.841618 -0.035910 0.033592 0.111326 20.975000
-13.846047 9.803596 1.855353 -0.058860 0.030356 0.111607 21.080000
-13.617678 9.807854 1.854084 -0.072964 0.030123 0.165428 21.195000
-13.389638 9.822412 1.852981 -0.041841 0.028420 0.152424 21.309999
-13.181291 9.841002 1.852127 -0.033859 0.024715 0.142934 21.415001
-12.973427 9.865713 1.851406 -0.047597 0.024192 0.185917 21.520000
-12.766167 9.896192 1.850788 -0.025867 0.022528 0.181452 21.625000
-12.529922 9.934731 1.850200 -0.014730 -0.013970 0.177456 21.745001
-12.327559 9.969752 1.849768 -0.005510 -0.078061 0.174703 21.850000
-12.122773 10.006072 1.849384 0.001989 0.044230 0.172384 21.959999
-11.925369 10.041096 1.849075 0.007698 0.056548 0.170633 22.065001
-11.724099 10.076208 1.848813 0.010461 0.044362 0.169223 22.170000
-11.520086 10.110939 1.848590 0.010633 0.033507 0.168093 22.275000
-11.314436 10.145098 1.848399 0.009174 0.026761 0.167182 22.379999
-11.088201 10.181912 1.848224 0.006156 0.022742 0.166393 22.495001
-10.871327 10.216794 1.848083 0.003076 0.021620 0.165788 22.605000
-10.644160 10.251347 1.847960 0.027854 0.019513 0.108506 22.719999
-10.417261 10.280846 1.847857 0.063761 -0.027843 0.023369 22.834999
-10.204479 10.301638 1.847773 0.080846 0.027097 -0.064215 22.945000
-10.001605 10.313932 1.855833 0.053797 0.046675 -0.090358 23.049999
-9.796521 10.320088 1.869211 0.034706 0.043028 -0.111197 23.155001
-9.589487 10.321383 1.869449 0.038200 0.036550 -0.103466 23.260000
-9.381176 10.318012 1.869650 0.050394 0.030147 -0.097311 23.365000
-9.172325 10.309002 1.869821 0.049558 0.025971 -0.092318 23.469999
-8.963372 10.294570 1.869967 0.037701 0.022493 -0.088347 23.575001
-8.754515 10.276052 1.870091 0.018705 0.019437 -0.085154 23.680000
-8.546475 10.255426 1.870195 0.030285 -0.030369 -0.105452 23.785000
-8.334476 10.229955 1.870288 0.104798 -0.069161 -0.257123 23.895000
-8.119399 10.191760 1.870373 0.147826 -0.097810 -0.469921 24.014999
-7.920125 10.138186 1.870447 0.171686 -0.026311 -0.646845 24.139999
-7.734063 10.063553 1.870509 0.129459 0.021887 -0.731064 24.270000
-7.555368 9.966663 1.840161 0.119747 0.034241 -0.791043 24.405001
-7.389134 9.851150 1.817433 0.109126 0.032358 -0.857621 24.540001
-7.235083 9.719323 1.802706 0.095851 0.028566 -0.924341 24.674999
-7.092574 9.574179 1.763243 0.080955 0.024203 -0.989903 24.809999
-6.954358 9.413796 1.738631 0.014613 0.012530 -0.977907 24.950001
-6.808414 9.239273 1.758985 0.008783 0.011718 -0.885714 25.100000
-6.669268 9.068280 1.759450 0.061646 0.012375 -0.974999 25.245001
-6.530696 8.877657 1.759841 0.080087 0.010519 -1.104750 25.400000
-6.420960 8.705349 1.760115 0.075392 0.015923 -1.224936 25.535000
-6.321259 8.527943 1.760337 0.046998 0.019482 -1.286879 25.670000
-6.229800 8.346188 1.760516 0.059153 0.022269 -1.345431 25.805000
-6.140215 8.141767 1.760584 0.069574 -0.157146 -1.465236 25.955000
-6.063041 7.955754 1.760584 0.088237 -0.214911 -1.638029 26.120001
-5.979714 7.773114 1.760584 0.084088 -0.099265 -1.915545 26.385000
-5.883716 7.597505 1.760584 0.015910 -0.014010 -1.852711 27.174999
-5.896799 7.393466 1.760584 0.023955 0.260524 -1.614185 27.625000
-5.925776 7.175611 1.760584 -0.063197 0.106735 -1.617403 27.799999
-5.939768 6.955028 1.760584 -0.062765 0.045967 -1.604467 27.955000
-5.939954 6.725157 1.760584 -0.034789 0.024674 -1.595128 28.110001
-5.932703 6.506895 1.760584 -0.013491 0.047569 -1.588729 28.254999
-5.921865 6.300536 1.760584 -0.031631 0.171382 -1.530920 28.385000
-5.908254 6.097918 1.760584 0.030888 0.119099 -1.531858 28.500000
-5.897040 5.891607 1.760584 -0.037350 0.072442 -1.467212 28.610001
-5.882795 5.688987 1.760584 0.012032 0.045689 -1.424320 28.715000
-5.866741 5.483597 1.760584 -0.050558 0.036085 -1.355075 28.820000
-5.845868 5.277442 1.760584 0.002042 0.029137 -1.335284 28.924999
-5.823756 5.070488 1.760584 0.007337 0.026444 -1.351478 29.030001
-5.800450 4.852861 1.760584 -0.012224 0.025622 -1.365032 29.139999
-5.775101 4.634937 1.760584 -0.025927 0.024049 -1.375803 29.250000
-5.747683 4.427062 1.760584 -0.028579 0.022414 -1.384023 29.355000
-5.716914 4.219521 1.760584 -0.023206 0.021761 -1.390650 29.459999
-5.683431 4.012270 1.760584 -0.013524 0.020587 -1.395942 29.565001
-5.650010 3.815056 1.760584 -0.002316 0.020365 -1.399994 29.665001
-5.614124 3.618289 1.760584 -0.074482 0.019477 -1.312474 29.764999
-5.569242 3.413511 1.760584 -0.016636 0.019497 -1.264957 29.870001
-5.523160 3.209144 1.760584 0.087470 0.017924 -1.368364 29.975000
-5.485165 3.003278 1.760584 0.082506 0.020616 -1.471108 30.080000
-5.450577 2.776830 1.760584 0.045953 0.022465 -1.518436 30.195000
-5.420692 2.559799 1.760584 -0.023443 0.019474 -1.520964 30.305000
-5.390285 2.352735 1.760584 -0.015069 0.020652 -1.509822 30.410000
-5.358312 2.145648 1.760584 -0.017508 0.021099 -1.478986 30.514999
-5.323512 1.938818 1.760584 -0.054715 0.018789 -1.369183 30.620001
-5.278707 1.713771 1.760584 -0.052568 0.014888 -1.260204 30.735001
-5.229639 1.501872 1.760584 -0.059018 -0.040893 -1.166766 30.844999
-5.178651 1.307343 1.760584 -0.080099 -0.020921 -1.099437 30.950001
-5.119308 1.115202 1.760584 -0.140635 -0.097745 -0.929948 31.059999
-5.046068 0.927939 1.760584 -0.167067 -0.031770 -0.779123 31.180000
-4.951506 0.749085 1.760584 -0.169203 0.024160 -0.635513 31.309999
-4.832633 0.586621 1.760584 -0.136899 0.050056 -0.535034 31.445000
-4.666556 0.418089 1.760584 -0.123827 0.046612 -0.469076 31.605000
-4.490341 0.280892 1.760584 -0.069331 0.034899 -0.453831 31.754999
-4.314606 0.164184 1.760584 -0.047147 0.021240 -0.474172 31.895000
-4.119515 0.046657 1.795782 -0.028676 0.014166 -0.490344 32.044998
-3.948121 -0.052525 1.829696 0.000510 0.009858 -0.556007 32.174999
-3.771179 -0.157281 1.863914 0.079464 0.008491 -0.670467 32.310001
-3.602619 -0.272211 1.896540 0.109137 0.017013 -0.857861 32.445000
-3.446596 -0.400552 1.929028 0.062133 0.025084 -0.946304 32.580002
-3.293625 -0.544040 1.961768 0.068230 0.026766 -1.008430 32.720001
-3.155308 -0.692289 1.994512 0.085019 0.028761 -1.074800 32.855000
-3.028710 -0.850984 2.026708 0.078936 0.027306 -1.136095 32.990002
-2.901172 -1.037717 2.062378 0.070648 0.024092 -1.175251 33.139999
-2.792659 -1.227546 2.096916 0.119072 0.023605 -1.293541 33.285000
-2.708024 -1.412102 2.128891 0.049322 0.023513 -1.288586 33.419998
-2.635796 -1.597193 2.160208 0.137103 0.169599 -1.366764 33.549999
-2.578831 -1.790123 2.190832 0.007991 0.151898 -1.359856 33.669998
-2.524951 -1.983719 2.202426 -0.008425 0.098013 -1.347491 33.779999
-2.457983 -2.208622 2.207400 -0.046224 -0.098444 -1.208250 33.904999
-2.382895 -2.432985 2.204247 -0.045037 -0.080293 -1.198920 34.040001
-2.311554 -2.624346 2.201869 -0.041915 -0.037649 -1.192371 34.165001
-2.230414 -2.811349 2.188578 -0.069038 -0.010776 -1.043979 34.294998
-2.120930 -3.028963 2.171937 -0.010274 -0.147943 -1.063225 34.455002
-2.023342 -3.218174 2.167353 -0.004129 -0.221529 -1.077394 34.619999
-1.930265 -3.397287 2.163065 -0.000171 -0.161639 -1.120810 34.855000
-1.828353 -3.573277 2.163065 0.023802 -0.030114 -1.738676 35.445000
-1.949925 -3.408357 2.124175 0.013736 0.185425 2.128704 38.110001
-2.062991 -3.244423 2.092132 -0.005476 0.077133 1.986302 38.259998
-2.174451 -3.078053 2.059293 0.017981 0.035729 1.859746 38.400002
-2.286901 -2.898704 2.026102 0.039430 0.034813 1.760592 38.544998
-2.396974 -2.698552 1.989554 0.094024 0.047168 1.701138 38.700001
-2.481241 -2.508345 1.955869 0.075345 0.042473 1.711128 38.840000
-2.549237 -2.317318 1.923726 0.085720 0.030144 1.725879 38.974998
-2.603055 -2.120661 1.891131 0.073711 0.019675 1.736844 39.110001
-2.645000 -1.920472 1.858954 0.038234 0.013138 1.765894 39.244999
-2.682222 -1.719319 1.826117 -0.046929 -0.012759 1.871978 39.380001
-2.727085 -1.518063 1.808218 -0.072310 -0.055363 1.986637 39.520000
-2.784025 -1.321588 1.812063 -0.078880 -0.078380 2.077796 39.669998
-2.863434 -1.113826 1.815717 -0.094842 -0.031795 2.203030 39.855000
-2.960841 -0.933755 1.818401 -0.079196 0.056576 2.335449 40.035000
-3.078135 -0.770221 1.820330 -0.061761 -0.011985 2.478694 40.205002
-3.221025 -0.602433 1.822002 -0.061870 -0.042105 2.607530 40.400002
-3.365153 -0.459715 1.823267 -0.062995 -0.038443 2.733130 40.599998
-3.521851 -0.334780 1.824286 -0.061842 -0.028936 2.838914 40.825001
-3.699866 -0.235940 1.825019 -0.044664 0.232707 2.937624 41.055000
-3.888617 -0.169699 1.825407 -0.059317 0.127970 3.087418 41.220001
-4.089383 -0.120885 1.825682 -0.061597 0.066088 -3.047281 41.369999
-4.287317 -0.088823 1.825886 -0.054335 0.047159 -2.932915 41.509998
-4.489092 -0.072461 1.826054 -0.120203 0.039544 -2.785939 41.650002
-4.694839 -0.081586 1.826191 -0.156057 0.045871 -2.628669 41.794998
-4.897977 -0.125451 1.826304 -0.161816 0.084279 -2.476264 41.945000
-5.090809 -0.207637 1.826393 -0.143567 0.080243 -2.332142 42.095001
-5.282135 -0.333032 1.826469 -0.134092 0.063946 -2.169519 42.255001
-5.443185 -0.478989 1.826524 -0.101745 0.053069 -2.032853 42.404999
-5.576299 -0.634185 1.826565 -0.134563 0.050966 -1.887722 42.544998
-5.688021 -0.805257 1.826598 -0.100569 0.051633 -1.786727 42.685001
-5.792630 -1.016175 1.826629 -0.101467 0.045787 -1.720734 42.845001
-5.868760 -1.225614 1.826651 -0.108415 0.038598 -1.650222 42.994999
-5.922153 -1.443110 1.826669 -0.088423 0.031248 -1.593604 43.145000
-5.955516 -1.672995 1.826683 -0.093000 0.027926 -1.504074 43.299999
-5.966700 -1.882821 1.826693 -0.055659 0.024185 -1.447868 43.439999
-5.965312 -2.086074 1.826701 -0.056641 0.021585 -1.410215 43.575001
-5.955616 -2.288208 1.826707 -0.002307 0.173248 -1.427864 43.705002
-5.942193 -2.495555 1.826713 -0.066019 0.132140 -1.402483 43.825001
-5.919000 -2.717527 1.826716 0.017613 0.042084 -1.434412 43.945000
-5.897521 -2.921916 1.826718 0.055068 -0.107589 -1.562198 44.055000
-5.883684 -3.121387 1.842470 0.122831 -0.075904 -1.748743 44.169998
-5.885238 -3.330037 1.842453 0.148301 -0.010719 -1.934069 44.299999
-5.910576 -3.533227 1.842439 0.148484 0.031047 -2.093068 44.435001
-5.963963 -3.732881 1.842427 0.141536 0.048852 -2.237385 44.575001
-6.044158 -3.921202 1.842417 0.133222 0.053513 -2.373903 44.715000
-6.149455 -4.096193 1.842410 0.133982 0.055613 -2.514855 44.855000
-6.277800 -4.255187 1.842403 0.125716 0.054155 -2.646678 44.994999
-6.425901 -4.396517 1.842399 0.125027 0.052018 -2.779595 45.134998
-6.590431 -4.518826 1.842396 0.128916 0.051006 -2.894981 45.275002
-6.768447 -4.621998 1.842393 0.098363 0.048260 -2.950546 45.415001
-6.957487 -4.707435 1.842389 0.107477 0.043101 -3.007880 45.555000
-7.148227 -4.771554 1.842386 0.098873 0.035414 -3.063484 45.689999
-7.374315 -4.824889 1.842386 0.049145 0.025925 -3.069533 45.845001
-7.574896 -4.861144 1.842386 0.040785 0.019585 -3.056368 45.980000
-7.777458 -4.890493 1.842386 0.031203 0.014654 -3.046557 46.115002
-7.981057 -4.914649 1.842386 0.017201 0.012632 -3.039100 46.250000
-8.215878 -4.938418 1.842386 0.067347 0.169054 -3.077673 46.400002
-8.417053 -4.950570 1.842386 -0.007416 0.120856 -3.118707 46.514999
-8.660598 -4.962172 1.842386 -0.017528 0.068537 3.112213 46.645000
-8.863794 -4.973369 1.842386 -0.051808 0.043205 3.127180 46.750000
-9.069660 -4.989881 1.842386 -0.084965 0.028797 -3.097858 46.855000
-9.276414 -5.013707 1.842386 -0.068916 0.027855 -3.009765 46.959999
-9.483237 -5.043651 1.842386 0.039824 0.021812 -2.991385 47.064999
-9.690753 -5.070376 1.842386 0.071275 0.018522 -3.003261 47.169998
-9.899132 -5.090144 1.844180 0.058733 0.018414 -3.012755 47.275002
-10.098158 -5.103561 1.875924 0.034020 0.020298 -3.020121 47.375000
-10.307502 -5.114488 1.873235 0.009398 0.020742 -3.026342 47.480000
-10.517018 -5.124525 1.870954 0.019437 0.020277 -3.061791 47.584999
-10.726638 -5.134123 1.869010 -0.025270 0.021285 -3.062117 47.689999
-10.936120 -5.146410 1.867362 -0.013234 0.019624 -3.073582 47.794998
-11.145417 -5.159480 1.865961 -0.003034 0.019683 -3.120591 47.900002
-11.354649 -5.172058 1.864765 0.066388 0.018554 3.110401 48.005001
-11.573318 -5.177829 1.863705 0.080074 0.025814 3.023336 48.115002
-11.821325 -5.172953 1.862708 0.045109 0.029140 3.030538 48.240002
-12.030017 -5.162967 1.862007 0.044524 0.026201 3.035303 48.345001
-12.248775 -5.147147 1.861385 0.037296 0.023353 3.039290 48.455002
-12.457527 -5.127794 1.860882 0.023763 0.021682 3.042331 48.560001
-12.666193 -5.105778 1.860452 0.010081 0.020099 3.044791 48.665001
-12.874246 -5.082707 1.860088 -0.004760 -0.018051 3.046760 48.770000
-13.077708 -5.060452 1.859777 -0.013355 -0.074209 3.048352 48.875000
-13.303407 -5.037304 1.859481 -0.018096 0.050323 3.049775 48.994999
-13.513409 -5.017805 1.859251 -0.015882 0.053057 3.050816 49.105000
-13.737149 -4.998695 1.859050 0.040464 -0.016311 2.989822 49.220001
-13.971223 -4.972735 1.858870 0.111210 -0.119037 2.786175 49.345001
-14.173572 -4.938201 1.858725 0.139384 -0.059577 2.679422 49.465000
-14.386941 -4.879933 1.852634 0.152970 0.007435 2.518824 49.605000
-14.594281 -4.789491 1.850506 0.143589 0.037653 2.370116 49.755001
-14.770657 -4.681002 1.849664 0.085079 -0.099379 2.374471 49.895000
-14.936282 -4.561650 1.849664 0.014279 -0.241774 2.542020 50.055000
-15.099989 -4.431952 1.849664 -0.037801 -0.136062 2.809052 50.310001
-15.246230 -4.294799 1.849664 -0.028809 -0.015682 -2.803937 50.950001
-15.393510 -4.436389 1.841300 -0.041329 0.251397 -2.061630 52.025002
-15.486533 -4.614305 1.828891 0.006782 0.107803 -1.928238 52.185001
-15.590293 -4.816146 1.828300 -0.019321 0.037313 -1.807293 52.345001
-15.681304 -4.999638 1.827889 -0.082614 0.031855 -1.649532 52.485001
-15.769811 -5.209290 1.827529 -0.059787 0.041289 -1.602132 52.639999
-15.842052 -5.426616 1.827246 -0.113714 0.047200 -1.510303 52.794998
-15.891158 -5.651211 1.827022 -0.064256 0.040031 -1.525528 52.950001
-15.922929 -5.874168 1.826851 -0.065688 0.026841 -1.548962 53.099998
-15.939211 -6.077548 1.826727 -0.052277 0.018659 -1.564780 53.235001
-15.946338 -6.282128 1.826628 -0.030654 0.014137 -1.576625 53.369999
-15.948360 -6.510508 1.826540 -0.007183 0.112545 -1.586313 53.520000
-15.949004 -6.715242 1.826480 0.009670 0.159000 -1.592395 53.645000
-15.951287 -6.922372 1.826434 0.019178 0.107912 -1.596797 53.759998
-15.956110 -7.131251 1.826397 0.021963 0.066246 -1.600093 53.869999
-15.961061 -7.335854 1.857478 -0.058961 0.044161 -1.513643 53.974998
-15.960276 -7.542765 1.891068 -0.021920 0.032313 -1.461621 54.080002
-15.955272 -7.740650 1.922136 -0.030264 0.026967 -1.401667 54.180000
-15.943147 -7.978279 1.959911 -0.049996 0.028681 -1.341659 54.299999
-15.927166 -8.196032 1.979065 0.026773 0.020719 -1.353907 54.410000
-15.912452 -8.424298 1.975822 0.019708 0.021773 -1.378978 54.525002
-15.899584 -8.653180 1.973105 -0.003272 0.023518 -1.398729 54.639999
-15.885736 -8.882344 1.970822 -0.021435 0.011382 -1.414349 54.755001
-15.870660 -9.089375 1.969064 -0.030146 -0.054274 -1.425678 54.860001
-15.850765 -9.295485 1.997798 -0.134745 -0.123555 -1.255241 54.970001
-15.811112 -9.521782 2.030584 -0.167034 -0.044790 -1.055422 55.105000
-15.751782 -9.716469 2.042782 -0.163888 0.012940 -0.901003 55.235001
-15.665172 -9.898897 2.044379 -0.183782 0.041144 -0.683788 55.369999
-15.547926 -10.064696 2.044539 -0.168870 0.061106 -0.478813 55.509998
-15.406611 -10.207047 2.044670 -0.062492 0.060450 -0.396158 55.650002
-15.249563 -10.338127 2.044774 -0.053749 0.048537 -0.403661 55.790001
-15.088171 -10.457282 2.044818 -0.068180 -0.086242 -0.344843 55.924999
-14.921419 -10.571901 2.044818 -0.085658 -0.231867 -0.182522 56.080002
-14.757134 -10.690571 2.044818 -0.088568 -0.124404 0.063577 56.314999
-14.603479 -10.819546 2.044818 -0.041993 -0.011445 0.634317 56.860001
-14.622624 -10.616060 2.044818 0.003858 0.320192 1.859386 58.555000
-14.676932 -10.421335 2.044818 0.003026 0.222558 1.854263 58.689999
-14.731664 -10.226114 2.044818 0.003957 0.124633 1.850928 58.805000
-14.790220 -10.027243 2.044818 -0.081549 0.070721 1.948373 58.915001
-14.857884 -9.824760 2.010340 -0.002992 0.046032 1.950864 59.025002
-14.931430 -9.610213 1.971306 0.002610 0.032691 1.944482 59.139999
-15.006230 -9.394059 1.933132 0.001257 0.026021 1.926749 59.255001
-15.073204 -9.206042 1.882271 -0.113354 0.017247 2.010045 59.355000
-15.148987 -9.021878 1.848887 -0.073836 0.024027 2.037097 59.455002
-15.233787 -8.834332 1.828401 -0.006754 -0.135136 1.957726 59.560001
-15.317581 -8.652672 1.802367 0.025486 -0.110536 1.881412 59.669998
-15.409921 -8.446218 1.793861 0.052026 -0.046830 1.839129 59.805000
-15.487947 -8.255054 1.791738 0.058645 -0.012278 1.839018 59.935001
-15.552620 -8.064782 1.793885 0.121554 0.004196 1.712995 60.064999
-15.603598 -7.865632 1.781575 0.031326 0.012098 1.731888 60.200001
-15.655131 -7.635708 1.782878 0.012342 0.012763 1.748441 60.355000
-15.695453 -7.434464 1.783781 0.029955 0.012221 1.684752 60.490002
-15.727692 -7.235061 1.784492 0.064035 0.173258 1.626494 60.619999
-15.751942 -7.003153 1.789693 0.050864 0.128640 1.535814 60.755001
-15.764429 -6.799226 1.795891 0.049219 0.083621 1.459799 60.865002
-15.769876 -6.588478 1.795827 0.067054 0.057498 1.381437 60.974998
-15.765296 -6.365099 1.795772 0.104436 0.050644 1.296224 61.090000
-15.748943 -6.150695 1.795726 0.049198 0.045696 1.295187 61.200001
-15.726163 -5.945014 1.795690 0.058432 0.039079 1.309410 61.305000
-15.696247 -5.739005 1.795660 0.065673 0.032397 1.320750 61.410000
-15.658770 -5.533440 1.795633 0.057123 0.027536 1.329973 61.514999
-15.605865 -5.289656 1.795608 0.032953 0.022313 1.338605 61.639999
-15.554729 -5.075857 1.795589 0.007088 0.002682 1.344537 61.750000
-15.505357 -4.874456 1.795574 -0.012058 -0.063994 1.349065 61.855000
-15.458554 -4.678677 1.795561 -0.089266 -0.070564 1.443927 61.959999
-15.418685 -4.473849 1.795549 -0.133871 -0.099031 1.589911 62.075001
-15.394218 -4.251401 1.795538 -0.123810 -0.033801 1.681952 62.209999
-15.391089 -4.040061 1.795528 -0.089098 -0.002927 1.679913 62.345001
-15.407719 -3.811010 1.795520 -0.110655 0.008069 1.767297 62.494999
-15.440442 -3.608806 1.795514 -0.026760 0.013743 1.768758 62.630001
-15.478656 -3.407409 1.795508 0.003431 0.013155 1.756941 62.764999
-15.519341 -3.190738 1.795505 0.016319 0.011533 1.747563 62.910000
-15.553611 -2.986792 1.795502 0.062146 0.147489 1.691867 63.044998
-15.578380 -2.788189 1.795499 0.056906 0.151433 1.638873 63.165001
-15.595779 -2.580018 1.795496 0.068178 0.100612 1.544692 63.279999
-15.607814 -2.361377 1.795494 -0.028877 0.058417 1.559546 63.395000
-15.621980 -2.147238 1.795494 -0.021195 0.040066 1.570924 63.505001
-15.637805 -1.940509 1.795494 -0.003636 0.031091 1.579600 63.610001
-15.653929 -1.732555 1.795494 0.013765 0.027200 1.586570 63.715000
-15.668626 -1.523812 1.795494 0.022789 0.024912 1.592137 63.820000
-15.680934 -1.314786 1.795494 0.024148 0.020935 1.596588 63.924999
-15.691574 -1.085712 1.795494 0.018826 0.022119 1.600476 64.040001
-15.699286 -0.876285 1.795494 0.009781 0.022231 1.603285 64.144997
-15.707292 -0.656748 1.795494 -0.044232 0.019099 1.664429 64.254997
-15.718407 -0.447525 1.795494 -0.006831 0.021483 1.661598 64.360001
-15.730721 -0.238279 1.795494 -0.007788 0.021343 1.659342 64.464996
-15.744135 -0.028983 1.795494 -0.011521 0.021439 1.657537 64.570000
-15.758962 0.180298 1.795494 -0.011845 0.021218 1.656075 64.676003
-15.775198 0.389453 1.795494 -0.009317 0.001744 1.654892 64.779999
-15.792302 0.595626 1.795494 -0.004399 -0.029155 1.653959 64.885002
-15.811282 0.817327 1.795494 0.045763 0.037286 1.621738 65.000000
-15.826668 1.050911 1.795494 0.013505 0.039243 1.588549 65.120003
-15.839403 1.287245 1.795494 0.007530 0.032602 1.591760 65.239998
-15.850587 1.515413 1.795494 0.011813 0.027150 1.594154 65.355003
-15.859530 1.724506 1.795494 0.013682 0.022631 1.595895 65.459999
-15.867094 1.933920 1.795494 0.012109 0.021352 1.597296 65.565002
-15.873461 2.143495 1.795494 0.008216 0.021342 1.598420 65.669998
-15.879045 2.352921 1.795494 0.003315 -0.010177 1.599315 65.775002
-15.885205 2.596640 1.795494 0.000850 -0.138469 1.558028 65.900002
-15.891091 2.798002 1.795494 0.029042 -0.318117 1.437597 66.014999
-15.900688 2.998368 1.795494 0.066268 -0.257556 1.280513 66.165001
-15.918697 3.204691 1.795494 0.079101 -0.125369 1.023941 66.410004
-15.952383 3.403990 1.795494 0.035544 -0.008849 0.395603 67.010002
-15.918903 3.206109 1.795494 -0.000650 0.319648 -1.376214 69.220001
-15.879467 3.009671 1.795494 0.030463 0.224245 -1.408222 69.355003
-15.843822 2.811455 1.795494 0.052970 0.131312 -1.452250 69.470001
-15.806481 2.579129 1.795494 -0.005430 0.069310 -1.458594 69.595001
-15.774164 2.377527 1.795494 0.003068 0.045808 -1.456680 69.699997
-15.738685 2.153364 1.795494 0.018572 0.033091 -1.455011 69.815002
-15.703706 1.917331 1.795494 0.026502 0.025285 -1.453649 69.934998
-15.674494 1.699902 1.810368 0.025332 0.022199 -1.452673 70.044998
-15.650232 1.501703 1.822414 0.019586 0.021247 -1.451957 70.144997
-15.627518 1.293184 1.826197 0.023113 0.020664 -1.474911 70.250000
-15.607617 1.084362 1.826285 0.078766 0.016533 -1.530319 70.355003
-15.595469 0.875588 1.841642 0.061757 0.022327 -1.602719 70.459999
-15.590573 0.666827 1.840625 0.035055 0.025364 -1.602575 70.565002
-15.589730 0.457703 1.839727 0.036061 0.023714 -1.602466 70.669998
-15.595200 0.248878 1.838959 0.088177 -0.009342 -1.692998 70.775002
-15.610138 0.044855 1.838305 0.031180 -0.031641 -1.721174 70.879997
-15.631046 -0.183556 1.837680 -0.011797 0.047402 -1.705277 71.000000
-15.650432 -0.405738 1.837177 -0.060789 0.040224 -1.659269 71.114998
-15.665792 -0.650915 1.836724 -0.060388 0.030542 -1.600817 71.239998
-15.672219 -0.858419 1.836406 -0.034854 0.029130 -1.550712 71.345001
-15.674229 -1.066790 1.836133 -0.024800 0.027812 -1.546868 71.449997
-15.673349 -1.275856 1.835904 -0.030556 0.024410 -1.543823 71.555000
-15.669134 -1.485274 1.835707 -0.030747 0.022232 -1.541348 71.660004
-15.661679 -1.694134 1.835542 -0.022121 -0.022740 -1.539388 71.764999
-15.652007 -1.897849 1.835400 -0.010808 -0.083629 -1.537797 71.870003
-15.641148 -2.103539 1.835400 -0.001025 -0.295882 -1.464491 71.985001
-15.632634 -2.307733 1.835400 -0.038056 -0.274479 -1.312643 72.129997
-15.630943 -2.511104 1.835400 -0.066069 -0.153884 -1.082252 72.349998
-15.642611 -2.710853 1.835400 -0.047289 -0.030625 -0.595290 72.815002
-15.551229 -2.517687 1.850139 -0.025758 0.165409 1.318028 75.050003
-15.488929 -2.324389 1.881420 0.019565 0.066569 1.421969 75.199997
-15.420537 -2.110990 1.919725 -0.010096 0.035106 1.496089 75.355003
-15.354666 -1.891175 1.919322 -0.078102 0.032606 1.581336 75.510002
-15.307784 -1.695427 1.918184 -0.081461 0.034416 1.596978 75.644997
-15.274891 -1.496013 1.917264 -0.061704 0.029651 1.622792 75.779999
-15.252570 -1.293984 1.916503 -0.002210 0.018123 1.515086 75.915001
-15.230371 -1.083284 1.915862 0.038270 0.009719 1.368467 76.055000
-15.202531 -0.881724 1.915367 0.071502 0.014022 1.186398 76.190002
-15.161511 -0.676796 1.914949 0.062305 0.021155 1.059014 76.330002
-15.110246 -0.482955 1.914623 0.073404 0.034362 0.993533 76.464996
-15.036065 -0.272586 1.914336 0.100415 0.038755 0.923681 76.614998
-14.950262 -0.090603 1.914128 0.108627 0.037871 0.856926 76.750000
-14.846047 0.082287 1.913960 0.098730 0.031945 0.794018 76.885002
-14.706941 0.268901 1.913805 0.084802 0.026531 0.719483 77.040001
-14.572039 0.421313 1.913696 0.072742 0.022692 0.654829 77.175003
-14.426769 0.564956 1.913609 0.076696 0.099980 0.585691 77.309998
-14.273267 0.695819 1.913542 0.077129 0.172551 0.515652 77.434998
-14.108603 0.817444 1.913491 0.075865 0.117957 0.444747 77.550003
-13.935600 0.930996 1.913451 0.080836 0.077311 0.372422 77.660004
-13.760611 1.033403 1.913418 0.093205 0.057205 0.299596 77.764999
-13.578813 1.129163 1.913390 0.038130 0.045395 0.304765 77.870003
-13.360878 1.233051 1.913362 0.177170 -0.109481 0.116366 77.995003
-13.172050 1.303965 1.913340 0.199713 -0.055262 -0.037784 78.110001
-12.970123 1.352614 1.913321 0.168363 0.007854 -0.160969 78.239998
-12.766500 1.371228 1.913304 0.138040 0.036591 -0.261159 78.375000
-12.565400 1.363455 1.913291 0.111367 0.038199 -0.316626 78.510002
-12.358770 1.333007 1.913279 0.099282 0.034321 -0.380039 78.650002
-12.147953 1.280605 1.913270 0.079800 0.027446 -0.444741 78.794998
-11.956293 1.216866 1.913266 0.055678 -0.103960 -0.547789 78.930000
-11.767408 1.147277 1.913266 0.070340 -0.236042 -0.710110 79.084999
-11.577649 1.082133 1.913266 0.079640 -0.129293 -0.956209 79.320000
-11.383642 1.030606 1.913266 0.039410 -0.012822 -1.542658 79.879997
-11.451134 0.840405 1.913266 0.001413 0.319942 -2.222265 81.014999
-11.573939 0.677217 1.913266 -0.002348 0.250559 -2.217062 81.160004
-11.698288 0.511770 1.913266 -0.005990 0.142354 -2.213815 81.279999
-11.827253 0.339126 1.913266 -0.008997 0.075731 -2.211407 81.394997
-11.962175 0.160853 1.913266 0.038665 0.043678 -2.281841 81.510002
-12.092202 -0.000489 1.913266 0.105328 0.029847 -2.377980 81.614998
-12.230742 -0.155604 1.913266 0.047666 0.029030 -2.416716 81.720001
-12.374477 -0.307226 1.913266 0.025394 0.026336 -2.407053 81.824997
-12.538844 -0.475520 1.913266 0.006382 -0.193850 -2.291019 81.945000
-12.683948 -0.620459 1.913266 -0.038451 -0.323130 -2.165352 82.065002
-12.830322 -0.760547 1.913266 -0.072702 -0.237268 -1.997795 82.224998
-12.988818 -0.899813 1.913266 -0.077705 -0.103379 -1.709807 82.500000
-13.151821 -1.018037 1.913266 -0.019407 0.002128 -0.851078 83.320000
-13.016026 -1.169045 1.913266 0.008227 0.319635 -0.764868 83.855003
-12.866489 -1.310298 1.913266 0.021710 0.254336 -0.761735 84.004997
-12.693987 -1.478722 1.913266 0.016455 0.132108 -0.765132 84.144997
-12.547412 -1.624752 1.913266 0.007789 0.074551 -0.767185 84.254997
-12.403084 -1.769522 1.913266 0.000839 0.046213 -0.768756 84.360001
-12.256294 -1.916681 1.913266 -0.004957 0.030361 -0.770016 84.464996
-12.107855 -2.064657 1.913266 -0.007817 0.022914 -0.771029 84.570000
-11.965036 -2.205314 1.913266 -0.071000 0.017963 -0.722564 84.669998
-11.819190 -2.343173 1.913266 -0.015577 0.016835 -0.720293 84.769997
-11.670849 -2.478320 1.913266 -0.067132 0.016090 -0.636076 84.870003
-11.520742 -2.610917 1.913266 0.091000 0.010394 -0.764036 84.970001
-11.375050 -2.747900 1.944358 0.041543 0.018229 -0.777121 85.070000
-11.232197 -2.888242 1.976745 0.062476 0.016746 -0.800552 85.169998
-11.094234 -3.033401 2.008694 0.109156 0.015620 -0.904499 85.269997
-10.963881 -3.184976 2.040640 0.041824 0.020906 -0.937053 85.370003
-10.838635 -3.340842 2.072632 0.091065 -0.037729 -1.044732 85.470001
-10.717737 -3.502668 2.101585 0.086785 -0.138752 -1.137429 85.574997
-10.597010 -3.675697 2.115252 0.109980 -0.075648 -1.222246 85.695000
-10.487295 -3.847138 2.119256 -0.037488 -0.044831 -1.046130 85.820000
-10.368773 -4.020964 2.105366 -0.108057 -0.013249 -0.842089 85.955002
-10.242792 -4.183812 2.081754 0.047443 0.006056 -0.937523 86.089996
-10.103995 -4.373963 2.048494 0.084286 0.011111 -1.104064 86.245003
-9.981280 -4.572639 2.014427 0.092569 0.019204 -1.305174 86.400002
-9.890393 -4.752205 1.998034 0.080470 0.029724 -1.416848 86.535004
-9.812992 -4.937348 1.981597 0.062040 0.031865 -1.480594 86.669998
-9.745789 -5.134768 1.985051 0.095742 0.037624 -1.545940 86.809998
-9.698439 -5.330390 1.987748 0.110700 0.037831 -1.612788 86.945000
-9.668600 -5.552343 1.990144 0.104750 0.032853 -1.675428 87.095001
-9.661673 -5.754156 1.991883 0.099088 0.029413 -1.749191 87.230003
-9.672873 -5.956061 1.993289 0.050865 0.025572 -1.790546 87.364998
-9.696239 -6.157876 1.994420 0.025375 0.020505 -1.800013 87.500000
-9.725644 -6.361126 1.995341 0.036386 0.142756 -1.797655 87.635002
-9.762208 -6.565032 1.996042 0.005771 0.157338 -1.815298 87.760002
-9.802423 -6.770133 1.996573 -0.003795 0.099060 -1.807017 87.875999
-9.841394 -6.966601 1.996984 -0.000575 0.063414 -1.800960 87.980003
-9.885702 -7.187040 1.997362 0.002336 0.040227 -1.795732 88.095001
-9.929345 -7.400348 1.997666 0.002716 0.029084 -1.791755 88.205002
-9.978057 -7.634250 1.997944 0.001073 0.024157 -1.788349 88.324997
-10.027520 -7.868720 1.998176 -0.001299 0.021198 -1.785690 88.445000
-10.073230 -8.083826 1.998353 0.037016 0.018943 -1.810479 88.555000
-10.120943 -8.288041 1.998497 0.021453 0.018945 -1.869055 88.660004
-10.173560 -8.490768 1.998618 0.078186 0.014797 -1.947311 88.764999
-10.233472 -8.689201 1.998721 0.054225 -0.002340 -2.013295 88.870003
-10.297627 -8.882864 1.967853 -0.061234 -0.093724 -1.862549 88.974998
-10.355125 -9.075837 1.970356 -0.159184 -0.120627 -1.570846 89.084999
-10.397320 -9.277540 1.972730 -0.139342 -0.027346 -1.412418 89.209999
-10.417662 -9.491894 1.974901 -0.186482 0.029253 -1.270034 89.349998
-10.402896 -9.714003 1.976753 -0.174327 0.044122 -1.122763 89.500000
-10.346889 -9.931912 1.978272 -0.184147 0.058342 -0.865548 89.654999
-10.253159 -10.124138 1.979426 -0.160529 0.067437 -0.642311 89.805000
-10.133713 -10.289119 1.979822 -0.115777 -0.099975 -0.469114 89.949997
-9.993822 -10.456175 1.979822 -0.108614 -0.184359 -0.270140 90.139999
-9.869570 -10.613959 1.979822 -0.084822 -0.069849 0.044029 90.440002
-9.757743 -10.443099 1.979822 -0.012745 0.297627 1.604222 92.400002
-9.758720 -10.242635 1.979822 0.067581 0.176520 1.639071 92.525002
-9.754505 -10.035150 1.965102 0.010550 0.099322 1.667516 92.639999
-9.750263 -9.826617 1.928417 -0.068363 0.065424 1.757127 92.750000
-9.753100 -9.623453 1.907165 0.007538 0.049149 1.742190 92.855003
-9.756706 -9.417264 1.892395 -0.025635 0.038345 1.673347 92.959999
-9.762243 -9.209312 1.892569 -0.014365 0.029416 1.603808 93.065002
-9.772795 -9.000783 1.871388 -0.098554 0.017542 1.616299 93.169998
-9.792497 -8.792782 1.852784 -0.005232 0.018549 1.565736 93.275002
-9.818007 -8.585245 1.853067 -0.071321 0.016695 1.642946 93.379997
-9.851275 -8.368450 1.853318 -0.036380 0.019661 1.696686 93.489998
-9.884473 -8.161785 1.853521 0.088917 0.019543 1.638042 93.595001
-9.909664 -7.954574 1.853695 0.098608 0.017610 1.629851 93.699997
-9.925292 -7.727157 1.853855 0.089775 0.021603 1.622717 93.815002
-9.929592 -7.518994 1.874687 0.069003 0.021780 1.617506 93.919998
-9.927237 -7.320238 1.911563 0.030790 0.022809 1.613561 94.019997
-9.917522 -7.071435 1.917095 0.079821 0.020514 1.492326 94.144997
-9.900347 -6.863015 1.917118 0.067585 0.021550 1.392119 94.250000
-9.875562 -6.657209 1.917138 0.096237 -0.108220 1.231946 94.355003
-9.842639 -6.457732 1.917155 0.106128 -0.113481 1.095403 94.464996
-9.794644 -6.246083 1.928245 0.165462 -0.029787 0.967802 94.595001
-9.727624 -6.056018 1.931749 0.162997 0.024152 0.833576 94.724998
-9.634013 -5.877087 1.959304 0.145730 0.042869 0.742199 94.860001
-9.517337 -5.714771 2.003255 0.147439 0.041720 0.599308 94.995003
-9.364615 -5.554177 2.078939 0.157874 0.037790 0.493700 95.144997
-9.215503 -5.433671 2.141344 0.004546 0.037144 0.544929 95.275002
-9.036607 -5.298248 2.181769 -0.006751 0.009231 0.671716 95.425003
-8.876587 -5.174742 2.176462 -0.050187 0.006576 0.898549 95.559998
-8.724473 -5.044858 2.172187 -0.098275 0.025031 1.087832 95.695000
-8.561102 -4.876697 2.168149 -0.059056 0.049779 1.148650 95.855003
-8.428591 -4.716105 2.165349 -0.089482 0.041301 1.136836 95.995003
-8.312917 -4.549080 2.163157 -0.097554 0.027077 1.128234 96.129997
-8.211169 -4.371922 2.161379 -0.078699 0.016926 1.121748 96.264999
-8.120775 -4.187916 2.159957 -0.042494 0.011631 1.116955 96.400002
-8.030474 -3.986466 2.158714 -0.010372 0.010705 1.113050 96.544998
-7.948105 -3.797845 2.157778 -0.035057 0.009125 1.169540 96.680000
-7.869176 -3.607943 2.157027 -0.080725 0.005669 1.298671 96.815002
-7.800057 -3.415697 2.156415 -0.046315 0.014261 1.395092 96.949997
-7.733049 -3.199551 2.155872 -0.053162 0.019142 1.473581 97.099998
-7.679405 -2.987922 2.155454 -0.067592 0.021148 1.564177 97.245003
-7.643308 -2.788822 2.155138 -0.102445 0.029636 1.659472 97.379997
-7.625766 -2.588125 2.154882 -0.109912 0.033814 1.738205 97.514999
-7.628251 -2.386768 2.154675 -0.093234 0.031547 1.794563 97.650002
-7.649101 -2.186036 2.154536 -0.078542 -0.020741 1.890196 97.785004
-7.681983 -1.987795 2.154536 -0.064965 -0.238169 2.042030 97.930000
-7.714794 -1.780748 2.154536 -0.079546 -0.159170 2.267164 98.144997
-7.734952 -1.580442 2.154536 -0.055891 -0.036749 2.706960 98.565002
-7.846369 -1.748918 2.154536 -0.022604 0.310850 -1.887025 100.635002
-7.913950 -1.941639 2.154536 -0.003560 0.196982 -1.815561 100.764999
-7.987597 -2.154118 2.154536 0.011401 0.097811 -1.778090 100.889999
-8.056724 -2.351374 2.154536 0.007726 0.058280 -1.730113 101.000000
-8.127668 -2.553483 2.154536 0.008416 0.042859 -1.745639 101.110001
-8.196751 -2.748981 2.154536 -0.061481 0.037974 -1.748684 101.214996
-8.259863 -2.947631 2.154536 -0.123131 0.037807 -1.680956 101.320000
-8.321143 -3.188268 2.154536 -0.040108 0.029720 -1.684809 101.445000
-8.367303 -3.392304 2.154536 -0.032663 0.025975 -1.699309 101.550003
-8.410209 -3.597487 2.154536 -0.031281 0.023602 -1.710948 101.654999
-8.448277 -3.793622 2.129495 -0.023380 -0.028215 -1.743976 101.754997
-8.484876 -3.992441 2.129495 0.007969 -0.238215 -1.853925 101.860001
-8.522073 -4.206507 2.129495 0.056171 -0.303777 -1.995288 101.995003
-8.552006 -4.407480 2.129495 0.080832 -0.200186 -2.183773 102.175003
-8.572673 -4.612270 2.129495 0.071264 -0.070211 -2.524091 102.500000
-8.518952 -4.412293 2.129495 0.022756 0.278277 1.367368 105.254997
-8.486384 -4.214797 2.129495 -0.045456 0.155161 1.339098 105.375000
-8.452699 -3.996802 2.129495 0.009255 0.086651 1.285503 105.495003
-8.420054 -3.788214 2.129495 -0.010771 0.054537 1.295093 105.605003
-8.384866 -3.565546 2.129495 0.021598 0.041015 1.303108 105.720001
-8.341842 -3.321512 2.129495 0.046924 0.030979 1.309846 105.845001
-8.299664 -3.116633 2.129495 0.050241 0.025152 1.314281 105.949997
-8.251792 -2.912562 2.129495 0.039460 0.022478 1.317842 106.055000
-8.199462 -2.709276 2.129495 0.021313 0.020333 1.320680 106.160004
-8.147263 -2.516102 2.129495 0.005532 0.019011 1.322882 106.260002
-8.094386 -2.323060 2.102903 -0.010288 0.018759 1.324660 106.360001
-8.042208 -2.129823 2.068903 -0.020185 0.020009 1.326112 106.459999
-7.991611 -1.936112 2.044248 -0.023976 0.019189 1.327278 106.559998
-7.942919 -1.741896 2.029483 -0.022883 0.018268 1.328232 106.660004
-7.897032 -1.548077 2.007248 -0.016520 -0.079359 1.310341 106.760002
-7.851420 -1.347752 2.007248 0.028448 -0.292712 1.195146 106.870003
-7.808392 -1.149208 2.007248 0.066924 -0.286820 1.053770 107.004997
-7.771289 -0.952023 2.007248 0.084971 -0.171657 0.849560 107.199997
-7.743922 -0.753825 2.007248 0.065298 -0.050963 0.467321 107.565002
-7.742127 -0.552388 2.007248 0.004207 0.314554 1.624566 111.224998
-7.754306 -0.347331 2.007248 -0.008638 0.319558 1.656386 111.455002
-7.768390 -0.142461 2.007248 0.009700 0.229398 1.658075 111.595001
-7.783225 0.057806 2.007248 -0.056699 0.131739 1.743379 111.709999
-7.805192 0.259724 2.007248 -0.045326 -0.072358 1.856090 111.820000
-7.832478 0.472098 2.007248 -0.071988 -0.290125 1.986982 111.945000
-7.857997 0.684214 2.007248 -0.095185 -0.229312 2.159759 112.110001
-7.874526 0.883781 2.007248 -0.089827 -0.107637 2.421543 112.360001
-7.877046 1.085487 2.007248 -0.023626 -0.016627 2.452957 113.040001
-7.961837 1.269002 2.007248 0.017148 0.317157 2.025345 113.849998
-8.047212 1.452491 2.007248 0.020502 0.308010 2.004912 114.019997
-8.129289 1.636825 2.007248 0.022766 0.184426 1.993899 114.144997
-8.208488 1.820614 2.007248 0.023423 0.102245 1.986347 114.254997
-8.286089 2.005953 2.007248 0.021923 0.061667 1.980552 114.360001
-8.363910 2.196461 2.007248 0.016901 0.039293 1.975960 114.464996
-8.441471 2.389713 2.007248 0.011123 0.028400 1.972250 114.570000
-8.518869 2.584359 2.007248 0.005270 0.022811 1.969289 114.675003
-8.596082 2.778569 2.007248 0.000945 -0.107709 1.900248 114.779999
-8.671766 2.966629 2.007248 0.035236 -0.307707 1.785063 114.889999
-8.750835 3.154623 2.007248 0.070935 -0.281277 1.638457 115.029999
-8.834837 3.336270 2.007248 0.087244 -0.160083 1.423775 115.235001
-8.930144 3.512660 2.007248 0.059456 -0.036415 0.994411 115.644997
-8.820694 3.338415 2.007248 0.023998 0.308394 -1.057129 118.070000
-8.712317 3.160445 2.007248 0.003884 0.178695 -1.108592 118.199997
-8.604519 2.982311 2.007248 -0.046352 0.095452 -1.137244 118.315002
-8.498594 2.812491 2.007248 -0.027327 0.059634 -1.127128 118.419998
-8.388230 2.639301 2.007248 0.016537 0.043194 -1.118962 118.525002
-8.267721 2.445679 2.007248 0.047171 0.031013 -1.111855 118.639999
-8.161407 2.265170 2.007248 0.043791 -0.024053 -1.081614 118.745003
-8.057561 2.080656 2.007248 -0.004157 -0.244053 -0.966419 118.855003
-7.960333 1.902963 2.007248 -0.048883 -0.315008 -0.835515 118.980003
-7.867362 1.722980 2.007248 -0.078356 -0.210217 -0.652250 119.154999
-7.782974 1.540177 2.007248 -0.074036 -0.082456 -0.338081 119.455002
-7.770652 1.748074 2.007248 0.046429 0.261349 1.799610 121.834999
-7.791324 1.953301 1.982843 0.012658 0.152096 1.768874 121.955002
-7.813194 2.158199 1.949073 -0.076445 0.079674 1.721205 122.065002
-7.843663 2.359186 1.916344 -0.141503 0.039950 1.737134 122.169998
-7.889097 2.560041 1.883051 -0.113789 0.024677 1.749735 122.275002
-7.943644 2.750037 1.851209 -0.064962 0.022909 1.759563 122.375000
-8.002472 2.939743 1.819573 0.068871 0.027117 1.679699 122.475998
-8.055607 3.130872 1.787963 0.041357 0.030019 1.654075 122.574997
-8.104263 3.323431 1.757181 0.029483 0.029376 1.673075 122.675003
-8.152087 3.526112 1.743173 0.048979 -0.091327 1.617558 122.779999
-8.195953 3.724087 1.743173 0.078650 -0.294152 1.502363 122.889999
-8.241404 3.923858 1.743173 0.102370 -0.268802 1.355751 123.029999
-8.291920 4.119456 1.743173 0.103119 -0.144755 1.141069 123.235001
-8.351948 4.310407 1.743173 0.065388 -0.033634 0.727413 123.629997
-8.518552 4.427583 1.731445 0.000944 0.319309 -3.123202 127.644997
-8.737838 4.424102 1.695937 -0.001661 0.305588 3.130933 127.839996
-8.936701 4.419977 1.664592 -0.038545 0.191081 3.123437 127.964996
-9.134680 4.412796 1.633191 -0.022912 0.111023 3.127898 128.074997
-9.334081 4.403827 1.600913 0.002554 0.067003 3.131266 128.179993
-9.538681 4.395218 1.568394 0.019181 0.044446 3.133991 128.285004
-9.745945 4.388697 1.535691 0.027163 0.032369 3.136172 128.389999
-9.964425 4.385991 1.500870 0.102194 0.025120 3.064611 128.500000
-10.162878 4.393108 1.469083 0.061425 0.027108 3.007931 128.600006
-10.361077 4.407132 1.438147 0.081402 0.025499 2.967011 128.699997
-10.568321 4.430111 1.405874 0.049122 0.026869 2.916918 128.804993
-10.765277 4.456521 1.374348 -0.060246 0.020924 3.017428 128.904999
-10.962925 4.478047 1.343485 -0.073923 0.022029 3.120390 129.005005
-11.160893 4.492312 1.311804 -0.079645 0.016023 -3.067338 129.104996
-11.367021 4.498941 1.279377 -0.087338 -0.033650 -2.978654 129.210007
-11.620219 4.494786 1.239406 -0.106854 -0.089724 -2.878818 129.345001
-11.817846 4.479954 1.208312 -0.117356 -0.110670 -2.806648 129.460007
-12.030869 4.448957 1.174087 -0.114458 -0.117674 -2.732115 129.600006
-12.224320 4.403597 1.142792 -0.093765 -0.116148 -2.671752 129.750000
-12.426174 4.335813 1.110132 -0.058372 -0.108109 -2.618566 129.945007
-12.610937 4.254925 1.082836 -0.019590 -0.079686 -2.592725 130.184998
-12.791011 4.165548 1.075929 -0.006975 -0.054648 -2.596167 130.509995
