-12.797959 4.056767 1.000000 0.024184 0.318775 0.309745 0.000000
-12.603334 4.113591 1.000000 0.026120 0.272065 0.303115 0.150000
-12.381285 4.174950 1.000000 0.008689 0.141259 0.298760 0.285000
-12.183074 4.229400 1.028636 -0.001395 0.079793 0.296001 0.395000
-11.987123 4.283981 1.033787 -0.006335 0.049364 0.293890 0.500000
-11.788153 4.340612 1.032227 -0.007739 0.034422 0.292191 0.605000
-11.587831 4.398915 1.030908 -0.005891 0.026182 0.290837 0.710000
-11.358225 4.467002 1.029639 -0.001498 0.022239 0.289610 0.830000
-11.137858 4.532968 1.037419 0.043625 0.018524 0.261447 0.945000
-10.945527 4.587935 1.042154 0.018489 0.018989 0.245757 1.045000
-10.752744 4.641200 1.041714 0.013434 0.019526 0.246562 1.145000
-10.559641 4.693466 1.041339 0.015691 0.019160 0.247213 1.245000
-10.356212 4.745276 1.041002 0.098747 0.018273 0.153753 1.350000
-10.151503 4.789706 1.040717 0.024684 0.022199 0.154344 1.455000
-9.946168 4.831367 1.040472 0.015592 0.006859 0.159335 1.560000
-9.743161 4.871100 1.040267 0.017222 -0.064505 0.163297 1.665000
-9.520436 4.912909 1.049956 0.059259 0.030173 0.137933 1.785000
-9.318849 4.943999 1.085055 0.084775 -0.088295 0.006486 1.895000
-9.119514 4.965796 1.118781 0.070354 -0.078829 -0.066679 2.010000
-8.908510 4.979789 1.154178 0.075694 -0.028221 -0.141981 2.140000
-8.683103 4.981366 1.190381 0.078493 0.004453 -0.215305 2.285000
-8.485663 4.968931 1.236527 0.115761 0.016646 -0.323415 2.415000
-8.284664 4.940177 1.264136 0.067504 0.024166 -0.383204 2.550000
-8.064040 4.893976 1.273327 0.055125 0.023436 -0.380849 2.700000
-7.852852 4.836988 1.289053 0.048332 0.020932 -0.405611 2.845000
-7.644159 4.768768 1.288969 0.039578 0.016356 -0.397399 2.990000
-7.417657 4.681190 1.288893 0.077098 0.014752 -0.491062 3.150000
-7.232137 4.594459 1.288844 0.043259 0.013868 -0.541673 3.285000
-7.017437 4.481092 1.288797 0.025269 0.014491 -0.616722 3.445000
-6.812706 4.364853 1.288763 -0.003120 0.170661 -0.605416 3.595000
-6.638458 4.263511 1.288742 0.014540 0.128494 -0.598780 3.710000
-6.412655 4.126523 1.299984 0.082790 0.011412 -0.657484 3.850000
-6.241810 4.011451 1.335299 0.144594 -0.111401 -0.846973 3.960000
-6.086511 3.888932 1.369100 0.163374 -0.057683 -1.013670 4.075000
-5.943731 3.750627 1.401554 0.158723 0.002350 -1.157406 4.200000
-5.803266 3.572519 1.403584 0.131733 0.036699 -1.300771 4.350000
-5.699414 3.400495 1.411478 0.061786 0.037500 -1.303872 4.485000
-5.601748 3.206211 1.408787 0.105270 0.032816 -1.349683 4.630000
-5.527985 3.017105 1.406767 0.086933 0.027845 -1.403872 4.765000
-5.468008 2.822510 1.405136 0.044431 0.020901 -1.408115 4.900000
-5.413439 2.617564 1.403769 0.016889 0.014850 -1.387878 5.040000
-5.358214 2.396493 1.402598 0.009236 0.012991 -1.371847 5.190000
-5.302794 2.167114 1.401638 0.001949 0.081530 -1.359730 5.345000
-5.254855 1.970579 1.401019 -0.069501 0.162064 -1.296612 5.470000
-5.192076 1.755978 1.400509 -0.070668 0.106846 -1.185857 5.595000
-5.123760 1.559529 1.400134 -0.061922 0.068534 -1.094422 5.705000
-5.049679 1.370667 1.399982 -0.058504 -0.052644 -0.997709 5.810000
-4.957796 1.154324 1.399982 -0.082607 -0.292675 -0.861574 5.940000
-4.869487 0.945084 1.399982 -0.104481 -0.243560 -0.688787 6.105000
-4.796956 0.755260 1.399982 -0.098076 -0.119729 -0.442696 6.340000
-4.739497 0.563377 1.399982 -0.042038 -0.007939 0.133263 6.890000
-4.663703 0.755097 1.399982 0.035282 0.203688 1.399296 8.035000
-4.605983 0.951097 1.399982 -0.044034 0.095144 1.434732 8.190000
-4.554920 1.169132 1.399982 -0.086265 0.044071 1.460260 8.345000
-4.524039 1.389833 1.399982 -0.102057 0.023615 1.530078 8.495000
-4.514387 1.608359 1.399982 -0.069180 0.150560 1.538469 8.640000
-4.518501 1.815299 1.399982 -0.028779 0.099221 1.565307 8.765000
-4.526001 2.048115 1.399982 0.088743 -0.170779 1.361699 8.900000
-4.524745 2.261497 1.399982 0.124431 -0.198680 1.245892 9.045000
-4.505044 2.476032 1.399982 0.108483 -0.097273 1.108786 9.240000
-4.450740 2.681091 1.420385 0.061990 -0.038244 0.972228 9.495000
-4.361688 2.867018 1.432223 0.099887 0.146860 0.804298 9.795000
-4.233495 3.023701 1.430399 -0.093470 0.185172 0.731322 10.010000
-4.106618 3.179638 1.429626 0.011333 0.084538 0.596260 10.165000
-3.973694 3.335557 1.429052 -0.025673 0.046717 0.569393 10.310000
-3.837400 3.489086 1.428609 0.033704 0.043035 0.537169 10.450000
-3.685601 3.643981 1.419341 0.131314 0.016538 0.440274 10.595000
-3.513675 3.780549 1.420566 0.119369 -0.014670 0.343589 10.745000
-3.343726 3.886864 1.420566 0.036001 -0.237544 0.500669 10.895000
-3.168720 3.985709 1.420566 -0.023160 -0.169139 0.725815 11.110000
-2.987680 4.073024 1.420566 -0.039120 -0.046805 1.197055 11.560000
-3.140007 3.917452 1.420566 0.006976 0.072002 -2.372430 14.495000
-3.298108 3.794795 1.420566 0.018714 -0.044190 -2.295471 14.660000
-3.473381 3.669608 1.420566 0.000659 0.001920 -2.320277 14.845000
-3.656929 3.538375 1.420566 -0.039919 -0.059540 -2.338201 15.045000
-3.816212 3.410953 1.420566 -0.045282 -0.086122 -2.296937 15.250000
-3.962457 3.273431 1.413591 -0.019733 -0.067546 -2.239905 15.505000
-4.101482 3.127214 1.411268 0.000368 -0.096982 -2.405229 15.860000
-4.304236 3.182913 1.411268 -0.015520 0.236509 2.020399 18.535000
-4.382191 3.367798 1.411268 0.015765 0.112503 2.055096 18.695000
-4.464482 3.556402 1.411268 -0.039926 0.054918 2.132065 18.840000
-4.562306 3.755776 1.411268 -0.034116 0.029650 2.132430 18.990000
-4.665279 3.948643 1.411268 0.002300 0.017800 2.072300 19.135000
-4.760774 4.126967 1.411268 0.025432 0.172221 1.986865 19.264999
-4.864768 4.326428 1.411268 -0.122914 0.116255 2.057781 19.395000
-4.969173 4.502471 1.411268 -0.045949 0.080229 2.083462 19.504999
-5.077471 4.674036 1.411268 -0.007496 0.051915 2.086298 19.610001
-5.188565 4.848619 1.411268 0.016650 0.034997 2.088565 19.715000
-5.329452 5.074052 1.411268 0.028288 -0.158454 1.989830 19.850000
-5.436162 5.245678 1.411268 0.062461 -0.320636 1.869401 19.965000
-5.544863 5.413730 1.411268 0.090292 -0.248892 1.712320 20.115000
-5.660273 5.577768 1.411268 0.091381 -0.121809 1.466227 20.350000
-5.787802 5.732177 1.411268 0.040884 -0.009159 0.879793 20.910000
-5.573618 5.759152 1.403631 0.003159 0.214520 -0.156904 21.934999
-5.359196 5.750324 1.405939 0.074201 0.083854 -0.133438 22.094999
-5.156962 5.725985 1.405451 0.074412 0.030175 -0.083896 22.235001
-4.959201 5.689064 1.405072 0.038765 0.011269 -0.027533 22.370001
-4.761265 5.645775 1.382442 0.022044 0.012388 0.002292 22.504999
-4.562767 5.601373 1.383491 -0.038102 0.021578 0.034763 22.639999
-4.347720 5.560633 1.384403 -0.047983 0.024204 0.014919 22.785000
-4.148167 5.532155 1.385060 -0.053633 0.179338 0.001542 22.915001
-3.933817 5.513369 1.385576 -0.057414 0.136775 -0.008246 23.040001
-3.729810 5.503906 1.385955 -0.044934 0.084759 -0.015006 23.150000
-3.527555 5.499601 1.386263 -0.026093 0.053981 -0.020166 23.254999
-3.321509 5.497838 1.386524 -0.015753 0.038049 -0.017585 23.360001
-3.113630 5.499599 1.386747 -0.009884 0.028604 0.041616 23.465000
-2.904917 5.502903 1.386934 0.029291 0.023676 0.032255 23.570000
-2.665808 5.503168 1.387114 0.028252 0.022185 0.023862 23.690001
-2.456284 5.500247 1.387247 0.017672 0.021710 0.017982 23.795000
-2.246628 5.495995 1.387359 -0.073358 0.019140 0.081895 23.900000
-2.037837 5.499210 1.387455 -0.130386 0.025018 0.214599 24.004999
-1.830860 5.514499 1.387537 -0.118143 0.031187 0.283741 24.110001
-1.586469 5.546777 1.361420 -0.120679 0.039260 0.344579 24.235001
-1.383768 5.588237 1.355987 -0.134964 0.041951 0.421090 24.340000
-1.184950 5.644800 1.357273 -0.137141 0.043371 0.498615 24.445000
-0.991092 5.716469 1.358366 -0.132834 0.035566 0.573676 24.549999
-0.806381 5.800611 1.359292 -0.130676 -0.111759 0.675552 24.655001
-0.626706 5.898732 1.360147 -0.179874 -0.079701 0.848369 24.770000
-0.446220 6.023454 1.360971 -0.140044 -0.010790 0.910821 24.905001
-0.294184 6.155765 1.361622 -0.113996 0.012933 0.965739 25.035000
-0.130787 6.327024 1.371411 -0.053384 0.014215 0.943787 25.190001
0.008273 6.489256 1.376049 -0.038812 0.010642 0.929893 25.330000
0.137222 6.650124 1.372700 -0.030812 0.010135 0.926917 25.465000
0.262961 6.813485 1.362259 0.043584 0.006099 0.849326 25.600000
0.403270 6.983629 1.362719 0.059466 0.011051 0.737644 25.745001
0.540537 7.132060 1.363050 0.011352 0.170920 0.699333 25.875000
0.685591 7.279917 1.363301 0.009547 0.134771 0.707528 25.995001
0.831105 7.424315 1.363494 0.023694 0.084150 0.713492 26.105000
0.977765 7.565331 1.363651 0.031229 0.051823 0.718025 26.209999
1.152436 7.725745 1.363801 0.102716 0.031656 0.648765 26.330000
1.327999 7.872805 1.363920 0.065856 0.025181 0.612083 26.445000
1.493565 8.001567 1.364013 0.039489 0.022308 0.556715 26.549999
1.654961 8.119683 1.364088 0.026075 0.021181 0.521736 26.650000
1.825728 8.240812 1.364154 0.054714 -0.033065 0.495003 26.754999
1.995333 8.355408 1.381769 -0.007608 -0.095425 0.566921 26.860001
2.162250 8.469633 1.417892 -0.104326 -0.119956 0.785886 26.969999
2.322082 8.592891 1.452381 -0.136580 -0.050484 0.969127 27.090000
2.502859 8.764688 1.456473 -0.145173 0.014881 1.157347 27.250000
2.630079 8.921890 1.455355 -0.126648 0.039652 1.261401 27.385000
2.760088 9.129807 1.454272 -0.093366 0.040473 1.320726 27.549999
2.855628 9.324296 1.453524 -0.090585 0.033969 1.373034 27.695000
2.930875 9.512735 1.452962 -0.080393 0.024818 1.398287 27.830000
2.991695 9.706178 1.452507 -0.123897 0.028270 1.536800 27.965000
3.030104 9.903145 1.452142 -0.145406 0.033794 1.729107 28.100000
3.043680 10.107847 1.451834 -0.152686 0.044712 1.918233 28.240000
3.023317 10.329679 1.451564 -0.167481 0.062997 2.159750 28.395000
2.963522 10.541143 1.451351 -0.133946 0.073485 2.316462 28.549999
2.875448 10.728341 1.451193 -0.137480 0.072337 2.454485 28.695000
2.748997 10.912215 1.451059 -0.136914 0.065581 2.599190 28.850000
2.593786 11.075038 1.450954 -0.135341 0.059345 2.748097 29.004999
2.433121 11.200704 1.450878 -0.132516 0.055713 2.887018 29.145000
2.237468 11.313831 1.450812 -0.128879 0.055362 3.030873 29.299999
2.048316 11.390503 1.450764 -0.131949 0.057011 -3.118347 29.440001
1.836399 11.443759 1.450723 -0.134090 0.057243 -2.975373 29.590000
1.611266 11.468887 1.450690 -0.083133 0.048692 -2.925666 29.745001
1.411686 11.472146 1.482388 -0.090135 0.041670 -2.878903 29.879999
1.211125 11.457970 1.516930 -0.091003 0.035328 -2.823650 30.014999
1.011637 11.426559 1.550201 -0.083952 0.029961 -2.765362 30.150000
0.813760 11.381500 1.583739 -0.027361 0.022113 -2.781465 30.285000
0.586812 11.322034 1.621538 -0.021423 0.015591 -2.800371 30.440001
0.390272 11.264018 1.653914 -0.012173 0.012526 -2.783710 30.575001
0.194619 11.206133 1.686615 0.069648 0.170129 -2.906303 30.705000
0.001300 11.158126 1.707229 -0.055362 0.041168 -2.813032 30.820000
-0.199567 11.099566 1.719152 -0.194842 -0.065668 -2.581709 30.940001
-0.384734 11.018995 1.718686 -0.203459 -0.012354 -2.392809 31.065001
-0.557726 10.908082 1.718275 -0.178695 0.028050 -2.218873 31.200001
-0.717228 10.764053 1.717919 -0.124200 0.040979 -2.084562 31.344999
-0.863032 10.588067 1.717618 -0.136268 0.044190 -1.900891 31.500000
-0.977805 10.400035 1.717387 -0.126099 0.047826 -1.749567 31.650000
-1.068623 10.191698 1.717198 -0.122687 0.048794 -1.592635 31.805000
-1.125550 9.994878 1.708968 -0.124912 0.051728 -1.458776 31.945000
-1.157327 9.792925 1.705255 -0.127678 0.054314 -1.321960 32.084999
-1.161642 9.567165 1.704315 -0.126234 0.056165 -1.178129 32.240002
-1.133312 9.343210 1.703578 -0.124609 0.056166 -1.034687 32.395000
-1.075516 9.132262 1.703015 -0.123851 0.054365 -0.896730 32.544998
-0.989180 8.931176 1.702570 -0.122241 0.054253 -0.753459 32.695000
-0.882410 8.750665 1.702416 -0.102187 -0.115930 -0.613448 32.840000
-0.768948 8.580488 1.702416 -0.105113 -0.204795 -0.435419 33.009998
-0.658249 8.404130 1.702416 -0.087845 -0.083967 -0.136958 33.294998
-0.569138 8.224824 1.702416 -0.011375 0.005809 0.894563 34.279999
-0.492162 8.039367 1.690791 0.038171 0.284869 -1.232306 37.805000
-0.422487 7.819954 1.690763 -0.045269 0.112282 -1.292668 37.994999
-0.354072 7.618872 1.694669 -0.042069 0.042573 -1.342716 38.145000
-0.271727 7.405120 1.697055 -0.028225 0.024571 -1.309225 38.299999
-0.185137 7.204622 1.673569 -0.046677 0.015670 -1.171859 38.445000
-0.096524 7.020027 1.683683 -0.021229 -0.028393 -1.081134 38.580002
-0.003940 6.837421 1.683683 0.016212 -0.250913 -1.232982 38.724998
0.090123 6.657974 1.683683 0.017184 -0.190094 -1.096842 38.924999
0.194066 6.483523 1.683683 -0.077476 0.250305 -0.778017 39.255001
0.350606 6.350575 1.683683 -0.043213 0.188818 -0.648753 39.465000
0.521506 6.238297 1.683683 -0.034951 0.088095 -0.469805 39.619999
0.694037 6.135229 1.692524 -0.016430 0.048337 -0.487931 39.759998
0.868227 6.035320 1.691963 -0.091701 0.023258 -0.403003 39.895000
1.071258 5.938816 1.691460 -0.066370 0.022210 -0.290441 40.044998
1.260010 5.863414 1.691098 -0.029086 0.019354 -0.297849 40.180000
1.452014 5.793389 1.675622 -0.034013 0.015195 -0.276602 40.314999
1.646036 5.727612 1.674113 0.030829 0.011475 -0.362655 40.450001
1.847001 5.657808 1.645776 0.054815 0.071057 -0.393808 40.590000
2.064245 5.570657 1.645302 0.065452 -0.052116 -0.528669 40.740002
2.263697 5.477080 1.645302 0.001250 -0.259636 -0.366349 40.895000
2.457077 5.376982 1.645302 -0.046856 -0.169442 -0.130722 41.119999
2.628861 5.272617 1.645302 -0.046767 -0.043206 0.324823 41.555000
2.827831 5.249256 1.634039 -0.050057 0.317827 0.192535 42.404999
3.028049 5.298859 1.631754 0.050281 0.279648 0.171852 42.580002
3.226490 5.336711 1.632087 0.045175 0.036078 0.062325 42.709999
3.432112 5.366772 1.632357 0.014323 -0.014826 0.070929 42.840000
3.633967 5.393989 1.632578 0.016825 -0.006538 0.077482 42.970001
3.832998 5.418333 1.632760 0.017788 0.003438 0.082470 43.099998
4.038383 5.440579 1.632915 0.014742 0.007738 0.086404 43.235001
4.243309 5.459930 1.644493 0.058636 0.010135 0.030686 43.369999
4.448109 5.470313 1.643540 0.061043 0.013185 -0.088444 43.505001
4.667370 5.469079 1.642713 0.049614 0.064931 -0.198140 43.650002
4.896959 5.454416 1.642398 0.056148 0.008400 -0.311162 43.794998
5.126036 5.429405 1.642398 0.084011 -0.252487 -0.468246 43.945000
5.328771 5.407801 1.642398 0.098043 -0.190138 -0.656748 44.125000
5.534041 5.394853 1.642398 0.078078 -0.066221 -0.991861 44.445000
5.702714 5.272543 1.642398 0.021629 0.317230 -1.366823 45.235001
5.742247 5.073792 1.642398 0.019426 0.294147 -1.291775 45.410000
5.783679 4.871640 1.642398 0.061868 0.183058 -1.277082 45.540001
5.820977 4.667850 1.642398 0.034129 0.107267 -1.287522 45.654999
5.856578 4.461430 1.642398 -0.007501 0.067061 -1.295399 45.764999
5.893404 4.259647 1.642398 -0.035786 0.044665 -1.301335 45.869999
5.935110 4.056268 1.642398 -0.045462 0.032724 -1.306143 45.974998
5.981492 3.852600 1.642398 0.029830 0.023392 -1.376510 46.080002
6.030337 3.638742 1.642398 -0.013801 0.021965 -1.384563 46.189999
6.080419 3.424824 1.642398 0.066530 0.019046 -1.437113 46.299999
6.125294 3.210106 1.642398 0.045687 0.024519 -1.459667 46.410000
6.162927 3.004072 1.642398 0.050986 0.024329 -1.458793 46.514999
6.194730 2.796978 1.642398 0.121524 0.020542 -1.515544 46.619999
6.215522 2.570266 1.642398 0.131409 -0.024325 -1.627906 46.735001
6.221161 2.366901 1.642398 0.019632 0.033153 -1.617413 46.840000
6.224019 2.162762 1.642398 0.014702 0.040268 -1.564792 46.945000
6.227438 1.956593 1.642398 -0.003569 0.034182 -1.509162 47.049999
6.231602 1.748979 1.642398 0.007772 0.029573 -1.510093 47.154999
6.235393 1.540352 1.642398 -0.006989 0.025831 -1.510891 47.259998
6.240236 1.331177 1.642398 -0.020645 0.023735 -1.511524 47.365002
6.247437 1.121757 1.642398 -0.024895 0.022852 -1.512039 47.470001
6.257419 0.912385 1.642398 -0.021993 -0.001548 -1.512449 47.575001
6.269837 0.686755 1.642398 0.048214 -0.073256 -1.594653 47.689999
6.277765 0.481569 1.642398 0.010768 -0.021622 -1.613385 47.799999
6.285877 0.280417 1.642398 -0.067702 0.074450 -1.517179 47.910000
6.301013 0.073603 1.642398 0.008984 0.066378 -1.469713 48.020000
6.316036 -0.128937 1.642398 0.040345 0.047268 -1.476124 48.125000
6.327479 -0.334831 1.642398 0.029007 0.035308 -1.481274 48.230000
6.336607 -0.552584 1.642398 0.011148 0.028154 -1.485631 48.340000
6.344473 -0.761434 1.642398 -0.039207 0.023962 -1.467960 48.445000
6.357232 -0.970083 1.642398 -0.062108 0.024790 -1.395532 48.549999
6.376790 -1.177181 1.642398 -0.028021 -0.026359 -1.402619 48.654999
6.398935 -1.378147 1.642398 -0.026300 -0.063502 -1.408363 48.759998
6.424787 -1.581629 1.642398 -0.101002 -0.062742 -1.307319 48.869999
6.461289 -1.782012 1.642398 -0.155479 -0.080417 -1.110628 48.985001
6.519457 -1.985003 1.650058 -0.169068 -0.013315 -0.925241 49.115002
6.601918 -2.174029 1.672697 -0.160557 0.027558 -0.770125 49.250000
6.716109 -2.356194 1.707402 -0.150332 0.047239 -0.614524 49.395000
6.865654 -2.527405 1.723500 -0.134718 0.052052 -0.456162 49.549999
7.020746 -2.662162 1.722939 -0.115854 0.047595 -0.347988 49.689999
7.203385 -2.785575 1.722456 -0.129760 0.049679 -0.198150 49.840000
7.400562 -2.882400 1.722074 -0.125098 0.052347 -0.049570 49.990002
7.601534 -2.950736 1.721781 -0.136419 0.053011 0.075874 50.134998
7.801987 -2.990150 1.721553 -0.138550 0.057073 0.213708 50.275002
8.005489 -3.001506 1.721371 -0.133310 0.058094 0.345140 50.415001
8.208657 -2.985064 1.721223 -0.122329 0.055753 0.473963 50.555000
8.408437 -2.942654 1.721105 -0.092074 0.050746 0.577481 50.695000
8.616714 -2.875960 1.721057 -0.067731 -0.123341 0.499085 50.845001
8.806689 -2.803642 1.721057 -0.009579 -0.233798 0.326292 51.009998
8.991928 -2.723581 1.721057 0.037476 -0.129219 0.054012 51.270000
9.167420 -2.627455 1.721057 0.022644 -0.008004 -0.726174 52.014999
9.058804 -2.802229 1.721057 -0.003833 0.319458 -2.205086 53.935001
8.935922 -2.964971 1.721057 0.088667 0.077989 -2.382673 54.080002
8.784256 -3.134601 1.734222 0.000803 -0.030867 -2.406297 54.230000
8.644478 -3.284932 1.733976 0.016899 -0.225870 -2.400946 54.375000
8.508413 -3.431668 1.733672 0.013899 -0.204575 -2.396458 54.564999
8.371750 -3.580112 1.733446 -0.003329 -0.074875 -2.194488 54.945000
8.555829 -3.499850 1.733446 -0.005980 0.157643 0.677140 57.880001
8.730184 -3.378711 1.733446 0.007848 0.070478 0.680240 58.035000
8.898747 -3.261499 1.733446 -0.016926 0.034342 0.682286 58.174999
9.063029 -3.142732 1.733446 -0.030191 0.020864 0.683762 58.310001
9.226112 -3.019021 1.733446 0.014842 0.013385 0.617489 58.445000
9.406253 -2.882374 1.733446 0.030721 0.166616 0.565433 58.590000
9.574438 -2.760448 1.750362 0.052206 0.130042 0.489283 58.709999
9.743929 -2.646687 1.751488 0.000038 0.081608 0.458392 58.820000
9.913095 -2.535814 1.752301 0.008285 0.054549 0.466541 58.924999
10.086655 -2.424025 1.752993 0.036587 0.039521 0.473085 59.029999
10.281360 -2.304180 1.753633 0.052385 0.027828 0.478789 59.145000
10.462937 -2.199040 1.754128 0.051568 0.021963 0.482956 59.250000
10.638648 -2.102937 1.754526 0.084590 0.018701 0.457277 59.349998
10.817903 -2.013645 1.754868 0.107664 0.019777 0.367540 59.450001
11.010235 -1.929655 1.755172 0.079247 0.021245 0.291993 59.555000
11.205217 -1.853931 1.755432 0.051869 -0.007580 0.241162 59.660000
11.400763 -1.785468 1.755655 0.085615 0.028608 0.161655 59.764999
11.598463 -1.723854 1.755842 0.004397 0.030901 0.188879 59.870998
11.825816 -1.653243 1.756025 0.017463 0.027268 0.247049 59.990002
12.035542 -1.589377 1.756163 0.032868 0.024089 0.252977 60.099998
12.256382 -1.525947 1.756285 0.029507 0.020528 0.257903 60.215000
12.458970 -1.470678 1.756379 0.017251 0.020421 0.261459 60.320000
12.652370 -1.419312 1.756455 0.006231 0.019647 0.264176 60.419998
12.884604 -1.357844 1.756532 -0.003302 0.018958 0.266793 60.540001
13.086838 -1.302204 1.756589 -0.069059 -0.016193 0.343466 60.645000
13.282516 -1.240620 1.756637 -0.097861 -0.065620 0.452757 60.750000
13.476061 -1.168335 1.772006 -0.024442 -0.071340 0.410628 60.860001
13.658431 -1.094149 1.807751 -0.016770 -0.093697 0.406927 60.970001
13.851290 -1.013026 1.833015 -0.007273 -0.051989 0.403903 61.095001
14.041579 -0.930832 1.831970 -0.041096 -0.020121 0.456116 61.224998
14.224927 -0.846106 1.849739 0.019481 -0.004073 0.462681 61.355000
14.428165 -0.755583 1.881921 -0.027533 0.003687 0.439260 61.500000
14.634341 -0.657926 1.883453 -0.086171 0.012391 0.644781 61.650002
14.810369 -0.556318 1.884487 -0.083294 -0.001848 0.789825 61.785000
14.990071 -0.435801 1.884487 -0.031704 -0.248196 0.627505 61.939999
15.153690 -0.315768 1.884487 0.025905 -0.182331 0.412822 62.145000
15.308560 -0.186882 1.884487 0.044077 -0.058801 -0.006069 62.544998
15.484851 -0.285960 1.884487 0.036117 0.248244 -1.180633 64.010002
15.560312 -0.472351 1.884487 0.000608 0.104254 -1.329577 64.169998
15.635270 -0.662482 1.884487 -0.044218 0.037801 -1.398152 64.315002
15.713769 -0.851744 1.884487 0.024216 0.031267 -1.458912 64.455002
15.784905 -1.038865 1.884487 0.084496 0.038495 -1.527043 64.589996
15.841509 -1.231514 1.884487 0.107228 0.039949 -1.590278 64.724998
15.878463 -1.428988 1.884487 0.116547 0.038944 -1.660162 64.860001
15.894177 -1.629496 1.884487 0.105869 0.034757 -1.725389 64.995003
15.890452 -1.846400 1.884487 0.046844 0.026499 -1.733598 65.139999
15.876273 -2.052703 1.884487 0.028246 0.172274 -1.720470 65.275002
15.855933 -2.255399 1.884487 0.023490 0.143857 -1.711539 65.394997
15.830776 -2.465962 1.884487 0.011930 0.088970 -1.704835 65.510002
15.800993 -2.695214 1.884487 0.057215 0.052367 -1.742775 65.629997
15.766744 -2.908456 1.884487 0.073922 0.036720 -1.835366 65.739998
15.726857 -3.112207 1.884487 -0.011979 0.027349 -1.841297 65.845001
15.686769 -3.316905 1.884487 -0.018545 0.024365 -1.830432 65.949997
15.647811 -3.522507 1.884487 -0.004761 0.022547 -1.821729 66.055000
15.608737 -3.728483 1.884487 0.008102 0.022158 -1.814707 66.160004
15.568260 -3.934447 1.884487 0.015334 0.020914 -1.809111 66.264999
15.527827 -4.130336 1.884487 0.015957 0.020329 -1.804825 66.364998
15.485545 -4.325912 1.884487 0.012201 0.019983 -1.801337 66.464996
15.441276 -4.521045 1.884487 0.055197 0.008763 -1.845842 66.565002
15.391011 -4.722740 1.884487 0.056680 -0.056832 -1.890881 66.669998
15.328514 -4.951080 1.884487 0.010650 0.011137 -1.899784 66.794998
15.273959 -5.149135 1.884487 -0.078445 -0.032825 -1.762380 66.904999
15.225451 -5.351372 1.884487 -0.053759 -0.096952 -1.660982 67.019997
15.183987 -5.548807 1.884487 -0.063467 -0.053812 -1.582342 67.139999
15.149565 -5.752506 1.884487 -0.079050 -0.010284 -1.508386 67.269997
15.128024 -5.951498 1.884487 -0.057870 0.009764 -1.462385 67.400002
15.116336 -6.164240 1.884487 -0.044876 0.016412 -1.478758 67.540001
15.113822 -6.399696 1.884487 -0.042315 0.014530 -1.492158 67.695000
15.121085 -6.627391 1.884487 -0.056876 0.013413 -1.474410 67.845001
15.137185 -6.834476 1.884487 -0.012684 0.161636 -1.447170 67.980003
15.156800 -7.036453 1.884487 -0.002089 0.140869 -1.451786 68.099998
15.177147 -7.236782 1.884487 -0.001008 0.091807 -1.455124 68.209999
15.200857 -7.465075 1.884487 0.000032 0.057552 -1.458030 68.330002
15.222332 -7.669373 1.884487 0.001300 0.040317 -1.460060 68.434998
15.244225 -7.875862 1.884487 -0.042123 0.030561 -1.432687 68.540001
15.272332 -8.092597 1.884487 -0.079698 0.026084 -1.331306 68.650002
15.308069 -8.297947 1.884487 -0.075500 0.003937 -1.245596 68.754997
15.351796 -8.499709 1.884487 -0.003265 0.022509 -1.240295 68.860001
15.398197 -8.711100 1.884487 0.078700 0.009003 -1.374649 68.970001
15.441850 -8.946407 1.906372 0.082955 -0.134472 -1.538105 69.095001
15.471488 -9.144716 1.896596 0.084940 -0.081797 -1.649869 69.224998
15.491278 -9.345631 1.893196 0.053870 -0.023211 -1.694620 69.345001
15.502368 -9.547447 1.893034 0.040876 0.001915 -1.671799 69.474998
15.506566 -9.754155 1.908426 0.096664 0.011076 -1.715462 69.610001
15.493368 -9.957668 1.910765 0.100013 0.022017 -1.847338 69.745003
15.456926 -10.171579 1.910201 0.197188 0.021066 -2.109879 69.889999
15.381357 -10.381184 1.909719 0.122917 0.053569 -2.389962 70.044998
15.283928 -10.563607 1.909363 0.034055 0.054497 -2.406787 70.190002
15.167609 -10.749991 1.925973 0.097680 0.006271 -2.460375 70.339996
15.035067 -10.932081 1.926319 0.059135 -0.213572 -2.438877 70.504997
14.913444 -11.091634 1.926642 0.040248 -0.187279 -2.420687 70.709999
14.791359 -11.254624 1.926707 0.033863 -0.055265 -2.815202 71.139999
14.676392 -11.087008 1.926707 -0.018538 0.201557 1.715838 72.849998
14.627893 -10.891843 1.926707 0.048107 0.060674 1.736678 73.000000
14.587084 -10.683643 1.926707 0.063774 -0.050267 1.782931 73.150002
14.561367 -10.485085 1.926707 0.009380 -0.095526 1.861702 73.300003
14.541844 -10.285477 1.926707 -0.049030 -0.089694 2.007730 73.470001
14.514433 -10.084689 1.926707 -0.078466 -0.056732 2.139171 73.675003
14.472586 -9.886675 1.926707 0.039743 0.136575 1.913320 73.900002
14.431355 -9.681421 1.930208 -0.027951 0.011121 1.709527 74.089996
14.383507 -9.483959 1.931438 0.011445 -0.039122 1.499214 74.269997
14.334461 -9.289425 1.933153 0.027470 -0.027293 1.460226 74.459999
14.291231 -9.093090 1.934515 0.046166 -0.009322 1.481942 74.665001
14.263625 -8.889445 1.934992 0.021911 -0.157578 1.635530 74.894997
14.250515 -8.688696 1.934992 -0.026025 -0.067518 2.054411 75.294998
14.171247 -8.872890 1.950822 -0.114824 0.164448 -1.697899 99.455002
14.137542 -9.074803 1.952499 -0.083688 0.095353 -1.434731 99.614998
14.131227 -9.281645 1.953735 -0.067626 0.067183 -1.275392 99.764999
14.141738 -9.481990 1.954653 -0.037440 0.054357 -1.249446 99.904999
14.160477 -9.695655 1.955419 -0.069355 0.031419 -1.329539 100.050003
14.193565 -9.899893 1.955709 -0.074028 -0.124851 -1.278789 100.190002
14.240468 -10.094637 1.955709 0.006777 -0.238822 -1.446346 100.349998
14.298041 -10.292532 1.955709 0.048459 -0.126740 -1.718625 100.610001
14.370923 -10.479274 1.955709 0.025346 -0.008132 -2.456914 101.315002
