3.699840 1.511850 1.000000 0.002946 0.318681 0.063009 0.000000
3.901762 1.525330 1.000000 0.060451 0.263216 0.085430 0.150000
4.112966 1.532399 1.000000 0.043709 0.146200 0.079361 0.275000
4.316491 1.534616 1.000000 0.012177 0.085757 0.075186 0.385000
4.528221 1.536259 1.000000 -0.015135 0.054412 0.071865 0.495000
4.734171 1.539858 1.000000 -0.029200 0.038793 0.069312 0.600000
4.941957 1.546838 1.000000 -0.032707 0.029655 0.067263 0.705000
5.150545 1.557480 1.000000 -0.027205 0.024867 0.065631 0.810000
5.359448 1.571141 1.000000 -0.016592 0.022731 0.064313 0.915000
5.588091 1.590881 1.000000 -0.030213 0.021412 0.126889 1.030000
5.796519 1.613002 1.000000 -0.001492 0.022120 0.125109 1.135000
6.005056 1.635694 1.000000 -0.000031 0.021299 0.123670 1.240000
6.213676 1.658683 1.000000 -0.002412 0.021083 0.122521 1.345000
6.422329 1.682180 1.000000 -0.003632 0.020476 0.121593 1.450000
6.621010 1.705130 1.000000 -0.003294 0.020133 0.120889 1.550000
6.839488 1.730969 1.000000 -0.001813 0.020351 0.120258 1.660000
7.038090 1.754858 1.000000 -0.000022 0.020056 0.119794 1.760000
7.236672 1.778941 1.000000 0.001904 0.019857 0.119422 1.860000
7.435225 1.803035 1.000000 0.003285 0.019236 0.119119 1.960000
7.643692 1.828205 1.000000 0.003971 0.020380 0.118860 2.065000
7.842278 1.851994 1.000000 0.004175 0.019911 0.118661 2.165000
8.050799 1.876757 1.000000 0.003867 0.019649 0.118492 2.270000
8.259326 1.901339 1.000000 0.003096 0.020047 0.118356 2.375000
8.487730 1.928144 1.000000 0.002323 0.019948 0.118238 2.490000
8.716129 1.954921 1.000000 0.001702 0.019864 0.118146 2.605000
8.934570 1.980575 1.000000 0.001371 0.020018 0.118076 2.715000
9.162943 2.007439 1.000000 0.036947 0.018135 0.094501 2.830000
9.371538 2.027561 1.000000 0.102029 0.019713 -0.018501 2.935000
9.579967 2.037381 1.000000 0.100053 0.025199 -0.101085 3.040000
9.788221 2.038340 1.000000 0.039531 0.029117 -0.101854 3.145000
9.996892 2.034266 1.000000 0.043452 0.028256 -0.098045 3.250000
10.205896 2.025198 1.000000 0.046791 0.025205 -0.095002 3.355000
10.414908 2.010946 1.000000 0.039681 0.022504 -0.092561 3.460000
10.623741 1.992312 1.000000 0.025502 0.020972 -0.090593 3.565000
10.832421 1.970858 1.000000 0.009645 0.020624 -0.088996 3.670000
11.041049 1.948286 1.000000 -0.005196 0.020163 -0.087714 3.775000
11.249722 1.926116 1.000000 -0.015568 0.020416 -0.086684 3.880000
11.468507 1.904483 1.000000 -0.019335 0.020595 -0.085823 3.990000
11.677566 1.885741 1.000000 -0.017523 0.020515 -0.085167 4.095000
11.886808 1.868677 1.000000 -0.013108 0.019872 -0.084635 4.200000
12.096116 1.852819 1.000000 -0.006595 0.020284 -0.084208 4.305000
12.305456 1.837498 1.000000 -0.001122 0.019926 -0.083864 4.410000
12.514795 1.822098 1.000000 0.002981 0.019727 -0.083587 4.515000
12.743878 1.803705 1.000000 0.051642 0.019315 -0.139589 4.630000
12.952438 1.782563 1.000000 0.007275 0.021031 -0.135515 4.730000
13.160899 1.760027 1.000000 0.052047 0.019628 -0.166319 4.835000
13.368283 1.731749 1.000000 0.103772 0.022169 -0.269605 4.940000
13.573449 1.693618 1.000000 0.034786 0.026533 -0.287037 5.045000
13.777975 1.650531 1.000000 0.027405 0.025915 -0.281556 5.150000
13.982215 1.603862 1.000000 0.030948 0.023584 -0.277168 5.255000
14.185883 1.553448 1.000000 0.028736 0.021109 -0.273641 5.360000
14.388856 1.499650 1.000000 0.020322 0.019904 -0.270793 5.465000
14.581678 1.446152 1.000000 0.008290 0.019633 -0.268620 5.565000
14.774293 1.391561 1.000000 -0.001973 0.019082 -0.266837 5.665000
14.966221 1.334659 1.000000 0.035197 0.017924 -0.343746 5.765000
15.157116 1.274705 1.000000 0.018480 0.019697 -0.357178 5.865000
15.348009 1.214509 1.000000 -0.023619 0.017963 -0.347642 5.965000
15.539436 1.155842 1.000000 -0.022114 0.017717 -0.339867 6.065000
15.731353 1.098703 1.000000 -0.010954 0.018493 -0.333569 6.165000
15.923469 1.042117 1.000000 -0.000569 0.019266 -0.328420 6.265000
16.115501 0.985153 1.000000 0.006357 0.018833 -0.324258 6.365000
16.307243 0.927185 1.000000 0.009432 0.019054 -0.320869 6.465000
16.498621 0.867951 1.000000 0.008853 0.018529 -0.318120 6.565000
16.689659 0.807541 1.000000 0.005385 0.018771 -0.315899 6.665000
16.880461 0.746272 1.000000 0.000945 0.018361 -0.314094 6.765000
17.095425 0.679889 1.000000 -0.071364 -0.135116 -0.156195 6.880000
17.294201 0.625612 1.000000 -0.094877 -0.094040 -0.073886 6.995000
17.503727 0.580283 1.000000 -0.105400 -0.033409 0.010801 7.125000
17.705364 0.552537 1.000000 -0.105470 0.001539 0.086498 7.255000
17.911333 0.541670 1.000000 -0.091934 0.016061 0.150347 7.390000
18.115473 0.547449 1.000000 -0.085542 0.020783 0.223445 7.525000
18.317787 0.568965 1.000000 -0.075435 0.022297 0.294718 7.660000
18.518175 0.603973 1.000000 -0.068397 0.021413 0.357040 7.795000
18.715824 0.649448 1.000000 -0.011745 0.177866 0.358058 7.925000
18.917568 0.702042 1.000000 -0.014341 0.129156 0.346653 8.045000
19.114977 0.757324 1.000000 -0.023471 0.082566 0.338400 8.155000
19.309277 0.815357 1.000000 -0.023719 0.052438 0.332134 8.260000
19.506184 0.877401 1.000000 -0.017045 0.036479 0.327069 8.365000
19.704304 0.942156 1.000000 -0.006659 0.027597 0.323021 8.470000
19.903042 1.008292 1.000000 0.002872 0.022387 0.319771 8.575000
20.102217 1.074673 1.000000 0.010065 0.020545 0.317137 8.680000
20.301853 1.140458 1.000000 0.045692 0.018313 0.295129 8.785000
20.493196 1.198770 1.000000 0.065318 0.019005 0.214588 8.885000
20.705114 1.256866 1.000000 0.014842 0.020600 0.218888 8.995000
20.907932 1.310759 1.000000 0.015096 0.020439 0.222178 9.100000
21.111231 1.363385 1.000000 0.018946 0.019898 0.224834 9.205000
21.305325 1.412022 1.000000 0.019031 0.019828 0.226874 9.305000
21.499949 1.458694 1.000000 0.079408 0.019374 0.176518 9.405000
21.734913 1.506443 1.000000 0.009036 0.019729 0.138671 9.525000
21.941057 1.544765 1.000000 0.011296 0.020051 0.103270 9.630000
22.147541 1.580905 1.000000 -0.004613 0.018295 0.072177 9.735000
22.353886 1.617472 1.000000 -0.030540 0.018221 0.090266 9.840000
22.559790 1.657121 1.000000 -0.016532 0.019960 0.104958 9.945000
22.765530 1.698505 1.000000 0.003109 0.021204 0.116705 10.050000
22.971458 1.739655 1.000000 0.017602 0.021039 0.126134 10.155000
23.177879 1.778045 1.000000 0.044486 0.021826 0.098086 10.260000
23.384993 1.811832 1.000000 0.030109 0.021615 0.104313 10.365000
23.592623 1.842521 1.000000 0.027103 0.021351 0.109276 10.470000
23.810598 1.871816 1.000000 0.021089 0.020615 0.113423 10.580000
24.018955 1.897683 1.000000 0.013322 0.019812 0.116587 10.685000
24.227425 1.922348 1.000000 0.004739 0.019813 0.119140 10.790000
24.435989 1.945528 1.000000 0.018503 0.020217 0.088524 10.895000
24.644745 1.966645 1.000000 0.016304 0.020768 0.085094 11.000000
24.853703 1.986129 1.000000 0.020035 0.020478 0.082271 11.105000
25.062834 2.003630 1.000000 0.020860 0.019541 0.079999 11.210000
25.292048 2.020504 1.000000 0.015849 0.020715 0.078025 11.325000
25.521437 2.035576 1.000000 0.008943 0.020557 0.076485 11.440000
25.730967 2.048492 1.000000 0.003555 0.019721 0.075339 11.545000
25.940491 2.061241 1.000000 -0.002005 0.020466 0.074433 11.650000
26.149981 2.074366 1.000000 -0.004962 0.020672 0.073705 11.755000
26.359486 2.086140 1.000000 0.048420 0.019633 -0.006090 11.860000
26.568983 2.093986 1.000000 -0.001185 0.021097 -0.002664 11.965000
26.778563 2.101605 1.000000 0.002320 0.021513 0.000173 12.070000
26.998224 2.109249 1.000000 0.011075 0.021159 0.002551 12.180000
27.207966 2.115348 1.000000 0.015862 0.020643 0.004361 12.285000
27.417753 2.119778 1.000000 0.015704 0.020793 0.005816 12.390000
27.647583 2.122744 1.000000 0.011361 0.020737 0.007084 12.505000
27.897434 2.124354 1.000000 0.005523 0.020096 0.008172 12.630000
28.107285 2.125066 1.000000 -0.000009 0.020587 0.008889 12.735000
28.317129 2.125801 1.000000 -0.003792 0.019909 0.009465 12.840000
28.526974 2.126972 1.000000 -0.005692 0.020982 0.009924 12.945000
28.746838 2.128871 1.000000 -0.005613 0.020583 0.010313 13.055000
28.956722 2.131310 1.000000 -0.004118 0.020697 0.010609 13.160000
29.166607 2.134201 1.000000 -0.002018 0.020494 0.010846 13.265000
29.376492 2.137323 1.000000 -0.000065 0.020388 0.011038 13.370000
29.586361 2.140466 1.000000 0.001513 0.020141 0.011192 13.475000
29.796207 2.143471 1.000000 0.002343 0.020979 0.011315 13.580000
30.006111 2.146252 1.000000 0.002428 0.020586 0.011414 13.685000
30.216036 2.148801 1.000000 0.001975 0.020519 0.011494 13.790000
30.425987 2.151166 1.000000 0.001256 0.020060 0.011558 13.895000
30.635952 2.153426 1.000000 0.000481 0.020041 0.011609 14.000000
30.845917 2.155661 1.000000 -0.000140 0.020720 0.011651 14.105000
31.085876 2.158267 1.000000 -0.000502 0.019765 0.011688 14.225000
31.295795 2.160629 1.000000 -0.000567 0.019925 0.011714 14.330000
31.505680 2.163075 1.000000 -0.000419 0.020960 0.011735 14.435000
31.715603 2.165590 1.000000 -0.000177 0.020333 0.011752 14.540000
31.925528 2.168148 1.000000 0.000105 0.019726 0.011766 14.645000
32.135414 2.170716 1.000000 0.000340 0.020110 0.011776 14.750000
32.345299 2.173274 1.000000 0.000476 0.020368 0.011785 14.855000
32.555183 2.175807 1.000000 0.000529 0.020835 0.011792 14.960000
32.765068 2.178308 1.000000 0.000488 0.020784 0.011798 15.065000
32.974953 2.180783 1.000000 0.000410 0.020703 0.011802 15.170000
33.184837 2.183241 1.000000 0.000312 0.020113 0.011806 15.275000
33.394722 2.185689 1.000000 0.000220 0.020137 0.011809 15.380000
33.604607 2.188140 1.000000 0.000162 0.020516 0.011811 15.485000
33.814491 2.190599 1.000000 0.000129 0.020279 0.011813 15.590000
34.024406 2.193071 1.000000 0.000137 0.020400 0.011815 15.695000
34.234314 2.195553 1.000000 0.000174 0.020412 0.011816 15.800000
34.444252 2.198043 1.000000 0.000208 0.020174 0.011817 15.905000
34.674213 2.200774 1.000000 0.000236 0.020343 0.011818 16.020000
34.884178 2.203267 1.000000 0.000270 0.020099 0.011818 16.125000
35.094070 2.205757 1.000000 0.000282 0.020014 0.011819 16.230000
35.303955 2.208241 1.000000 0.000276 0.020823 0.011819 16.334999
35.513851 2.210723 1.000000 0.000268 0.020042 0.011820 16.440001
35.723736 2.213202 1.000000 0.000257 0.020467 0.011820 16.545000
35.933620 2.215680 1.000000 0.000231 0.020927 0.011820 16.650000
36.143505 2.218181 1.000000 -0.026552 0.019329 0.028060 16.754999
36.353283 2.222423 1.000000 -0.010042 0.020753 0.040367 16.860001
36.563007 2.228048 1.000000 -0.010010 0.020691 0.041696 16.965000
36.772732 2.234874 1.000000 -0.012713 0.020380 0.042761 17.070000
36.982437 2.243141 1.000000 -0.012229 0.020298 0.043610 17.174999
37.192066 2.252797 1.000000 -0.009179 0.020152 0.044305 17.280001
37.401630 2.263513 1.000000 -0.004770 0.020300 0.044870 17.385000
37.611195 2.274822 1.000000 -0.000067 0.020330 0.045323 17.490000
37.820759 2.286231 1.000000 0.003627 0.020495 0.045687 17.594999
38.030323 2.297350 1.000000 0.005594 0.020289 0.045979 17.700001
38.269825 2.309441 1.000000 0.005882 0.020252 0.046241 17.820000
38.479389 2.320101 1.000000 -0.060087 0.019827 0.103568 17.924999
38.727882 2.340843 1.000000 -0.042043 0.021492 0.193401 18.049999
38.935474 2.365422 1.000000 -0.067633 0.022720 0.263719 18.155001
39.142059 2.395711 1.000000 -0.014892 0.024869 0.253636 18.260000
39.348579 2.428644 1.000000 -0.024231 0.025413 0.245472 18.365000
39.554951 2.464767 1.000000 -0.033041 0.023929 0.238962 18.469999
39.760853 2.504834 1.000000 -0.031831 0.021985 0.233685 18.575001
39.995506 2.554739 1.000000 0.042099 0.017259 0.173331 18.695000
40.220749 2.598321 1.000000 0.085660 0.020776 0.055645 18.809999
40.446751 2.631039 1.000000 0.098199 0.027464 -0.043618 18.924999
40.653599 2.650257 1.000000 0.047695 0.032206 -0.071633 19.030001
40.881161 2.664115 1.000000 0.052119 0.032573 -0.063892 19.145000
41.099876 2.670714 1.000000 0.064493 0.028208 -0.058017 19.254999
41.309124 2.669862 1.000000 0.061265 0.023911 -0.053570 19.360001
41.518448 2.662498 1.000000 0.042943 0.022287 -0.050008 19.465000
41.727703 2.650446 1.000000 0.021522 0.021257 -0.047119 19.570000
41.946922 2.635384 1.000000 -0.001484 0.021048 -0.044707 19.680000
42.156277 2.621053 1.000000 -0.016699 0.020817 -0.042874 19.785000
42.375725 2.607865 1.000000 -0.023951 0.020407 -0.041334 19.895000
42.585304 2.597788 1.000000 -0.023514 0.020340 -0.040144 20.000000
42.794964 2.590119 1.000000 -0.017761 0.020632 -0.039194 20.105000
43.034702 2.583471 1.000000 -0.008432 0.020821 -0.038333 20.225000
43.244526 2.579958 1.000000 -0.079521 0.018728 0.045048 20.330000
43.454029 2.582668 1.000000 -0.007817 0.021133 0.056058 20.434999
43.673523 2.587074 1.000000 0.001538 0.021955 0.051846 20.545000
43.883205 2.591340 1.000000 -0.002717 0.021129 0.048603 20.650000
44.092983 2.596070 1.000000 -0.007540 0.020805 0.046027 20.754999
44.302788 2.601683 1.000000 0.017647 0.019775 0.027437 20.860001
44.512482 2.605124 1.000000 0.010853 0.019696 -0.024886 20.965000
44.722069 2.606881 1.000000 -0.009085 0.021183 -0.020015 21.070000
44.931759 2.609411 1.000000 -0.005056 0.021128 -0.016074 21.174999
45.141552 2.612397 1.000000 0.001860 0.020251 -0.012894 21.280001
45.351357 2.615135 1.000000 0.007484 0.020827 -0.010345 21.385000
45.561222 2.617056 1.000000 0.009706 0.020639 -0.008324 21.490000
45.811085 2.617979 1.000000 0.008723 0.020113 -0.006405 21.615000
46.020920 2.617178 1.000000 0.072325 0.019488 -0.063315 21.719999
46.240360 2.610677 1.000000 0.012288 0.021422 -0.075388 21.830000
46.449791 2.602429 1.000000 0.005779 0.021585 -0.072154 21.934999
46.659317 2.593314 1.000000 0.008840 0.021563 -0.069541 22.040001
46.868603 2.580744 1.000000 0.093863 0.021004 -0.165612 22.145000
47.076740 2.559756 1.000000 0.026068 0.023456 -0.181221 22.250000
47.284576 2.534921 1.000000 0.021442 0.023938 -0.178019 22.355000
47.492352 2.507288 1.000000 0.026715 0.022822 -0.175441 22.459999
47.699886 2.476466 1.000000 0.026113 0.021604 -0.173376 22.565001
47.907082 2.442594 1.000000 0.019379 0.020811 -0.171704 22.670000
48.104160 2.408174 1.000000 0.009691 0.020547 -0.170415 22.770000
48.301113 2.372577 1.000000 0.000716 0.019550 -0.169369 22.870001
48.498028 2.336691 1.000000 -0.006957 0.019691 -0.168520 22.969999
48.694996 2.301229 1.000000 -0.011744 0.019703 -0.167829 23.070000
48.892117 2.266635 1.000000 -0.013330 0.019590 -0.167270 23.170000
49.089413 2.233043 1.000000 -0.012349 0.019435 -0.166812 23.270000
49.286842 2.200350 1.000000 -0.009445 0.019531 -0.166442 23.370001
49.484375 2.168283 1.000000 -0.005857 0.019839 -0.166143 23.469999
49.681976 2.136503 1.000000 -0.002778 0.019709 -0.165901 23.570000
49.879566 2.104715 1.000000 -0.000333 0.019828 -0.165706 23.670000
50.077091 2.072691 1.000000 0.000809 0.019635 -0.165546 23.770000
50.274590 2.040325 1.000000 0.000955 0.019905 -0.165416 23.870001
50.472038 2.007607 1.000000 0.000275 0.019718 -0.165312 23.969999
50.669434 1.974609 1.000000 -0.000847 0.019632 -0.165230 24.070000
50.866806 1.941439 1.000000 -0.002090 0.019728 -0.165165 24.170000
51.064178 1.908215 1.000000 -0.003053 0.019691 -0.165113 24.270000
51.261551 1.875026 1.000000 -0.003682 0.019703 -0.165072 24.370001
51.458923 1.841934 1.000000 -0.003980 0.019720 -0.165036 24.469999
51.656296 1.808966 1.000000 -0.003933 0.019560 -0.165005 24.570000
51.853668 1.776113 1.000000 -0.003709 0.019363 -0.164978 24.670000
52.051041 1.743347 1.000000 -0.003233 0.019776 -0.164954 24.770000
52.248463 1.710625 1.000000 -0.002835 0.020199 -0.164934 24.870001
52.445911 1.677950 1.000000 -0.028766 0.018128 -0.146855 24.969999
52.643505 1.646701 1.000000 -0.022670 0.019585 -0.139182 25.070000
52.841377 1.617546 1.000000 -0.031220 0.019856 -0.132924 25.170000
53.049549 1.589948 1.000000 -0.034576 0.019254 -0.127648 25.275000
53.258087 1.565759 1.000000 -0.030160 0.019148 -0.123390 25.379999
53.476856 1.543533 1.000000 -0.019387 0.019057 -0.119830 25.490000
53.685200 1.524253 1.000000 -0.006429 -0.032637 -0.117108 25.594999
53.887817 1.506122 1.000000 0.003637 -0.091894 -0.114934 25.700001
54.087410 1.488280 1.000000 -0.057227 -0.109530 -0.027826 25.809999
54.297379 1.475748 1.000000 -0.059940 -0.054778 0.101172 25.934999
54.503811 1.471657 1.000000 -0.053294 -0.014908 0.161440 26.065001
54.704266 1.476235 1.000000 -0.066305 0.006975 0.232344 26.195000
54.909069 1.491582 1.000000 -0.027976 0.015182 0.241620 26.330000
55.112896 1.513239 1.000000 -0.028853 0.016152 0.225734 26.465000
55.323753 1.541612 1.000000 -0.029332 0.013896 0.213433 26.605000
55.526348 1.574557 1.000000 -0.022054 0.013174 0.204414 26.740000
55.728516 1.611669 1.000000 -0.010914 0.072478 0.197656 26.875000
55.926350 1.650251 1.000000 -0.001400 0.167059 0.192860 27.000000
56.136364 1.691722 1.000000 0.006860 0.109596 0.189297 27.120001
56.340561 1.731440 1.000000 0.012148 0.068879 0.186719 27.230000
56.541225 1.769392 1.000000 0.014046 0.045306 0.184758 27.334999
56.744942 1.806711 1.000000 0.012968 0.032916 0.183181 27.440001
56.950275 1.843261 1.000000 0.010183 0.025836 0.181918 27.545000
57.156460 1.879230 1.000000 0.005959 0.023489 0.180903 27.650000
57.363113 1.914971 1.000000 0.002784 0.021531 0.180080 27.754999
57.569977 1.950789 1.000000 0.000336 0.020207 0.179426 27.860001
57.767044 1.985179 1.000000 -0.000826 0.020307 0.178920 27.959999
57.964108 2.019937 1.000000 -0.000791 0.019443 0.178512 28.059999
58.161098 2.055045 1.000000 -0.000040 0.019597 0.178179 28.160000
58.358089 2.090432 1.000000 0.001138 0.019962 0.177908 28.260000
58.555115 2.125650 1.000000 0.063138 0.016844 0.128821 28.360001
58.762367 2.158917 1.000000 0.021915 0.020496 0.120253 28.465000
58.969997 2.189692 1.000000 0.026220 0.020646 0.117473 28.570000
59.178043 2.217849 1.000000 0.030859 0.020592 0.115244 28.674999
59.416286 2.246288 1.000000 0.028076 0.020053 0.113227 28.795000
59.625080 2.268175 1.000000 0.020474 0.019923 0.111821 28.900000
59.854038 2.287659 1.000000 0.022099 0.020724 0.067840 29.014999
60.063293 2.302176 1.000000 0.068396 0.019334 0.015287 29.120001
60.272617 2.311782 1.000000 0.014233 0.021680 0.001564 29.225000
60.492035 2.319746 1.000000 0.009604 0.022391 0.003641 29.334999
60.701660 2.326239 1.000000 0.013498 0.021278 0.005231 29.440001
60.931374 2.331645 1.000000 0.047808 0.020886 -0.012905 29.555000
61.141144 2.333025 1.000000 0.025872 0.020627 -0.024209 29.660000
61.350876 2.331489 1.000000 0.022474 0.020706 -0.035217 29.764999
61.560600 2.327268 1.000000 0.029738 0.020868 -0.039862 29.870001
61.770245 2.319712 1.000000 0.055591 0.019240 -0.062489 29.975000
61.999474 2.305660 1.000000 0.046372 0.020182 -0.074240 30.090000
62.208355 2.287412 1.000000 0.044158 0.020052 -0.082826 30.195000
62.416813 2.264303 1.000000 0.034540 0.019896 -0.089718 30.299999
62.624889 2.237368 1.000000 0.019559 0.020229 -0.095254 30.405001
62.832783 2.208198 1.000000 0.003884 0.020724 -0.099718 30.510000
63.040665 2.178458 1.000000 -0.008999 0.020119 -0.103266 30.615000
63.268467 2.146819 1.000000 -0.017237 0.020789 -0.106358 30.730000
63.466705 2.120214 1.000000 0.046502 0.019099 -0.167250 30.830000
63.674171 2.088735 1.000000 -0.008526 0.018929 -0.194890 30.934999
63.881569 2.057159 1.000000 -0.020933 0.019358 -0.188971 31.040001
64.099174 2.025819 1.000000 -0.010268 0.019364 -0.184018 31.150000
64.306976 1.996532 1.000000 0.012810 0.020197 -0.185972 31.254999
64.514030 1.963738 1.000000 0.042569 0.021530 -0.244055 31.360001
64.719994 1.925704 1.000000 0.026943 0.022914 -0.240065 31.465000
64.925491 1.884265 1.000000 0.026606 0.021943 -0.236858 31.570000
65.130180 1.839577 1.000000 0.049200 -0.017069 -0.258203 31.674999
65.330437 1.790876 1.000000 0.084737 0.016918 -0.314875 31.780001
65.527328 1.733764 1.000000 0.087053 0.037630 -0.403500 31.885000
65.722221 1.666633 1.000000 0.064400 0.035304 -0.479293 31.990000
65.915108 1.591148 1.000000 0.026038 0.031366 -0.514394 32.095001
66.106224 1.509395 1.000000 0.131662 0.030272 -0.621510 32.200001
66.292648 1.417935 1.013574 0.036363 0.032024 -0.610148 32.305000
66.476723 1.321386 1.028801 0.065343 -0.078780 -0.628871 32.410000
66.678261 1.207577 1.025797 0.050554 -0.270922 -0.641297 32.535000
66.852715 1.104620 1.023153 0.039686 -0.283065 -0.651486 32.669998
67.024460 1.000337 1.020165 0.032101 -0.226655 -0.662054 32.865002
67.189301 0.886825 1.017030 -0.006077 -0.017177 -0.300033 33.564999
