3.705528 1.500000 1.000000 0.000000 0.319697 0.000000 0.000000
3.910252 1.500000 1.000000 0.000000 0.255888 0.000000 0.150000
4.114236 1.500000 1.000000 0.000000 0.151668 0.000000 0.270000
4.347063 1.500000 1.000000 0.000000 0.080918 0.000000 0.395000
4.550439 1.500000 1.000000 0.000000 0.050202 0.000000 0.500000
4.757186 1.500000 1.000000 0.000000 0.035856 0.000000 0.605000
4.965613 1.500000 1.000000 0.000000 0.026987 0.000000 0.710000
5.184780 1.500000 1.000000 0.000000 0.023256 0.000000 0.820000
5.394332 1.500000 1.000000 0.000000 0.022002 0.000000 0.925000
5.604044 1.500000 1.000000 0.000000 0.020810 0.000000 1.030000
5.833801 1.500000 1.000000 0.000000 0.020164 0.000000 1.145000
6.073532 1.500000 1.000000 0.000000 0.021171 0.000000 1.265000
6.323293 1.500000 1.000000 0.000000 0.020668 0.000000 1.390000
6.533127 1.500000 1.000000 0.000000 0.020574 0.000000 1.495000
6.742998 1.500000 1.000000 0.000000 0.021022 0.000000 1.600000
6.952920 1.500000 1.000000 0.000000 0.019912 0.000000 1.705000
7.162810 1.500000 1.000000 0.000000 0.020108 0.000000 1.810000
7.372675 1.500000 1.000000 0.000000 0.020292 0.000000 1.915000
7.582550 1.500000 1.000000 0.000000 0.020510 0.000000 2.020000
7.792431 1.500000 1.000000 0.000000 0.020593 0.000000 2.125000
8.002341 1.500000 1.000000 0.000000 0.020495 0.000000 2.230000
8.212251 1.500000 1.000000 0.000000 0.019682 0.000000 2.335000
8.432084 1.500000 1.000000 0.000000 0.020631 0.000000 2.445000
8.681894 1.500000 1.000000 0.000000 0.020236 0.000000 2.570000
8.941719 1.500000 1.000000 0.000000 0.020347 0.000000 2.700000
9.151592 1.500000 1.000000 0.000000 0.020944 0.000000 2.805000
9.361500 1.500000 1.000000 0.000000 0.020657 0.000000 2.910000
9.571439 1.500000 1.000000 0.000000 0.020145 0.000000 3.015000
9.781370 1.500000 1.000000 0.000000 0.020256 0.000000 3.120000
9.991294 1.500000 1.000000 0.000000 0.019841 0.000000 3.225000
10.241143 1.500000 1.000000 0.000000 0.020668 0.000000 3.350000
10.471021 1.500000 1.000000 0.000000 0.020137 0.000000 3.465000
10.710900 1.500000 1.000000 0.000000 0.020516 0.000000 3.585000
10.920805 1.500000 1.000000 0.000000 0.020057 0.000000 3.690000
11.140678 1.500000 1.000000 0.000000 0.020318 0.000000 3.800000
11.350558 1.500000 1.000000 0.000000 0.020423 0.000000 3.905000
11.560455 1.500000 1.000000 0.000000 0.020782 0.000000 4.010000
11.770346 1.500121 1.000000 -0.046380 0.018504 0.032471 4.115000
11.979841 1.504736 1.000000 -0.027676 0.020003 0.088667 4.220000
12.189021 1.513084 1.000000 -0.007523 0.022207 0.085146 4.325000
12.398318 1.522608 1.000000 -0.012153 0.022313 0.082283 4.430000
12.627659 1.534804 1.000000 -0.016334 0.021587 0.079814 4.545000
12.846969 1.548862 1.000000 -0.075682 0.017721 0.126686 4.655000
13.074854 1.570222 1.000000 -0.037893 -0.019126 0.142036 4.770000
13.307311 1.597732 1.000000 -0.025541 0.023848 0.139314 4.890000
13.519806 1.624055 1.000000 0.054513 0.038227 0.035032 5.000000
13.724756 1.645757 1.000000 -0.015950 0.033102 0.033709 5.105000
13.931127 1.668617 1.000000 -0.009364 0.029250 0.041047 5.210000
14.138480 1.692294 1.000000 0.012967 0.027004 0.046847 5.315000
14.366462 1.716671 1.000000 0.026507 0.024141 0.051960 5.430000
14.605067 1.738625 1.000000 0.030231 0.021810 0.056093 5.550000
14.824224 1.755268 1.000000 0.023657 0.021638 0.059056 5.660000
15.063621 1.770455 1.000000 0.013919 0.020400 0.061632 5.780000
15.283194 1.782833 1.000000 0.003041 0.020546 0.063485 5.890000
15.492833 1.794445 1.000000 -0.004469 0.020609 0.064899 5.995000
15.722412 1.807893 1.000000 -0.008792 0.020529 0.066137 6.110000
15.931977 1.821283 1.000000 -0.009485 0.019741 0.067026 6.215000
16.141445 1.835790 1.000000 -0.007238 0.020536 0.067744 6.320000
16.350851 1.851183 1.000000 -0.003705 0.019959 0.068317 6.425000
16.590132 1.869208 1.000000 0.050011 0.019050 0.032473 6.545000
16.809471 1.881873 1.000000 0.011438 0.021013 0.011323 6.655000
17.028893 1.892696 1.000000 0.002699 0.021255 0.016269 6.765000
17.278400 1.904495 1.000000 0.006363 0.020540 0.020661 6.890000
17.498037 1.914132 1.000000 0.008686 0.020674 0.023691 7.000000
17.707754 1.922443 1.000000 0.008380 0.021165 0.025981 7.105000
17.917551 1.929918 1.000000 0.006805 0.020062 0.027832 7.210000
18.127356 1.936749 1.000000 0.003731 0.020452 0.029311 7.315000
18.357164 1.943876 1.000000 0.000581 0.020600 0.030594 7.430000
18.596987 1.951330 1.000000 -0.001642 0.020023 0.031634 7.550000
18.816784 1.958430 1.000000 -0.002444 0.020605 0.032392 7.660000
19.026608 1.965540 1.000000 -0.002329 0.020369 0.032968 7.765000
19.236452 1.972961 1.000000 -0.001453 0.020596 0.033431 7.870000
19.446289 1.980605 1.000000 -0.000421 0.020057 0.033802 7.975000
19.686071 1.989469 1.000000 0.000790 0.020671 0.034137 8.095000
19.895916 1.997216 1.000000 0.001514 0.020080 0.034369 8.200000
20.105742 2.004874 1.000000 0.001806 0.020445 0.034557 8.305000
20.315580 2.012412 1.000000 0.001748 0.021012 0.034707 8.410000
20.515471 2.019486 1.000000 0.001560 0.020185 0.034823 8.510000
20.715361 2.026479 1.000000 0.001155 0.020696 0.034917 8.610000
20.915251 2.033429 1.000000 0.000806 0.019951 0.034992 8.710000
21.125118 2.040715 1.000000 0.000469 0.020535 0.035056 8.815000
21.334963 2.048025 1.000000 0.000310 0.020287 0.035108 8.920000
21.544807 2.055375 1.000000 0.000257 0.020746 0.035149 9.025000
21.754658 2.062771 1.000000 0.000338 0.020437 0.035182 9.130000
21.954548 2.069850 1.000000 0.000460 0.020527 0.035208 9.230000
22.184433 2.078019 1.000000 0.000639 0.020243 0.035231 9.345000
22.394320 2.085484 1.000000 0.000768 0.019991 0.035248 9.450000
22.624168 2.093649 1.000000 0.000836 0.020361 0.035263 9.565000
22.834034 2.101088 1.000000 0.000863 0.020113 0.035274 9.670000
23.043879 2.108510 1.000000 0.000825 0.020387 0.035282 9.775000
23.283724 2.116976 1.000000 0.000790 0.019808 0.035290 9.895000
23.493568 2.124372 1.000000 0.000710 0.020445 0.035295 10.000000
23.703413 2.131768 1.000000 0.000652 0.020729 0.035300 10.105000
23.913280 2.139168 1.000000 0.000644 0.020207 0.035303 10.210000
24.123125 2.146573 1.000000 0.000653 0.019774 0.035306 10.315000
24.332911 2.153554 1.000000 0.046567 0.018617 -0.007885 10.420000
24.542580 2.157535 1.000000 0.007401 0.020197 -0.006330 10.525000
24.752228 2.160481 1.000000 0.005748 0.021360 -0.005087 10.630000
24.981939 2.162928 1.000000 0.008512 0.021076 -0.004012 10.745000
25.191765 2.164214 1.000000 0.008984 0.020365 -0.003225 10.850000
25.421595 2.164528 1.000000 0.007161 0.020664 -0.002537 10.965000
25.671438 2.163873 1.000000 0.003424 0.020834 -0.001958 11.090000
25.891312 2.162682 1.000000 0.051762 0.019102 -0.039329 11.200000
26.100758 2.156255 1.000000 0.061481 0.020608 -0.128609 11.305000
26.309612 2.144151 1.000000 -0.006350 0.021935 -0.117292 11.410000
26.518663 2.132074 1.000000 -0.008804 0.022408 -0.108103 11.515000
26.727987 2.120604 1.000000 -0.001898 0.021429 -0.100697 11.620000
26.937439 2.109062 1.000000 0.005294 0.021245 -0.094746 11.725000
27.146936 2.096734 1.000000 0.009186 0.020870 -0.090005 11.830000
27.356415 2.083244 1.000000 0.009245 0.020816 -0.086222 11.935000
27.575809 2.067873 1.000000 0.006607 0.020657 -0.083023 12.045000
27.795185 2.051556 1.000000 0.002569 0.020191 -0.080511 12.155000
28.014526 2.034767 1.000000 -0.001293 0.020412 -0.078493 12.265000
28.263771 2.015678 1.000000 -0.004325 0.020367 -0.076700 12.390000
28.483139 1.999229 1.000000 -0.005540 0.020141 -0.075465 12.500000
28.692556 1.983971 1.000000 -0.005439 0.019816 -0.074527 12.605000
28.901979 1.969132 1.000000 -0.004341 0.020687 -0.073770 12.710000
29.111439 1.954596 1.000000 -0.002900 0.020346 -0.073169 12.815000
29.320923 1.940206 1.000000 -0.001514 0.019910 -0.072687 12.920000
29.530407 1.925824 1.000000 -0.000436 0.020370 -0.072296 13.025000
29.739872 1.911342 1.000000 0.000092 0.019924 -0.071984 13.130000
29.949316 1.896706 1.000000 0.000177 0.020596 -0.071734 13.235000
30.168734 1.881200 1.000000 -0.000193 0.019994 -0.071525 13.345000
30.378178 1.866274 1.000000 -0.000717 0.019888 -0.071364 13.450000
30.597561 1.850567 1.000000 -0.001256 0.020376 -0.071230 13.560000
30.806965 1.835563 1.000000 -0.001648 0.020150 -0.071128 13.665000
31.016386 1.820593 1.000000 -0.001858 0.020487 -0.071046 13.770000
31.255751 1.803552 1.000000 -0.001880 0.020528 -0.070972 13.890000
31.475174 1.787997 1.000000 -0.001773 0.020276 -0.070918 14.000000
31.684622 1.773196 1.000000 -0.001550 0.020625 -0.070877 14.105000
31.894091 1.758419 1.000000 -0.001419 0.020006 -0.070845 14.210000
32.103569 1.743648 1.000000 -0.001205 0.020489 -0.070819 14.315000
32.303078 1.729569 1.000000 -0.001142 0.020273 -0.070800 14.415000
32.502586 1.715468 1.000000 -0.001114 0.020145 -0.070785 14.515000
32.702095 1.701348 1.000000 -0.001131 0.020210 -0.070772 14.615000
32.911537 1.686504 1.000000 -0.001188 0.020045 -0.070760 14.720000
33.120941 1.671648 1.000000 -0.001287 0.020351 -0.070750 14.825000
33.360313 1.654661 1.000000 -0.001388 0.020181 -0.070740 14.945000
33.579773 1.639094 1.000000 -0.001433 0.019998 -0.070732 15.055000
33.789207 1.624246 1.000000 -0.001433 0.020105 -0.070725 15.160000
33.998653 1.609408 1.000000 -0.001429 0.020084 -0.070718 15.265000
34.198162 1.595282 1.000000 -0.001389 0.020536 -0.070712 15.365000
34.397671 1.581160 1.000000 -0.001368 0.020403 -0.070708 15.465000
34.597179 1.567043 1.000000 -0.001354 0.019929 -0.070704 15.565000
34.806664 1.552223 1.000000 -0.001301 0.020475 -0.070699 15.670000
35.016129 1.537401 1.000000 -0.001336 0.019637 -0.070694 15.775000
35.255447 1.520463 1.000000 -0.001282 0.020410 -0.070689 15.895000
35.484795 1.504227 1.000000 -0.001327 0.019870 -0.070683 16.010000
35.694199 1.489403 1.000000 -0.001305 0.020472 -0.070678 16.115000
35.903603 1.474577 1.000000 -0.001346 0.020350 -0.070674 16.219999
36.113007 1.459749 1.000000 -0.001334 0.020829 -0.070669 16.325001
36.312515 1.445627 1.000000 -0.001361 0.020394 -0.070666 16.424999
36.512024 1.431505 1.000000 -0.001352 0.020037 -0.070662 16.525000
36.711533 1.417384 1.000000 -0.001355 0.020435 -0.070660 16.625000
36.911041 1.403266 1.000000 -0.001364 0.020028 -0.070658 16.725000
37.110550 1.389152 1.000000 -0.001347 0.020252 -0.070657 16.825001
37.310059 1.375040 1.000000 -0.001344 0.019966 -0.070655 16.924999
37.519501 1.360222 1.000000 -0.001311 0.020217 -0.070655 17.030001
37.728928 1.345402 1.000000 -0.001276 0.020621 -0.070655 17.135000
37.958351 1.329166 1.000000 -0.001326 0.020050 -0.070655 17.250000
38.187729 1.312930 1.000000 -0.001315 0.020443 -0.070655 17.365000
38.397175 1.298104 1.000000 -0.001386 0.019692 -0.070655 17.469999
38.606579 1.283283 1.000000 -0.001321 0.020627 -0.070655 17.575001
38.835926 1.267049 1.000000 -0.001310 0.020581 -0.070655 17.690001
39.045372 1.252224 1.000000 -0.001339 0.020527 -0.070655 17.795000
39.244881 1.238104 1.000000 -0.001355 0.020097 -0.070656 17.895000
39.444389 1.223986 1.000000 -0.001334 0.020140 -0.070657 17.995001
39.653873 1.209183 1.000000 -0.027231 0.019748 -0.055814 18.100000
39.863358 1.197728 1.000000 -0.026081 0.019348 0.001944 18.205000
40.072784 1.189452 1.000000 0.000574 0.021202 -0.003061 18.309999
40.282314 1.181318 1.000000 -0.002368 0.021798 -0.007094 18.415001
40.491997 1.173466 1.000000 -0.007145 0.020557 -0.010349 18.520000
40.701721 1.166379 1.000000 -0.010055 0.020695 -0.012945 18.625000
40.911484 1.160333 1.000000 -0.009933 0.020843 -0.015043 18.730000
41.121338 1.155292 1.000000 -0.007482 0.020793 -0.016713 18.834999
41.361206 1.150428 1.000000 -0.003827 0.019930 -0.018224 18.955000
41.571091 1.146578 1.000000 -0.000518 0.020365 -0.019281 19.059999
41.790970 1.142548 1.000000 0.002195 0.020824 -0.020161 19.170000
42.020905 1.138011 1.000000 0.003371 0.020099 -0.020887 19.285000
42.240799 1.133225 1.000000 0.003178 0.020056 -0.021434 19.395000
42.450684 1.128269 1.000000 0.002155 0.020594 -0.021851 19.500000
42.660568 1.123044 1.000000 0.000801 0.020405 -0.022184 19.605000
42.870453 1.117690 1.000000 -0.000371 0.020932 -0.022454 19.709999
43.070393 1.112588 1.000000 -0.001308 0.020170 -0.022659 19.809999
43.280327 1.107323 1.000000 -0.001760 0.020602 -0.022835 19.915001
43.480270 1.102439 1.000000 -0.001825 0.020573 -0.022970 20.014999
43.680237 1.097685 1.000000 -0.001600 0.020174 -0.023080 20.115000
43.890202 1.092807 1.000000 -0.001148 0.020459 -0.023173 20.219999
44.090168 1.088227 1.000000 -0.000686 0.020105 -0.023244 20.320000
44.290134 1.083666 1.000000 -0.000298 0.020444 -0.023302 20.420000
44.490101 1.079087 1.000000 -0.000042 0.020359 -0.023349 20.520000
44.690067 1.074465 1.000000 0.000043 0.019869 -0.023387 20.620001
44.899960 1.069561 1.000000 -0.000002 0.020346 -0.023419 20.725000
45.109875 1.064608 1.000000 -0.000148 0.020291 -0.023445 20.830000
45.329788 1.059383 1.000000 -0.000347 0.020325 -0.023466 20.940001
45.559750 1.053905 1.000000 -0.000523 0.020193 -0.023484 21.055000
45.759697 1.049148 1.000000 -0.000604 0.020419 -0.023497 21.155001
45.959652 1.044404 1.000000 -0.000642 0.020494 -0.023508 21.254999
46.169579 1.039441 1.000000 -0.000639 0.020070 -0.023517 21.360001
46.379448 1.034498 1.000000 -0.000602 0.019603 -0.023524 21.465000
46.589252 1.029570 1.000000 -0.000513 0.020627 -0.023529 21.570000
46.819080 1.024176 1.000000 -0.000465 0.020332 -0.023534 21.684999
47.028927 1.019252 1.000000 -0.000434 0.019931 -0.023537 21.790001
47.238731 1.014324 1.000000 -0.000394 0.020534 -0.023540 21.895000
47.448593 1.009387 1.000000 -0.000393 0.020965 -0.023542 22.000000
47.658478 1.004442 1.000000 -0.000419 0.020523 -0.023543 22.105000
47.868362 0.999492 1.000000 -0.000449 0.020913 -0.023544 22.209999
48.068329 0.994775 1.000000 -0.000465 0.020482 -0.023545 22.309999
48.268295 0.990058 1.000000 -0.000480 0.020576 -0.023546 22.410000
48.468262 0.985342 1.000000 -0.000501 0.020352 -0.023547 22.510000
48.668228 0.980630 1.000000 -0.000490 0.020905 -0.023548 22.610001
48.868195 0.975919 1.000000 -0.000489 0.020072 -0.023549 22.709999
49.068161 0.971211 1.000000 -0.000485 0.020385 -0.023550 22.809999
49.268127 0.966505 1.000000 -0.000480 0.020095 -0.023550 22.910000
49.478065 0.961563 1.000000 -0.000461 0.020487 -0.023551 23.014999
49.678032 0.956856 1.000000 -0.000464 0.020099 -0.023552 23.115000
49.887936 0.951913 1.000000 -0.000454 0.020404 -0.023552 23.219999
50.097832 0.946969 1.000000 -0.000465 0.019802 -0.023553 23.325001
50.337666 0.941319 1.000000 -0.000456 0.020337 -0.023554 23.445000
50.557514 0.936139 1.000000 -0.000453 0.020815 -0.023554 23.555000
50.787388 0.930720 1.000000 -0.000474 0.020388 -0.023554 23.670000
51.027287 0.925065 1.000000 -0.000473 0.020569 -0.023555 23.790001
51.247211 0.919882 1.000000 -0.000475 0.020725 -0.023555 23.900000
51.447166 0.915171 1.000000 -0.000488 0.019971 -0.023556 24.000000
51.657051 0.910227 1.000000 -0.000473 0.019986 -0.023557 24.105000
51.866936 0.905284 1.000000 -0.000457 0.020924 -0.023557 24.209999
52.076859 0.900339 1.000000 -0.000470 0.020212 -0.023558 24.315001
52.276810 0.895628 1.000000 -0.000462 0.020411 -0.023559 24.415001
52.486710 0.890682 1.000000 -0.000459 0.020538 -0.023560 24.520000
52.736572 0.884793 1.000000 -0.000461 0.020422 -0.023561 24.645000
52.966503 0.879373 1.000000 -0.000459 0.020682 -0.023562 24.760000
53.166470 0.874658 1.000000 -0.000478 0.020110 -0.023563 24.860001
53.366436 0.869945 1.000000 -0.000470 0.020616 -0.023563 24.959999
53.576351 0.864997 1.000000 -0.000470 0.020385 -0.023564 25.065001
53.786236 0.860050 1.000000 -0.000474 0.020351 -0.023565 25.170000
53.996120 0.855103 1.000000 -0.000458 0.020683 -0.023566 25.275000
54.235989 0.849448 1.000000 -0.000466 0.020485 -0.023568 25.395000
54.445927 0.844499 1.000000 -0.000466 0.020253 -0.023570 25.500000
54.655838 0.839550 1.000000 -0.000456 0.020800 -0.023571 25.605000
54.855804 0.834835 1.000000 -0.000453 0.020531 -0.023572 25.705000
55.055771 0.830119 1.000000 -0.000479 0.019689 -0.023572 25.805000
55.265663 0.825169 1.000000 -0.000477 0.020288 -0.023573 25.910000
55.475548 0.820221 1.000000 -0.000479 0.020119 -0.023573 26.014999
55.685432 0.815273 1.000000 -0.000471 0.020351 -0.023574 26.120001
55.925301 0.809617 1.000000 -0.000466 0.020514 -0.023574 26.240000
56.155174 0.804197 1.000000 -0.000478 0.019766 -0.023574 26.355000
56.384987 0.798779 1.000000 -0.000457 0.020913 -0.023575 26.469999
56.594872 0.793831 1.000000 -0.000477 0.020075 -0.023575 26.575001
56.824745 0.788411 1.000000 -0.000454 0.020920 -0.023577 26.690001
57.034630 0.783461 1.000000 -0.000446 0.020726 -0.023578 26.795000
57.244518 0.778509 1.000000 -0.000462 0.020713 -0.023579 26.900000
57.444481 0.773791 1.000000 -0.000457 0.020594 -0.023580 27.000000
57.644447 0.769073 1.000000 -0.000469 0.020224 -0.023580 27.100000
57.844414 0.764354 1.000000 -0.000477 0.020682 -0.023580 27.200001
58.044380 0.759637 1.000000 -0.000472 0.020412 -0.023581 27.299999
58.244347 0.754919 1.000000 -0.000475 0.020704 -0.023581 27.400000
58.444313 0.750203 1.000000 -0.000468 0.020376 -0.023582 27.500000
58.644279 0.745487 1.000000 -0.000471 0.020672 -0.023582 27.600000
58.844246 0.740771 1.000000 -0.000481 0.020017 -0.023583 27.700001
59.044212 0.736057 1.000000 -0.000462 0.020179 -0.023584 27.799999
59.254101 0.731107 1.000000 -0.000454 0.020840 -0.023584 27.905001
59.464035 0.726156 1.000000 -0.000447 0.020540 -0.023585 28.010000
59.664001 0.721437 1.000000 -0.000453 0.020805 -0.023585 28.110001
59.863968 0.716717 1.000000 -0.000481 0.020067 -0.023586 28.209999
60.063934 0.711999 1.000000 -0.000484 0.020064 -0.023586 28.309999
60.263901 0.707281 1.000000 -0.000486 0.019849 -0.023587 28.410000
60.473785 0.702329 1.000000 -0.000467 0.020633 -0.023588 28.514999
60.683670 0.697378 1.000000 -0.000469 0.020476 -0.023589 28.620001
60.893555 0.692427 1.000000 -0.000447 0.020655 -0.023591 28.725000
61.093513 0.687709 1.000000 -0.000461 0.020477 -0.023592 28.825001
61.293480 0.682989 1.000000 -0.000462 0.020294 -0.023592 28.924999
61.493446 0.678268 1.000000 -0.000470 0.020473 -0.023593 29.025000
61.693413 0.673548 1.000000 -0.000479 0.020465 -0.023594 29.125000
61.933372 0.667886 1.000000 -0.000472 0.020242 -0.023595 29.245001
62.153336 0.662695 1.000000 -0.000460 0.020584 -0.023596 29.355000
62.373299 0.657503 1.000000 -0.000460 0.020430 -0.023596 29.465000
62.573265 0.652782 1.000000 -0.000486 0.020066 -0.023597 29.565001
62.773232 0.648063 1.000000 -0.000459 0.020695 -0.023598 29.665001
62.973198 0.643342 1.000000 -0.000460 0.020577 -0.023598 29.764999
63.213158 0.637677 1.000000 -0.000487 0.019749 -0.023599 29.885000
63.433048 0.632488 1.000000 -0.000482 0.019905 -0.023599 29.995001
63.642933 0.627536 1.000000 -0.000456 0.020432 -0.023600 30.100000
63.852818 0.622583 1.000000 -0.000447 0.020767 -0.023600 30.205000
64.062698 0.617628 1.000000 -0.000452 0.020629 -0.023600 30.309999
64.272583 0.612670 1.000000 -0.000473 0.020449 -0.023600 30.415001
64.482468 0.607713 1.000000 -0.000468 0.020743 -0.023600 30.520000
64.692352 0.602755 1.000000 -0.000481 0.020370 -0.023601 30.625000
64.902252 0.597798 1.000000 -0.000475 0.020622 -0.023601 30.730000
65.132263 0.592370 1.000000 -0.000490 0.020051 -0.023602 30.844999
65.352142 0.587180 1.000000 -0.000469 0.020531 -0.023603 30.955000
65.572144 0.581990 1.000000 -0.000464 0.020543 -0.023604 31.065001
65.772125 0.577271 1.000000 -0.000475 0.020067 -0.023604 31.165001
65.982010 0.572315 1.000000 -0.000457 0.020699 -0.023605 31.270000
66.182030 0.567594 1.000000 -0.000461 0.020547 -0.023606 31.370001
66.382004 0.562873 1.000000 -0.000477 0.020071 -0.023606 31.469999
66.591888 0.557915 1.000000 -0.000464 0.020618 -0.023607 31.575001
66.811768 0.552796 1.000000 -0.039590 0.019331 0.001133 31.684999
67.031464 0.552395 1.000000 -0.046447 0.020405 0.081633 31.795000
67.240868 0.557064 1.000000 -0.000145 0.021880 0.074999 31.900000
67.450386 0.562228 1.000000 -0.001851 0.022237 0.069468 32.005001
67.660080 0.567829 1.000000 -0.008798 0.021538 0.065006 32.110001
67.869804 0.574548 1.000000 -0.013257 0.020327 0.061446 32.215000
68.079460 0.582802 1.000000 -0.013211 0.020534 0.058619 32.320000
68.289024 0.592554 1.000000 -0.009518 0.020549 0.056354 32.424999
68.498589 0.603415 1.000000 -0.004661 0.020653 0.054506 32.529999
68.718132 0.615401 1.000000 0.000887 0.020317 0.052990 32.639999
68.947655 0.627945 1.000000 0.004618 0.019908 0.051721 32.755001
69.157219 0.639009 1.000000 0.006258 0.020444 0.050796 32.860001
69.366829 0.649515 1.000000 0.006210 0.020702 0.050057 32.965000
69.616501 0.661310 1.000000 0.004855 0.019916 0.049364 33.090000
69.836189 0.671201 1.000000 0.002820 0.019555 0.048886 33.200001
70.045753 0.680440 1.000000 0.000938 0.019937 0.048522 33.305000
70.255318 0.689691 1.000000 -0.000517 0.019931 0.048230 33.410000
70.464882 0.699098 1.000000 -0.001224 0.020198 0.047995 33.514999
70.674446 0.708735 1.000000 -0.001221 0.021199 0.047805 33.619999
70.884056 0.718599 1.000000 -0.000638 0.020609 0.047655 33.726002
71.093781 0.728628 1.000000 0.000102 0.020496 0.047532 33.830002
71.333466 0.740188 1.000000 0.000984 0.020238 0.047421 33.950001
71.563164 0.751260 1.000000 0.001562 0.020243 0.047337 34.064999
71.802849 0.762728 1.000000 0.001789 0.019957 0.047266 34.185001
72.022530 0.773133 1.000000 0.001692 0.020014 0.047215 34.294998
72.252052 0.783913 1.000000 0.001383 0.020726 0.047172 34.410000
72.461739 0.793703 1.000000 0.001086 0.020824 0.047141 34.514999
72.671463 0.803476 1.000000 0.000863 0.020156 0.047114 34.619999
72.881187 0.813255 1.000000 0.000661 0.020582 0.047093 34.724998
73.130859 0.824935 1.000000 0.000600 0.020401 0.047072 34.849998
73.360558 0.835723 1.000000 0.000650 0.020549 0.047057 34.965000
73.610229 0.847486 1.000000 0.000814 0.019806 0.047046 35.090000
73.819954 0.857378 1.000000 0.000889 0.019901 0.047039 35.195000
74.029556 0.867269 1.000000 0.000953 0.020165 0.047033 35.299999
74.239136 0.877155 1.000000 0.000953 0.021012 0.047028 35.404999
74.448860 0.887035 1.000000 0.000990 0.020415 0.047023 35.509998
74.658585 0.896905 1.000000 0.000966 0.020681 0.047018 35.615002
74.868309 0.906768 1.000000 0.000945 0.020776 0.047014 35.720001
75.078033 0.916628 1.000000 0.000941 0.020283 0.047010 35.825001
75.287758 0.926485 1.000000 0.000948 0.020120 0.047005 35.930000
75.497482 0.936337 1.000000 0.000935 0.019901 0.047001 36.035000
75.717094 0.946653 1.000000 0.000890 0.020269 0.047000 36.145000
75.936638 0.956969 1.000000 0.000893 0.019936 0.046999 36.255001
76.166161 0.967757 1.000000 0.000839 0.020566 0.046999 36.369999
76.415642 0.979492 1.000000 0.000839 0.021001 0.046998 36.494999
76.625336 0.989358 1.000000 0.000887 0.020835 0.046998 36.599998
76.834862 1.001047 1.000000 -0.078022 0.019228 0.137408 36.705002
77.043175 1.020812 1.000000 -0.087213 0.022464 0.231481 36.810001
77.249557 1.050364 1.000000 -0.094360 0.027864 0.320939 36.915001
77.453499 1.090432 1.000000 -0.082972 0.031788 0.392556 37.020000
77.655663 1.138917 1.000000 -0.031811 0.031759 0.373203 37.125000
77.857559 1.192101 1.000000 -0.041639 0.028364 0.357749 37.230000
78.077782 1.256333 1.000000 -0.049347 0.024818 0.351829 37.345001
78.315369 1.333804 1.000000 -0.039816 0.021079 0.345815 37.470001
78.504105 1.400523 1.000000 -0.025088 0.019481 0.341358 37.570000
78.692093 1.469828 1.000000 -0.007022 0.019317 0.338287 37.669998
78.879829 1.540081 1.000000 0.007507 0.017364 0.335774 37.770000
79.105362 1.623723 1.000000 0.020641 0.018092 0.334474 37.889999
79.312767 1.698498 1.000000 0.033593 0.018109 0.328083 38.000000
79.502647 1.762091 1.000000 0.056821 0.017809 0.258249 38.099998
79.703438 1.823458 1.000000 0.022330 0.020351 0.260669 38.205002
79.895355 1.879926 1.000000 0.018629 0.020422 0.262624 38.305000
80.087837 1.934991 1.000000 0.017586 0.019191 0.264208 38.404999
80.280731 1.988801 1.000000 0.013728 0.019572 0.265481 38.505001
80.473938 2.041684 1.000000 0.009400 0.019158 0.266519 38.605000
80.667313 2.094057 1.000000 0.005559 0.018560 0.267359 38.705002
80.860718 2.146284 1.000000 0.001821 0.018131 0.268043 38.805000
81.054047 2.198690 1.000000 -0.000803 0.019398 0.268596 38.904999
81.256912 2.254176 1.000000 -0.001382 0.019000 0.269066 39.009998
81.450043 2.307508 1.000000 -0.001013 0.019301 0.269431 39.110001
81.642296 2.363485 1.000000 -0.080165 0.017679 0.367704 39.209999
81.841217 2.429968 1.000000 -0.041644 0.019561 0.422468 39.314999
82.037537 2.502797 1.000000 -0.027881 0.022555 0.467283 39.419998
82.241524 2.583802 1.000000 -0.080110 0.024386 0.504727 39.529999
82.450584 2.677903 1.000000 -0.112905 0.027803 0.601099 39.645000
82.643723 2.780454 1.000000 -0.111070 0.030468 0.684868 39.755001
82.829430 2.895047 1.000000 -0.118588 0.034044 0.768594 39.865002
82.998764 3.015801 1.000000 -0.125035 0.037305 0.847354 39.970001
83.159157 3.147822 1.000000 -0.132847 0.040059 0.924759 40.075001
83.330124 3.312293 1.000000 -0.133268 0.041328 1.007974 40.195000
83.469475 3.466502 1.000000 -0.071886 0.035893 1.013403 40.299999
83.601654 3.627842 1.000000 -0.081791 0.033237 1.055291 40.404999
83.726952 3.795387 1.000000 -0.050753 0.027792 1.041075 40.509998
83.842461 3.958662 1.000000 -0.047799 0.023202 1.031314 40.610001
83.954567 4.124876 1.000000 -0.039787 0.019676 1.023474 40.709999
84.063828 4.293310 1.000000 -0.028402 0.017644 1.017051 40.810001
84.171219 4.463149 1.000000 -0.012910 0.016904 1.011904 40.910000
84.277863 4.633558 1.000000 -0.000918 0.015639 1.007708 41.009998
84.384735 4.803853 1.000000 0.007811 0.015676 1.004271 41.110001
84.492523 4.973579 1.000000 0.012321 0.015677 1.001520 41.209999
84.601547 5.142529 1.000000 0.012148 0.016162 0.999258 41.310001
84.711517 5.310921 1.000000 -0.039192 0.015182 1.036202 41.410000
84.820000 5.479757 1.000000 -0.041980 -0.016015 1.065632 41.509998
84.929924 5.654566 1.000000 -0.006564 -0.079628 1.060654 41.615002
85.038857 5.829845 1.000000 -0.077055 0.018363 1.118573 41.724998
85.139854 6.008162 1.000000 -0.099973 0.071989 1.212493 41.834999
85.236046 6.205268 1.000000 -0.103457 0.061612 1.306677 41.950001
85.317390 6.402480 1.000000 -0.113289 0.051960 1.393554 42.060001
85.388992 6.615550 1.000000 -0.127718 0.048251 1.482718 42.174999
85.444267 6.834004 1.000000 -0.140773 0.048645 1.570048 42.290001
85.479912 7.046627 1.000000 -0.108858 0.048126 1.627520 42.400002
85.501572 7.252107 1.000000 -0.064493 0.041784 1.613238 42.505001
85.515785 7.459576 1.000000 -0.062483 0.033209 1.601761 42.610001
85.523216 7.668229 1.000000 -0.054151 0.027210 1.592439 42.715000
85.524971 7.877495 1.000000 -0.036291 0.023235 1.585031 42.820000
85.522995 8.087044 1.000000 -0.013081 0.021892 1.579126 42.924999
85.519615 8.296728 1.000000 0.004961 0.021265 1.574333 43.029999
85.516800 8.506508 1.000000 0.017439 0.020446 1.570492 43.134998
85.515327 8.726279 1.000000 -0.046605 0.019004 1.626045 43.244999
85.510605 8.955041 1.000000 -0.003275 -0.031415 1.645512 43.360001
85.505630 9.158153 1.000000 -0.009108 -0.087684 1.643898 43.465000
85.499954 9.358414 1.000000 -0.019805 -0.127517 1.642550 43.575001
85.491943 9.565104 1.000000 -0.039979 -0.145528 1.669502 43.700001
85.478798 9.767286 1.000000 -0.049480 -0.143839 1.758508 43.840000
85.458069 9.966488 1.000000 -0.044380 -0.128673 1.830400 44.005001
85.427994 10.166342 1.000000 -0.032246 -0.105843 1.880759 44.215000
85.388512 10.364792 1.000000 -0.010200 -0.056262 1.888951 44.500000
85.343941 10.560995 1.000000 -0.006660 -0.052208 1.886562 44.904999
