3.705580 1.500000 1.000000 0.000000 0.319717 0.000000 0.000000
3.910421 1.500000 1.000000 0.000000 0.258798 0.000000 0.150000
4.114583 1.500000 1.000000 0.000000 0.149673 0.000000 0.270000
4.318660 1.500000 1.000000 0.000000 0.087013 0.000000 0.380000
4.521162 1.500000 1.000000 0.000000 0.052989 0.000000 0.485000
4.727358 1.500000 1.000000 0.000000 0.037580 0.000000 0.590000
4.935443 1.500000 1.000000 0.000000 0.028983 0.000000 0.695000
5.144496 1.500000 1.000000 0.000000 0.024591 0.000000 0.800000
5.354024 1.500000 1.000000 0.000000 0.022857 0.000000 0.905000
5.593769 1.500000 1.000000 0.000000 0.020911 0.000000 1.025000
5.813598 1.500000 1.000000 0.000000 0.019870 0.000000 1.135000
6.053382 1.500000 1.000000 0.000000 0.020890 0.000000 1.255000
6.283228 1.500000 1.000000 0.000000 0.020111 0.000000 1.370000
6.513053 1.500000 1.000000 0.000000 0.019985 0.000000 1.485000
6.722861 1.500000 1.000000 0.000000 0.021115 0.000000 1.590000
6.932358 1.500000 1.000000 0.000000 -0.012764 0.000000 1.695000
7.147272 1.500000 1.000000 0.000000 -0.076431 0.000000 1.805000
7.377174 1.500000 1.000000 0.000000 -0.129127 0.000000 1.930000
7.577243 1.500000 1.000000 0.000000 -0.146820 0.000000 2.050000
7.782166 1.500000 1.000000 0.000000 -0.149069 0.000000 2.190000
7.984967 1.500000 1.000000 0.000000 -0.134952 0.000000 2.355000
8.185018 1.500000 1.000000 0.000000 -0.112074 0.000000 2.560000
8.385973 1.499999 1.000000 0.000198 -0.061497 -0.002975 2.840000
8.587141 1.499961 1.000000 0.000481 -0.054615 -0.008048 3.250000
