3.700001 1.500000 1.000000 0.000000 0.320093 0.000000 0.000000
3.902525 1.500000 1.000000 0.000000 0.268233 0.000000 0.150000
4.105405 1.500000 1.000000 0.000000 0.153222 0.000000 0.270000
4.327771 1.500000 1.000000 0.000000 0.083065 0.000000 0.390000
4.530233 1.500000 1.000000 0.000000 0.052882 0.000000 0.495000
4.736376 1.500000 1.000000 0.000000 0.036889 0.000000 0.600000
4.974205 1.500000 1.000000 0.000000 0.027683 0.000000 0.720000
5.183242 1.500000 1.000000 0.000000 0.024434 0.000000 0.825000
5.392723 1.500000 1.000000 0.000000 0.022584 0.000000 0.930000
5.602439 1.500000 1.000000 0.000000 0.021651 0.000000 1.035000
5.812257 1.500177 1.000000 -0.051533 0.019177 0.037873 1.140000
6.021786 1.504761 1.000000 -0.020750 0.021250 0.076413 1.245000
6.231183 1.512359 1.000000 -0.010890 0.022254 0.075297 1.350000
6.440677 1.521422 1.000000 -0.016437 0.021886 0.074392 1.455000
6.650191 1.532429 1.000000 -0.029422 0.020601 0.079501 1.560000
6.859211 1.548167 1.000000 -0.042568 0.021262 0.129720 1.665000
7.067671 1.569071 1.000000 -0.027443 0.022231 0.129694 1.770000
7.275946 1.593253 1.000000 -0.050890 0.020114 0.147159 1.875000
7.483785 1.621529 1.000000 -0.036578 0.020964 0.155232 1.980000
7.691074 1.654070 1.000000 -0.037202 0.019705 0.161789 2.085000
7.907545 1.692636 1.000000 -0.030327 0.020087 0.167265 2.195000
8.113625 1.733014 1.000000 -0.018821 0.020055 0.171452 2.300000
8.309576 1.773584 1.000000 -0.006070 0.019810 0.174654 2.400000
8.505416 1.814974 1.000000 0.005016 0.019845 0.177236 2.500000
8.701565 1.854165 1.000000 0.045679 0.019734 0.118668 2.600000
8.908117 1.890862 1.000000 0.020466 0.021760 0.123132 2.705000
9.154648 1.930832 1.000000 0.062064 0.020836 0.076812 2.830000
9.362398 1.958318 1.000000 0.039348 0.023140 0.077731 2.935000
9.590637 1.983634 1.000000 0.037385 0.021696 0.078739 3.050000
9.799544 2.001149 1.000000 0.100637 0.020423 -0.000803 3.155000
10.008684 2.010470 1.000000 0.025412 0.023224 0.003893 3.260000
10.218122 2.016795 1.000000 0.011617 0.022173 0.007771 3.365000
10.427773 2.021874 1.000000 0.006871 0.021559 0.010866 3.470000
10.637561 2.026255 1.000000 0.003417 0.021074 0.013349 3.575000
10.847407 2.030298 1.000000 0.000644 0.020710 0.015367 3.680000
11.057291 2.034132 1.000000 0.050207 0.018610 -0.021675 3.785000
11.276999 2.034545 1.000000 0.014273 0.020705 -0.037438 3.895000
11.526627 2.032392 1.000000 0.014360 0.020954 -0.036960 4.020000
11.756297 2.028364 1.000000 0.017700 0.020797 -0.036614 4.135000
11.965970 2.022643 1.000000 0.016439 0.020784 -0.036363 4.240000
12.175346 2.013236 1.000000 0.052954 0.019828 -0.101739 4.345000
12.384149 1.998194 1.000000 0.022423 0.022878 -0.100413 4.450000
12.592904 1.980420 1.000000 0.015813 0.021674 -0.099198 4.555000
12.801156 1.958282 1.000000 0.098786 0.019850 -0.205842 4.660000
13.007945 1.927930 1.000000 0.037681 0.023451 -0.215067 4.765000
13.214191 1.892981 1.000000 0.050997 0.023907 -0.228352 4.870000
13.419512 1.852044 1.000000 0.072069 0.022060 -0.239018 4.975000
13.642520 1.798123 1.000000 0.071218 0.019539 -0.248255 5.090000
13.853781 1.737929 1.000000 0.050903 0.019139 -0.255301 5.200000
14.092034 1.662220 1.000000 0.022287 0.018518 -0.261602 5.325000
14.310223 1.588722 1.000000 0.024158 0.018338 -0.305464 5.440000
14.518279 1.516147 1.000000 -0.017522 0.018839 -0.308258 5.550000
14.707340 1.450019 1.000000 -0.002596 0.017152 -0.359258 5.650000
14.896279 1.383852 1.000000 -0.033760 0.018031 -0.351523 5.750000
15.086136 1.320241 1.000000 -0.032452 0.018283 -0.345235 5.850000
15.276897 1.259139 1.000000 -0.023165 0.018090 -0.340060 5.950000
15.486953 1.196082 0.980963 0.039257 -0.103279 -0.439447 6.060000
15.683412 1.134527 0.980269 0.117611 -0.118373 -0.574198 6.170000
15.873487 1.061346 0.979640 0.195665 -0.046626 -0.803412 6.290000
16.091923 0.943543 1.014188 0.025253 0.013224 -0.689175 6.450000
16.279121 0.828985 1.016902 0.040490 -0.218966 -0.674878 6.600000
16.460060 0.712600 1.014435 0.032146 -0.210439 -0.677455 6.795000
16.623566 0.596044 1.011381 0.016393 -0.125564 -0.680219 7.165000
