3.705587 1.500000 1.000000 0.000000 0.319319 0.000000 0.000000
3.910271 1.500000 1.000000 0.000000 0.260126 0.000000 0.150000
4.113996 1.500000 1.000000 0.000000 0.147951 0.000000 0.270000
4.317574 1.500000 1.000000 0.000000 0.087164 0.000000 0.380000
4.529383 1.500000 1.000000 0.000000 0.054353 0.000000 0.490000
4.735489 1.500000 1.000000 0.000000 0.037240 0.000000 0.595000
4.943481 1.500000 1.000000 0.000000 0.028794 0.000000 0.700000
5.152410 1.500000 1.000000 0.000000 0.024717 0.000000 0.805000
5.361811 1.500000 1.000000 0.000000 0.022604 0.000000 0.910000
5.571434 1.500000 1.000000 0.000000 0.020924 0.000000 1.015000
5.781141 1.500000 1.000000 0.000000 0.021509 0.000000 1.120000
5.990937 1.500000 1.000000 0.000000 0.020828 0.000000 1.220000
6.230766 1.500000 1.000000 0.000000 0.020900 0.000000 1.340000
6.440672 1.500000 1.000000 0.000000 0.020878 0.000000 1.445000
6.650633 1.500000 1.000000 0.000000 0.020217 0.000000 1.550000
6.860587 1.500000 1.000000 0.000000 0.020105 0.000000 1.655000
7.070510 1.500000 1.000000 0.000000 0.019887 0.000000 1.760000
7.280424 1.500000 1.000000 0.000000 0.020236 0.000000 1.865000
7.490328 1.500735 1.000000 -0.029685 0.020054 0.038342 1.970000
7.710073 1.505350 1.000000 -0.067782 0.021650 0.105603 2.080000
7.919236 1.516592 1.000000 -0.014959 0.021036 0.150915 2.185000
8.127954 1.531945 1.000000 -0.065743 0.024342 0.214286 2.290000
8.336145 1.551712 1.000000 -0.003322 0.022491 0.204885 2.395000
8.544414 1.572919 1.000000 -0.018723 0.023703 0.197019 2.500000
8.752630 1.596742 1.000000 -0.035033 0.023988 0.190713 2.605000
8.960492 1.624679 1.000000 -0.038618 0.022880 0.185665 2.710000
9.197432 1.661988 1.000000 -0.030683 0.021044 0.181077 2.830000
9.414076 1.700217 1.000000 -0.016517 0.020222 0.177792 2.940000
9.610748 1.736917 1.000000 -0.003177 0.020233 0.175355 3.040000
9.807418 1.773949 1.000000 0.058011 0.018615 0.138126 3.140000
10.014371 1.809401 1.000000 0.081272 0.019580 0.085846 3.245000
10.221956 1.837231 1.000000 0.036388 0.022177 0.039538 3.350000
10.429952 1.860598 1.000000 0.009818 0.023035 0.047939 3.455000
10.638306 1.882792 1.000000 0.013066 0.022856 0.054741 3.560000
10.847034 1.903652 1.000000 0.016880 0.022288 0.060186 3.665000
11.056080 1.922842 1.000000 0.016602 0.021051 0.064523 3.770000
11.265307 1.940395 1.000000 0.013241 0.019955 0.068018 3.875000
11.484604 1.955624 1.000000 0.048964 0.020605 0.004923 3.985000
11.694026 1.965513 1.000000 -0.000169 0.021353 0.013169 4.090000
11.923511 1.974780 1.000000 0.009018 0.021225 -0.010725 4.205000
12.163099 1.982822 1.000000 0.004834 0.021234 -0.005746 4.325000
12.372853 1.989136 1.000000 0.049385 0.021769 -0.026247 4.430000
12.582496 1.990095 1.000000 0.051583 0.022166 -0.093299 4.535000
12.791864 1.985315 1.000000 0.012612 0.022907 -0.086546 4.640000
13.001098 1.976802 1.000000 0.045248 0.022957 -0.138847 4.745000
13.209965 1.963259 1.000000 0.026870 0.023520 -0.135180 4.850000
13.418483 1.944970 1.000000 0.033993 0.023856 -0.174112 4.955000
13.626649 1.922235 1.000000 0.052819 0.024197 -0.188172 5.060000
13.834170 1.894043 1.000000 0.028184 0.023041 -0.219334 5.165000
14.041046 1.861010 1.000000 0.084259 0.024475 -0.271973 5.270000
14.256100 1.818154 1.000000 0.027016 0.023859 -0.292534 5.380000
14.460706 1.773014 1.000000 0.019629 0.023084 -0.285958 5.485000
14.664998 1.725184 1.000000 0.023198 0.021952 -0.280692 5.590000
14.859115 1.676930 1.000000 0.022629 0.020334 -0.276653 5.690000
15.052724 1.626184 1.000000 0.016888 0.019498 -0.273379 5.790000
15.265179 1.568176 1.000000 0.007149 0.019329 -0.270487 5.900000
15.458058 1.514336 1.000000 -0.000753 0.018617 -0.268336 6.000000
15.650899 1.460266 1.000000 -0.008142 0.018385 -0.266609 6.100000
15.843872 1.406629 1.000000 -0.012504 0.018270 -0.265206 6.200000
16.037046 1.353824 1.000000 -0.013715 0.018419 -0.264051 6.300000
16.230467 1.301942 1.000000 -0.012081 0.019246 -0.263130 6.400000
16.424122 1.250836 1.000000 -0.009826 0.018225 -0.262385 6.500000
16.617434 1.198880 1.000000 0.014763 0.017836 -0.304208 6.600000
16.810093 1.144994 1.000000 0.002657 0.019823 -0.302381 6.700000
17.002625 1.090358 1.000000 0.005624 0.019855 -0.300903 6.800000
17.194983 1.034776 1.000000 0.008298 0.019064 -0.299707 6.900000
17.387035 0.978038 1.000000 0.008221 0.018708 -0.298727 7.000000
17.578770 0.920178 1.000000 0.005828 0.018334 -0.297934 7.100000
17.770739 0.863545 1.000000 -0.083624 0.017348 -0.197499 7.200000
17.973745 0.812144 1.000000 -0.099903 0.022481 -0.097951 7.305000
18.207474 0.766365 1.000000 -0.109375 0.030286 0.003488 7.425000
18.413206 0.739006 1.000000 -0.119397 0.036412 0.085515 7.530000
18.619658 0.724822 1.000000 -0.086385 0.039886 0.138682 7.635000
18.826921 0.720723 1.000000 -0.056753 0.037892 0.127715 7.740000
19.035189 0.723495 1.000000 -0.063349 0.032367 0.118849 7.845000
19.243887 0.733422 1.000000 -0.061107 0.026934 0.111654 7.950000
19.452539 0.750027 1.000000 -0.044900 0.023501 0.105914 8.055000
19.661011 0.771550 1.000000 -0.023593 0.021785 0.101286 8.160000
19.869390 0.795651 1.000000 -0.000560 0.021135 0.097573 8.265000
20.077869 0.819973 1.000000 0.015982 0.020726 0.094598 8.370000
20.286545 0.842777 1.000000 0.024325 0.020435 0.092207 8.475000
20.505354 0.864516 1.000000 -0.038213 0.018397 0.142539 8.585000
20.713772 0.887387 1.000000 0.005804 0.019766 0.159031 8.690000
20.922146 0.910488 1.000000 0.003784 0.020723 0.155563 8.795000
21.130589 0.933597 1.000000 -0.008067 0.020551 0.152758 8.900000
21.368711 0.961519 1.000000 -0.017694 0.020909 0.150213 9.020000
21.576853 0.988223 1.000000 -0.018935 0.020327 0.148465 9.125000
21.784727 1.017163 1.000000 -0.013926 0.020291 0.147080 9.230000
21.992411 1.047815 1.000000 -0.007004 0.019893 0.145972 9.335000
22.199976 1.079437 1.000000 -0.000443 0.019587 0.145065 9.440000
22.407501 1.111319 1.000000 0.005390 0.020494 0.144330 9.545000
22.615107 1.142864 1.000000 0.009022 0.020359 0.143741 9.650000
22.812952 1.172260 1.000000 0.010138 0.019918 0.143287 9.750000
23.010908 1.200926 1.000000 0.009334 0.019624 0.142919 9.850000
23.208941 1.228939 1.000000 0.007063 0.020157 0.142619 9.950000
23.407034 1.256516 1.000000 0.004773 0.019437 0.142376 10.050000
23.615034 1.285252 1.000000 0.002261 0.019527 0.142169 10.155000
23.822996 1.314018 1.000000 0.000341 0.020329 0.142003 10.260000
24.030958 1.343010 1.000000 -0.000428 0.020299 0.141869 10.365000
24.248823 1.373708 1.000000 -0.000246 0.020186 0.141758 10.475000
24.446854 1.401887 1.000000 0.000426 0.020163 0.141676 10.575000
24.644859 1.430254 1.000000 0.001382 0.019819 0.141609 10.675000
24.862640 1.461563 1.000000 0.002422 0.019930 0.141551 10.785000
25.100243 1.495718 1.000000 0.003151 0.020105 0.141501 10.905000
25.298264 1.524107 1.000000 0.003536 0.019125 0.141467 11.005000
25.525963 1.556623 1.000000 0.003442 0.019633 0.141436 11.120000
25.733868 1.586198 1.000000 0.003207 0.019381 0.141414 11.225000
25.941750 1.615690 1.000000 0.002688 0.020368 0.141396 11.330000
26.149664 1.645155 1.000000 0.002373 0.020095 0.141382 11.435000
26.357586 1.674624 1.000000 0.002159 0.019929 0.141370 11.540000
26.555607 1.702713 1.000000 0.011982 0.019218 0.135947 11.640000
26.763695 1.729562 1.000000 0.027427 0.019470 0.077931 11.745000
26.971998 1.753171 1.000000 0.012561 0.021832 0.078816 11.850000
27.180553 1.775437 1.000000 0.016838 0.021570 0.079521 11.955000
27.389366 1.796041 1.000000 0.019538 0.020490 0.080089 12.060000
27.598381 1.814739 1.000000 0.017484 0.020779 0.080547 12.165000
27.807579 1.831762 1.000000 0.012538 0.020549 0.080912 12.270000
28.016890 1.847629 1.000000 0.006480 0.020202 0.081206 12.375000
28.256134 1.865158 1.000000 -0.000010 0.020522 0.081471 12.495000
28.465483 1.880635 1.000000 -0.003498 0.020547 0.081655 12.600000
28.674839 1.896658 1.000000 -0.004963 0.020528 0.081800 12.705000
28.894117 1.914181 1.000000 -0.004424 0.019824 0.081924 12.815000
29.123278 1.933225 1.000000 -0.002435 0.020022 0.082026 12.930000
29.332447 1.951051 1.000000 -0.000127 0.020403 0.082100 13.035000
29.541611 1.969047 1.000000 0.001857 0.020728 0.082160 13.140000
29.750809 1.986999 1.000000 0.003277 0.020634 0.082207 13.245000
29.960020 2.004761 1.000000 0.003927 0.019923 0.082244 13.350000
30.169224 2.022266 1.000000 0.003750 0.020292 0.082274 13.455000
30.378458 2.039539 1.000000 0.003106 0.020518 0.082297 13.560000
30.587711 2.056648 1.000000 0.002271 0.020503 0.082314 13.665000
30.796995 2.073680 1.000000 0.001542 0.020317 0.082327 13.770000
31.016245 2.091524 1.000000 0.000976 0.020141 0.082338 13.880000
31.225529 2.108618 1.000000 0.000715 0.020383 0.082346 13.985000
31.434820 2.125799 1.000000 0.000738 0.019756 0.082353 14.090000
31.644114 2.142647 1.000000 0.061533 0.019020 0.032713 14.195000
31.853418 2.154038 1.000000 0.023125 0.020447 -0.014352 14.300000
32.062752 2.162223 1.000000 0.002606 0.021493 -0.009238 14.405000
32.272247 2.169863 1.000000 0.009114 0.022468 -0.005137 14.510000
32.481934 2.176485 1.000000 0.014899 0.021281 -0.001852 14.615000
32.701714 2.181709 1.000000 0.016247 0.020822 0.000887 14.725000
32.911545 2.184938 1.000000 0.013797 0.020579 0.003014 14.830000
33.121429 2.186748 1.000000 0.008432 0.020868 0.004716 14.935000
33.331314 2.187690 1.000000 0.002771 0.020963 0.006083 15.040000
33.541267 2.188367 1.000000 -0.001774 0.021040 0.007184 15.145000
33.751232 2.189262 1.000000 -0.004690 0.020066 0.008063 15.250000
33.961147 2.190673 1.000000 -0.005616 0.020374 0.008766 15.355000
34.171082 2.192694 1.000000 -0.004850 0.021005 0.009332 15.460000
34.381046 2.195248 1.000000 -0.003379 0.020220 0.009792 15.565000
34.611008 2.198460 1.000000 -0.001184 0.020365 0.010197 15.680000
34.820957 2.201552 1.000000 0.000576 0.020012 0.010490 15.785000
35.030842 2.204605 1.000000 0.001799 0.020066 0.010727 15.890000
35.240726 2.207491 1.000000 0.002311 0.020717 0.010915 15.995000
35.450653 2.210156 1.000000 0.002225 0.020187 0.011068 16.100000
35.710594 2.213173 1.000000 0.001464 0.020940 0.011217 16.230000
35.930557 2.215564 1.000000 0.000730 0.020549 0.011315 16.340000
36.140522 2.217791 1.000000 0.000130 0.020593 0.011391 16.445000
36.350487 2.220031 1.000000 -0.000335 0.020536 0.011451 16.549999
36.550484 2.222221 1.000000 -0.000509 0.020986 0.011497 16.650000
36.750526 2.224483 1.000000 -0.000504 0.020702 0.011535 16.750000
36.950569 2.226814 1.000000 -0.000318 0.020502 0.011566 16.850000
37.150612 2.229198 1.000000 -0.000089 0.020473 0.011590 16.950001
37.350609 2.231944 1.000000 -0.059905 0.018362 0.059837 17.049999
37.559990 2.240699 1.000000 -0.089793 0.021483 0.160143 17.155001
37.767979 2.259202 1.000000 -0.082620 0.025405 0.246166 17.260000
37.974869 2.285110 1.000000 -0.010095 0.025333 0.234794 17.365000
38.181740 2.313960 1.000000 -0.088721 0.027467 0.283798 17.469999
38.406639 2.354847 1.000000 -0.042925 0.027734 0.301583 17.584999
38.611103 2.398304 1.000000 -0.037422 0.025830 0.293250 17.690001
38.815372 2.444553 1.000000 0.042768 0.019326 0.192873 17.795000
39.020367 2.487061 1.000000 0.059985 0.019156 0.089481 17.900000
39.225941 2.523476 1.000000 0.016653 0.022918 0.041911 18.004999
39.432053 2.555517 1.000000 0.020755 0.026073 0.016878 18.110001
39.648800 2.583765 1.000000 0.076131 0.029740 -0.028069 18.219999
39.866463 2.603704 1.000000 0.082640 0.030952 -0.051632 18.330000
40.074978 2.614481 1.000000 0.051916 0.028706 -0.055408 18.434999
40.284061 2.619202 1.000000 0.042448 0.026235 -0.046853 18.540001
40.493526 2.619235 1.000000 0.035825 0.022970 -0.039964 18.645000
40.703136 2.615495 1.000000 0.023765 0.021350 -0.034425 18.750000
40.912781 2.609319 1.000000 0.008394 0.020476 -0.030013 18.855000
41.122425 2.602258 1.000000 -0.004148 0.020360 -0.026434 18.959999
41.332100 2.595646 1.000000 -0.012946 0.020423 -0.023587 19.065001
41.541824 2.590360 1.000000 -0.015875 0.020412 -0.021293 19.170000
41.771587 2.586443 1.000000 -0.013737 0.020552 -0.019290 19.285000
41.981392 2.584367 1.000000 -0.009108 0.020561 -0.017833 19.389999
42.191196 2.583231 1.000000 -0.003923 0.020470 -0.016653 19.495001
42.401001 2.582474 1.000000 0.001014 0.020640 -0.015709 19.600000
42.610806 2.581575 1.000000 0.004132 0.020707 -0.014948 19.705000
42.820679 2.580201 1.000000 0.005499 0.020403 -0.014340 19.809999
43.040565 2.578110 1.000000 0.004981 0.020859 -0.013826 19.920000
43.260529 2.575412 1.000000 0.003385 0.020073 -0.013419 20.030001
43.470432 2.572446 1.000000 0.001369 0.019988 -0.013109 20.135000
43.680317 2.569316 1.000000 -0.000505 0.020103 -0.012860 20.240000
43.890202 2.566222 1.000000 -0.001820 0.019849 -0.012661 20.344999
44.100063 2.563298 1.000000 -0.002391 0.020416 -0.012501 20.450001
44.309937 2.560600 1.000000 -0.002294 0.020491 -0.012372 20.555000
44.519821 2.558115 1.000000 -0.001758 0.020220 -0.012268 20.660000
44.729694 2.556759 1.000000 -0.071669 0.020238 0.054749 20.764999
44.939224 2.561536 1.000000 -0.011596 0.021191 0.083806 20.870001
45.168598 2.569059 1.000000 0.000268 0.021665 0.078539 20.985001
45.378143 2.576181 1.000000 -0.007482 0.021633 0.074650 21.090000
45.584740 2.586034 1.000000 -0.119383 -0.124411 0.243853 21.195000
45.808971 2.609878 1.000000 -0.164715 -0.084232 0.440858 21.320000
46.008854 2.651262 1.000000 -0.167082 -0.013296 0.592991 21.445000
46.211445 2.721850 1.000000 -0.159797 0.031429 0.741683 21.584999
46.396225 2.818130 1.000000 -0.121457 0.042514 0.833313 21.725000
46.571976 2.941121 1.000000 -0.107734 0.044856 0.944291 21.870001
46.722343 3.073796 1.000000 -0.088429 0.037460 0.989773 22.004999
46.861839 3.219974 1.000000 -0.086165 0.030910 1.045550 22.139999
47.003414 3.395577 1.000000 -0.080089 0.025641 1.110171 22.290001
47.118568 3.563439 1.000000 -0.076371 0.023643 1.174484 22.424999
47.222221 3.738956 1.000000 -0.044953 0.020574 1.216401 22.559999
47.320797 3.918311 1.000000 0.018670 0.013778 1.093885 22.695000
47.421562 4.098477 1.000000 -0.046091 0.128568 1.070187 22.830000
47.517483 4.282058 1.000000 -0.019546 0.152544 1.063734 22.955000
47.613617 4.467428 1.000000 0.051148 0.097706 0.973267 23.070000
47.721592 4.657865 1.000000 0.062265 0.060570 0.885261 23.184999
47.829662 4.831068 1.000000 0.078245 0.046138 0.807276 23.290001
47.952698 5.008366 1.012080 0.077854 0.041372 0.738027 23.400000
48.078117 5.173488 1.012616 0.043721 0.037653 0.750430 23.504999
48.204945 5.334606 1.013072 0.025154 -0.172347 0.829846 23.610001
48.348564 5.516611 0.982055 -0.039844 -0.100356 0.979373 23.740000
48.470318 5.680961 0.977078 -0.102461 -0.037352 1.160664 23.865000
48.577595 5.851950 0.972849 -0.122306 0.007080 1.281855 23.995001
48.668560 6.035039 0.969250 -0.109176 0.024988 1.357105 24.129999
48.741100 6.224724 0.966352 -0.099240 0.027984 1.429295 24.264999
48.796848 6.419892 0.963992 -0.084558 0.025809 1.493853 24.400000
48.837784 6.618885 0.962072 -0.073762 0.023925 1.558608 24.535000
48.865440 6.820351 0.960518 -0.067417 0.022859 1.625253 24.670000
48.880825 7.023219 0.959261 -0.061393 0.021489 1.688215 24.805000
48.885883 7.226714 0.958244 -0.016367 0.018273 1.692080 24.940001
48.886719 7.430706 0.957442 -0.005515 0.176885 1.676206 25.070000
48.884064 7.631259 0.956856 -0.022174 0.128098 1.665363 25.184999
48.877445 7.836385 0.956384 -0.027366 0.080151 1.657135 25.295000
48.865154 8.077913 0.955937 -0.021089 0.047591 1.649816 25.420000
48.849865 8.313773 0.955582 -0.009226 0.033426 1.644371 25.540001
48.834435 8.531592 0.955308 0.000988 0.026344 1.640433 25.650000
48.819672 8.740230 0.955088 0.008673 0.022911 1.637443 25.754999
48.805706 8.949232 0.954902 0.012693 0.021574 1.635053 25.860001
48.792938 9.158463 0.954743 0.012686 0.020969 1.633130 25.965000
48.781376 9.367849 0.954607 0.009744 0.021037 1.631578 26.070000
48.770226 9.587337 0.954487 0.005767 0.020650 1.630263 26.180000
48.761116 9.806915 0.954386 0.019208 0.020246 1.587013 26.290001
48.756321 10.014151 0.954304 0.064932 -0.123833 1.466695 26.395000
48.755959 10.216101 0.954232 0.034258 -0.112392 1.463980 26.504999
48.760086 10.419122 0.954166 0.074200 -0.055896 1.384178 26.625000
48.774590 10.626209 0.954106 0.079564 -0.015159 1.306059 26.754999
48.800495 10.825626 0.946107 0.034420 0.004449 1.289201 26.885000
48.836864 11.044370 0.946089 0.003193 0.009252 1.324891 27.030001
48.871555 11.247172 0.946076 0.011705 0.009313 1.416987 27.165001
48.907444 11.449420 0.946065 0.020932 0.010425 1.416033 27.299999
48.942898 11.649720 0.946057 -0.061930 0.170540 1.504262 27.430000
48.968884 11.855521 0.946050 -0.010602 0.132486 1.561209 27.549999
48.990520 12.058310 0.946045 0.009768 0.083891 1.555008 27.660000
49.011856 12.259185 0.946041 -0.017005 0.056109 1.550273 27.764999
49.031395 12.464096 0.946038 -0.036744 0.038931 1.546475 27.870001
49.047089 12.670705 0.946035 -0.042794 -0.013524 1.543413 27.975000
49.058609 12.883165 0.946033 -0.036516 -0.037165 1.540856 28.084999
49.064194 13.091380 0.946030 -0.047048 0.052338 1.583595 28.195000
49.064205 13.293221 0.946029 -0.010919 0.051949 1.580163 28.299999
49.062893 13.498439 0.946027 0.001097 0.039865 1.577434 28.405001
49.061520 13.735553 0.946026 0.006746 0.030416 1.574945 28.525000
49.061039 13.944278 0.946025 0.008204 0.025674 1.573233 28.629999
49.061573 14.163583 0.946023 0.052175 0.022068 1.541717 28.740000
49.068089 14.382812 0.946022 0.089640 0.022262 1.435923 28.850000
49.083931 14.591072 0.946022 0.028778 0.019905 1.385012 28.955000
49.103951 14.797935 0.946022 0.007753 -0.018011 1.392805 29.059999
49.124191 15.002762 0.946022 -0.052548 0.029035 1.463449 29.165001
49.139847 15.208799 0.946022 -0.054844 0.030989 1.563812 29.270000
49.150204 15.435833 0.946022 -0.003678 0.026028 1.631837 29.385000
49.158302 15.643832 0.946022 0.020100 0.025213 1.621209 29.490000
49.168468 15.852465 0.946022 0.056925 0.021130 1.563153 29.594999
49.182358 16.061335 0.946022 -0.010102 0.022776 1.537552 29.700001
49.196793 16.290430 0.946022 -0.025254 0.021440 1.533583 29.815001
49.207375 16.499861 0.946022 -0.019683 0.020975 1.530712 29.920000
49.215996 16.709276 0.946022 -0.009231 0.004885 1.528424 30.025000
49.224255 16.937086 0.946022 -0.046260 0.019841 1.558141 30.139999
49.226955 17.144754 0.946022 -0.084052 0.027411 1.658975 30.245001
49.220554 17.352392 0.946022 -0.085380 0.029531 1.751468 30.350000
49.204979 17.559467 0.946022 -0.026602 0.029425 1.785385 30.455000
49.185165 17.766737 0.946022 -0.011157 0.028032 1.774685 30.559999
49.163277 17.974518 0.946022 -0.026267 0.025880 1.766113 30.665001
49.136745 18.192225 0.946022 -0.035932 0.024670 1.758935 30.775000
49.104076 18.419493 0.946022 -0.033421 0.022092 1.752973 30.889999
49.066833 18.646263 0.946022 -0.020296 0.021372 1.748307 31.004999
49.026039 18.872568 0.946022 -0.058491 0.018308 1.795400 31.120001
48.982033 19.087948 0.946022 -0.012058 0.019978 1.794476 31.230000
48.934273 19.302437 0.946022 -0.046259 0.020057 1.858987 31.340000
48.883614 19.505871 0.946022 -0.016346 0.021984 1.856990 31.445000
48.830551 19.708935 0.946022 -0.034192 0.020015 1.866077 31.549999
48.772472 19.910515 0.946022 -0.055139 0.021192 1.929787 31.655001
48.706703 20.109451 0.946022 -0.036037 0.021896 1.971958 31.760000
48.636196 20.306889 0.946022 -0.014817 0.022039 1.966271 31.865000
48.563457 20.503885 0.946022 -0.014044 0.020439 1.961721 31.969999
48.492245 20.691000 0.946022 -0.058893 0.018604 1.989895 32.070000
48.416199 20.876062 0.946022 -0.029088 0.019477 2.020816 32.169998
48.336689 21.059719 0.946022 -0.012725 0.020240 2.015864 32.270000
48.255474 21.242887 0.946022 -0.010948 0.019135 2.013266 32.369999
48.172844 21.425608 0.946022 -0.009260 0.018468 2.011158 32.470001
48.088993 21.607910 0.946022 -0.005704 0.017885 2.009438 32.570000
48.004272 21.789892 0.946022 -0.001459 0.016705 2.008043 32.669998
47.919743 21.971914 0.946022 0.005994 0.012232 2.006422 32.770000
47.834530 22.153135 0.946022 -0.091986 0.014528 2.105705 32.869999
47.728794 22.354469 0.946022 -0.098258 -0.124483 2.150179 32.985001
47.625389 22.527845 0.961633 -0.139378 -0.113211 2.357237 33.095001
47.511780 22.695234 0.964885 -0.063697 -0.284164 2.298140 33.220001
47.390663 22.861132 0.964885 0.001720 -0.229523 2.120119 33.389999
47.265408 23.017189 0.964885 0.042007 -0.115270 1.832140 33.665001
47.128792 23.163427 0.964885 0.005441 -0.013325 1.983985 34.599998
