3.703055 1.532094 1.000000 0.003807 0.320113 0.179437 0.000000
3.905209 1.565469 1.000000 0.002443 0.253734 0.174862 0.150000
4.133110 1.603474 1.000000 0.002369 0.138669 0.171775 0.285000
4.345255 1.638955 1.000000 0.003360 0.077959 0.169757 0.400000
4.545896 1.672447 1.000000 0.004325 0.049009 0.168292 0.505000
4.749815 1.706316 1.000000 0.004696 0.035249 0.167123 0.610000
4.955444 1.740255 1.000000 0.004799 0.027134 0.166175 0.715000
5.161946 1.774124 1.000000 0.004326 0.023202 0.165418 0.820000
5.368860 1.807890 1.000000 0.003710 0.021075 0.164806 0.925000
5.575967 1.841543 1.000000 0.036636 0.018980 0.142554 1.030000
5.783427 1.871960 1.000000 0.022487 0.020355 0.103095 1.135000
5.991212 1.899676 1.000000 0.015287 0.021883 0.103158 1.240000
6.199341 1.925889 1.000000 0.019142 0.021282 0.103209 1.345000
6.407791 1.950267 1.000000 0.019957 0.020468 0.103250 1.450000
6.616499 1.972749 1.000000 0.016554 0.020761 0.103283 1.555000
6.825418 1.993695 1.000000 0.010707 0.020408 0.103309 1.660000
7.044408 2.014651 1.000000 0.004661 0.020005 0.103332 1.770000
7.263416 2.035298 1.000000 -0.000659 0.020072 0.103350 1.880000
7.472434 2.055276 1.000000 -0.003737 0.020186 0.103364 1.985000
7.681504 2.073584 1.000000 0.033340 0.019380 0.032896 2.090000
7.890653 2.088565 1.000000 0.002075 0.020973 0.035085 2.195000
8.099904 2.103107 1.000000 0.007246 0.021434 0.036938 2.300000
8.309303 2.116869 1.000000 0.014331 0.020994 0.038420 2.405000
8.518832 2.129174 1.000000 0.017090 0.020388 0.039610 2.510000
8.728449 2.139758 1.000000 0.015460 0.020518 0.040577 2.615000
8.938156 2.148771 1.000000 0.043821 0.019432 0.020256 2.720000
9.167702 2.152619 1.000000 0.051567 0.020150 -0.066052 2.835000
9.376875 2.148902 1.000000 0.070801 0.023832 -0.133359 2.940000
9.585634 2.139089 1.000000 0.001018 0.023073 -0.142435 3.045000
9.794570 2.128176 1.000000 0.002028 0.023525 -0.133476 3.150000
10.033680 2.114821 1.000000 0.018665 0.023489 -0.125368 3.270000
10.242963 2.100778 1.000000 0.026101 0.022398 -0.119787 3.375000
10.472029 2.081930 1.000000 0.025401 0.020949 -0.114904 3.490000
10.680934 2.061691 1.000000 0.017630 0.020687 -0.111377 3.595000
10.889650 2.039368 1.000000 0.008203 0.020401 -0.108513 3.700000
11.098270 2.016004 1.000000 -0.001558 0.020044 -0.106232 3.805000
11.306879 1.992615 1.000000 -0.008525 0.020512 -0.104393 3.910000
11.515582 1.969937 1.000000 -0.011984 0.020404 -0.102905 4.015000
11.724432 1.948324 1.000000 -0.012101 0.020367 -0.101718 4.120000
11.933418 1.927783 1.000000 -0.009827 0.020159 -0.100763 4.225000
12.142501 1.908072 1.000000 -0.006609 0.019622 -0.099991 4.330000
12.351606 1.888849 1.000000 -0.002618 0.020433 -0.099373 4.435000
12.550784 1.870621 1.000000 0.000061 0.020079 -0.098899 4.535000
12.759907 1.851279 1.000000 0.001666 0.019957 -0.098499 4.640000
12.959026 1.832519 1.000000 0.002016 0.020259 -0.098188 4.740000
13.158119 1.813391 1.000000 0.001477 0.020226 -0.097936 4.840000
13.357189 1.793950 1.000000 0.000374 0.020447 -0.097731 4.940000
13.556259 1.774299 1.000000 -0.000861 0.020249 -0.097565 5.040000
13.755335 1.754560 1.000000 -0.001974 0.020142 -0.097429 5.140000
13.974319 1.732875 1.000000 -0.002833 0.019758 -0.097311 5.250000
14.203208 1.710343 1.000000 -0.003137 0.019934 -0.097211 5.365000
14.412175 1.689925 1.000000 -0.003000 0.020425 -0.097139 5.470000
14.621152 1.669640 1.000000 -0.002728 0.019521 -0.097081 5.575000
14.830113 1.649451 1.000000 -0.002099 0.020664 -0.097034 5.680000
15.039124 1.629292 1.000000 -0.001712 0.020243 -0.096997 5.785000
15.238202 1.610085 1.000000 -0.001416 0.020417 -0.096968 5.885000
15.437291 1.590842 1.000000 -0.001307 0.020102 -0.096944 5.985000
15.636381 1.571555 1.000000 -0.001294 0.020331 -0.096925 6.085000
15.835483 1.552297 1.000000 -0.040472 0.019799 -0.072165 6.185000
16.044691 1.536376 1.000000 -0.085306 0.020728 0.027575 6.290000
16.253738 1.529417 1.000000 -0.040650 0.022551 0.091019 6.395000
16.462696 1.527390 1.000000 -0.004830 0.024018 0.081957 6.500000
16.671988 1.526553 1.000000 -0.017066 0.024448 0.074622 6.605000
16.881569 1.527849 1.000000 -0.028279 0.023669 0.068711 6.710000
17.091280 1.532337 1.000000 -0.030403 0.022488 0.063998 6.815000
17.300966 1.540212 1.000000 -0.025577 0.021253 0.060165 6.920000
17.530560 1.551995 1.000000 -0.014132 0.020436 0.056838 7.035000
17.740116 1.564481 1.000000 -0.003227 0.020237 0.054411 7.140000
17.949640 1.577395 1.000000 0.005831 0.020328 0.052471 7.245000
18.169199 1.590341 1.000000 0.011602 0.020219 0.050859 7.355000
18.398811 1.602564 1.000000 0.012459 0.020859 0.049517 7.470000
18.618549 1.612888 1.000000 0.010354 0.020348 0.048500 7.580000
18.838350 1.622127 1.000000 0.006634 0.020236 0.047684 7.690000
19.058165 1.630711 1.000000 0.002470 0.019954 0.047034 7.800000
19.267942 1.638739 1.000000 -0.000935 0.020315 0.046543 7.905000
19.477718 1.646974 1.000000 -0.002905 0.020740 0.046147 8.010000
19.687523 1.655617 1.000000 -0.003408 0.020861 0.045830 8.115000
19.887337 1.664274 1.000000 -0.002861 0.020452 0.045584 8.215000
20.087151 1.673285 1.000000 -0.001618 0.020325 0.045385 8.315000
20.286949 1.682533 1.000000 -0.000262 0.019980 0.045223 8.415000
20.496714 1.692350 1.000000 0.001087 0.020340 0.045085 8.520000
20.696501 1.701677 1.000000 0.001980 0.020555 0.044980 8.620000
20.896315 1.710896 1.000000 0.002404 0.020224 0.044894 8.720000
21.096128 1.719968 1.000000 0.002365 0.020500 0.044824 8.820000
21.295971 1.728899 1.000000 0.002029 0.020437 0.044768 8.920000
21.495823 1.737721 1.000000 0.001581 0.019715 0.044722 9.020000
21.695675 1.746479 1.000000 0.001025 0.020769 0.044685 9.120000
21.905519 1.755660 1.000000 0.000669 0.019726 0.044653 9.225000
22.115299 1.764859 1.000000 0.000426 0.019736 0.044628 9.330000
22.325024 1.774103 1.000000 0.000305 0.020364 0.044608 9.435000
22.544697 1.783849 1.000000 0.000370 0.020536 0.044591 9.545000
22.754389 1.793207 1.000000 0.000522 0.021014 0.044578 9.650000
22.984087 1.803498 1.000000 0.000758 0.020034 0.044567 9.765000
23.203798 1.813354 1.000000 0.000936 0.020437 0.044559 9.875000
23.413523 1.822755 1.000000 0.001046 0.020242 0.044552 9.980000
23.653170 1.833472 1.000000 0.001085 0.020206 0.044547 10.100000
23.862829 1.842822 1.000000 0.001056 0.020048 0.044543 10.205000
24.072454 1.852152 1.000000 0.000955 0.020820 0.044540 10.310000
24.282097 1.861470 1.000000 0.000909 0.020003 0.044538 10.415000
24.491726 1.870786 1.000000 0.000805 0.020803 0.044537 10.520000
24.701391 1.880108 1.000000 0.000769 0.020451 0.044535 10.625000
24.911049 1.889440 1.000000 0.000788 0.019943 0.044533 10.730000
25.130627 1.899221 1.000000 0.000838 0.019775 0.044531 10.840000
25.340191 1.908559 1.000000 0.000822 0.020764 0.044530 10.945000
25.549791 1.917904 1.000000 0.000822 0.021081 0.044529 11.050000
25.779430 1.928146 1.000000 0.000879 0.020273 0.044528 11.165000
25.989115 1.937498 1.000000 0.000897 0.020140 0.044528 11.270000
26.198767 1.946844 1.000000 0.000901 0.020073 0.044528 11.375000
26.408411 1.956187 1.000000 0.000874 0.020698 0.044528 11.480000
26.618076 1.965529 1.000000 0.000857 0.020646 0.044528 11.585000
26.827751 1.974750 1.000000 0.047155 0.018948 0.012053 11.690000
27.037369 1.981452 1.000000 0.009849 0.020696 0.006934 11.795000
27.247011 1.986856 1.000000 0.007926 0.020842 0.007375 11.900000
27.456734 1.991380 1.000000 0.010374 0.021176 0.007731 12.005000
27.666546 1.994811 1.000000 0.010817 0.020805 0.008016 12.110000
27.876419 1.997129 1.000000 0.008755 0.020498 0.008244 12.215000
28.086327 1.998554 1.000000 0.005330 0.020497 0.008428 12.320000
28.296221 1.999437 1.000000 0.001664 0.020094 0.008575 12.425000
28.526089 2.000239 1.000000 -0.001679 0.020102 0.008705 12.540000
28.735922 2.001535 1.000000 -0.062427 0.019215 0.056016 12.645000
28.945217 2.009073 1.000000 -0.090646 0.021587 0.155521 12.750000
29.152754 2.024866 1.000000 -0.067418 -0.027645 0.207111 12.855000
29.353920 2.045301 1.000000 -0.021731 -0.085751 0.200162 12.960000
29.560640 2.068900 1.000000 -0.060979 -0.124740 0.247942 13.075000
29.766106 2.097409 1.000000 0.020276 0.037948 0.223027 13.200000
29.966393 2.123402 1.000000 0.049531 0.135357 0.109959 13.320000
30.182966 2.144793 1.000000 0.029939 0.092359 0.008203 13.440000
30.390974 2.162588 1.000000 -0.041260 0.058479 -0.001048 13.550000
30.593988 2.183184 1.000000 -0.020158 0.042741 0.005567 13.655000
30.829130 2.208584 1.000000 0.022676 0.034104 0.011547 13.775000
31.036612 2.228400 1.000000 0.044358 0.028794 0.015733 13.880000
31.245113 2.243521 1.000000 0.051961 0.024853 0.019069 13.985000
31.454235 2.253263 1.000000 0.044420 0.022210 0.021724 14.090000
31.663673 2.258387 1.000000 0.029291 0.021439 0.023892 14.195000
31.873291 2.260523 1.000000 0.010486 0.021458 0.025633 14.300000
32.083027 2.261656 1.000000 -0.005444 0.021361 0.027022 14.405000
32.292831 2.263448 1.000000 -0.014904 0.021038 0.028147 14.510000
32.502636 2.266903 1.000000 -0.018405 0.020721 0.029051 14.615000
32.712387 2.272363 1.000000 -0.016135 0.020824 0.029773 14.720000
32.922112 2.279600 1.000000 -0.011184 0.020325 0.030357 14.825000
33.131836 2.288044 1.000000 -0.004126 0.020604 0.030822 14.930000
33.341560 2.296985 1.000000 0.001770 0.020124 0.031195 15.035000
33.551285 2.305801 1.000000 0.005717 0.020176 0.031494 15.140000
33.761009 2.314076 1.000000 0.007412 0.020298 0.031736 15.245000
33.970764 2.321635 1.000000 0.007132 0.020191 0.031932 15.350000
34.180511 2.328508 1.000000 0.005472 0.019635 0.032088 15.455000
34.390236 2.334879 1.000000 0.003065 0.019988 0.032214 15.560000
34.599960 2.341008 1.000000 0.000607 0.020822 0.032314 15.665000
34.829739 2.347733 1.000000 -0.001082 0.020587 0.032402 15.780000
35.039543 2.354059 1.000000 -0.001818 0.020228 0.032466 15.885000
35.249310 2.360647 1.000000 -0.001786 0.020444 0.032517 15.990000
35.459034 2.367491 1.000000 -0.001203 0.020820 0.032559 16.094999
35.668758 2.374526 1.000000 -0.000346 0.020778 0.032592 16.200001
35.878494 2.381661 1.000000 0.000483 0.019719 0.032618 16.305000
36.088219 2.388806 1.000000 0.001182 0.020419 0.032639 16.410000
36.297943 2.395890 1.000000 0.001553 0.020218 0.032655 16.514999
36.507645 2.402879 1.000000 0.001597 0.020120 0.032668 16.620001
36.717312 2.409767 1.000000 0.001356 0.020711 0.032678 16.725000
36.947010 2.417227 1.000000 0.001030 0.020602 0.032686 16.840000
37.166771 2.424318 1.000000 0.000712 0.020121 0.032693 16.950001
37.386517 2.431401 1.000000 0.000440 0.020297 0.032698 17.059999
37.596241 2.438184 1.000000 0.000315 0.020228 0.032701 17.165001
37.805965 2.445001 1.000000 0.000298 0.020185 0.032704 17.270000
38.015690 2.451853 1.000000 0.000374 0.020184 0.032707 17.375000
38.225414 2.458734 1.000000 0.000489 0.020481 0.032708 17.480000
38.445126 2.465960 1.000000 0.000614 0.020117 0.032709 17.590000
38.654850 2.472859 1.000000 0.000690 0.020399 0.032709 17.695000
38.864574 2.479756 1.000000 0.000734 0.021072 0.032710 17.799999
39.074318 2.486642 1.000000 0.000757 0.020975 0.032710 17.905001
39.284122 2.493516 1.000000 0.000745 0.020742 0.032711 18.010000
39.493927 2.500379 1.000000 0.000713 0.020465 0.032711 18.115000
39.703732 2.507235 1.000000 0.000679 0.020290 0.032711 18.219999
39.913536 2.514084 1.000000 0.000628 0.020569 0.032712 18.325001
40.143322 2.521590 1.000000 0.000607 0.020231 0.032712 18.440001
40.353127 2.528447 1.000000 0.000591 0.020516 0.032712 18.545000
40.562931 2.535311 1.000000 0.000578 0.020895 0.032712 18.650000
40.772785 2.540600 1.000000 0.076602 0.019868 -0.049207 18.754999
40.982403 2.540856 1.000000 -0.000724 0.020438 -0.042714 18.860001
41.212021 2.540673 1.000000 -0.003952 0.021296 -0.036720 18.975000
41.421791 2.540795 1.000000 0.001969 0.020648 -0.032351 19.080000
41.631596 2.540599 1.000000 0.007278 0.020807 -0.028835 19.184999
41.841442 2.539558 1.000000 0.009647 0.020417 -0.025996 19.290001
42.061256 2.537317 1.000000 0.008810 0.021074 -0.023613 19.400000
42.271061 2.534176 1.000000 0.006185 0.020780 -0.021806 19.504999
42.480930 2.530353 1.000000 0.002537 0.020901 -0.020346 19.610001
42.690815 2.526228 1.000000 -0.000633 0.020683 -0.019177 19.715000
42.900715 2.522140 1.000000 -0.002956 0.020545 -0.018241 19.820000
43.110626 2.518331 1.000000 -0.003994 0.020128 -0.017493 19.924999
43.340500 2.514601 1.000000 -0.003789 0.020399 -0.016839 20.040001
43.550426 2.511578 1.000000 -0.002859 0.020321 -0.016361 20.145000
43.770390 2.508692 1.000000 -0.001444 0.020490 -0.015964 20.254999
44.020348 2.505566 1.000000 -0.000168 0.019732 -0.015608 20.379999
44.230232 2.502929 1.000000 0.000677 0.020172 -0.015373 20.485001
44.460106 2.499918 1.000000 0.001067 0.020808 -0.015170 20.600000
44.669991 2.497018 1.000000 0.000963 0.020951 -0.015023 20.705000
44.879913 2.493983 1.000000 0.000608 0.020682 -0.014904 20.809999
45.089878 2.490853 1.000000 0.000141 0.020654 -0.014808 20.915001
45.299843 2.487678 1.000000 -0.000305 0.020625 -0.014731 21.020000
45.509808 2.484505 1.000000 -0.000616 0.020783 -0.014669 21.125000
45.739769 2.481070 1.000000 -0.000787 0.020226 -0.014615 21.240000
45.949734 2.477987 1.000000 -0.000769 0.020415 -0.014576 21.344999
46.159706 2.474954 1.000000 -0.000650 0.020450 -0.014544 21.450001
46.369678 2.471959 1.000000 -0.000497 0.020041 -0.014519 21.555000
46.609638 2.468562 1.000000 -0.000301 0.020164 -0.014496 21.674999
46.819443 2.464022 1.000000 0.041894 0.018766 -0.078991 21.780001
47.028862 2.455443 1.000000 0.010619 0.021162 -0.078061 21.885000
47.238266 2.445310 1.000000 0.013439 0.022076 -0.077130 21.990000
47.447670 2.433542 1.000000 0.016334 0.021391 -0.076379 22.094999
47.657021 2.419556 1.000000 0.073877 0.019821 -0.121064 22.200001
47.865749 2.400093 1.000000 0.008245 0.021362 -0.127975 22.305000
48.074398 2.379159 1.000000 -0.012891 0.020584 -0.119520 22.410000
48.283234 2.359286 1.000000 -0.017032 0.019607 -0.112727 22.514999
48.492229 2.340943 1.000000 -0.014053 0.020455 -0.107314 22.620001
48.701385 2.323854 1.000000 -0.009070 0.020508 -0.102953 22.725000
48.930588 2.305963 1.000000 -0.003145 0.020534 -0.099166 22.840000
49.139908 2.289793 1.000000 0.000686 0.019857 -0.096399 22.945000
49.359116 2.272563 1.000000 0.003311 0.020827 -0.094079 23.055000
49.568359 2.255568 1.000000 0.003880 0.019975 -0.092306 23.160000
49.777550 2.237987 1.000000 0.002989 0.019977 -0.090876 23.264999
50.006634 2.218185 1.000000 0.000977 0.020559 -0.089644 23.379999
50.215759 2.199813 1.000000 -0.000878 0.019686 -0.088745 23.485001
50.424843 2.181367 1.000000 -0.002455 0.019676 -0.088021 23.590000
50.633926 2.163014 1.000000 -0.003442 0.019801 -0.087443 23.695000
50.843010 2.144856 1.000000 -0.003749 0.019674 -0.086980 23.799999
51.052094 2.127166 1.000000 -0.059556 0.018880 -0.043190 23.905001
51.261284 2.112579 1.000000 -0.010301 0.021534 -0.044397 24.010000
51.470619 2.099247 1.000000 -0.006362 0.020675 -0.045453 24.115000
51.680031 2.086568 1.000000 -0.008654 0.020833 -0.046294 24.219999
51.889515 2.074725 1.000000 -0.009571 0.020168 -0.046973 24.325001
52.099037 2.063799 1.000000 -0.008153 0.020593 -0.047516 24.430000
52.328587 2.052939 1.000000 -0.058728 0.019786 -0.007389 24.545000
52.538189 2.047303 1.000000 -0.009230 0.021029 0.008871 24.650000
52.747856 2.043100 1.000000 0.027741 0.017484 -0.011111 24.754999
52.956375 2.035361 1.000000 0.072512 -0.034704 -0.117137 24.860001
53.157803 2.020760 1.000000 0.066630 -0.090590 -0.207461 24.965000
53.363537 2.000143 1.000000 0.048351 -0.126410 -0.245449 25.080000
53.566425 1.976410 1.000000 -0.049209 -0.016106 -0.179429 25.205000
53.784336 1.956992 1.000000 -0.035215 0.150922 -0.067172 25.340000
53.987495 1.944261 1.000000 -0.009680 0.109391 0.021636 25.455000
54.221691 1.932859 1.000000 -0.023105 0.065471 0.117097 25.580000
54.423901 1.927078 1.000000 -0.055353 0.049719 0.194201 25.684999
54.628544 1.926458 1.000000 -0.058545 0.046395 0.212985 25.790001
54.844166 1.934198 1.000000 -0.125352 0.046674 0.290158 25.900000
55.048050 1.955899 1.000000 -0.143599 -0.001579 0.363858 26.004999
55.252880 1.993739 1.000000 -0.143461 -0.059914 0.437869 26.115000
55.447083 2.045691 1.000000 -0.028634 0.074030 0.387904 26.225000
55.662731 2.110003 1.000000 0.024392 0.064833 0.260223 26.344999
55.876095 2.170728 1.000000 0.036837 0.044726 0.152893 26.459999
56.112732 2.231794 1.000000 0.031169 0.035702 0.066451 26.584999
56.313915 2.279591 1.000000 0.014290 0.035144 0.078035 26.690001
56.516945 2.325667 1.000000 0.041556 0.031809 0.087705 26.795000
56.720539 2.367156 1.000000 0.065364 -0.033358 0.095457 26.900000
56.918682 2.401479 1.000000 0.028594 -0.096523 0.146847 27.004999
57.121838 2.433630 1.000000 -0.015976 -0.124682 0.255787 27.120001
57.329132 2.467038 1.000000 0.076430 0.103359 0.221877 27.245001
57.535473 2.492877 1.000000 0.031849 -0.043174 0.094294 27.365000
57.736469 2.513434 1.000000 0.006858 -0.054139 0.015830 27.485001
57.936222 2.533303 1.000000 0.015829 -0.026868 -0.053959 27.610001
58.137543 2.551332 1.000000 0.040441 -0.001750 -0.120093 27.740000
58.350861 2.563865 1.000000 0.066369 0.014330 -0.184579 27.879999
58.555107 2.565555 1.000000 0.045259 0.022172 -0.185504 28.014999
58.759426 2.558045 1.000000 0.054094 0.020298 -0.175357 28.150000
58.963459 2.540590 1.000000 0.050186 0.016201 -0.167637 28.285000
59.163914 2.514304 1.000000 0.037788 0.171380 -0.162030 28.415001
59.376778 2.479554 1.000000 0.019502 0.129976 -0.157895 28.540001
59.578159 2.443911 1.000000 0.000128 0.081479 -0.155032 28.650000
59.815922 2.401756 1.000000 -0.016561 0.049399 -0.152483 28.775000
60.029404 2.365732 1.000000 -0.023886 0.034157 -0.150736 28.885000
60.235222 2.333378 1.000000 -0.023493 0.027996 -0.149389 28.990000
60.442192 2.303095 1.000000 -0.018760 0.023808 -0.148320 29.094999
60.649815 2.274429 1.000000 -0.011634 0.021538 -0.147465 29.200001
60.857746 2.246631 1.000000 -0.003596 0.020737 -0.146782 29.305000
61.065788 2.218890 1.000000 0.002150 0.020507 -0.146230 29.410000
61.273819 2.190636 1.000000 0.004937 0.020090 -0.145784 29.514999
61.481743 2.161594 1.000000 0.005470 0.020080 -0.145433 29.620001
61.689568 2.131719 1.000000 0.003841 0.020143 -0.145154 29.725000
61.897297 2.101179 1.000000 0.001254 0.019679 -0.144932 29.830000
62.104946 2.070259 1.000000 -0.001639 0.019825 -0.144755 29.934999
62.312588 2.039259 1.000000 -0.003787 0.019481 -0.144612 30.040001
62.520245 2.008403 1.000000 -0.004999 0.019743 -0.144495 30.145000
62.728069 1.979469 1.000000 -0.087057 0.018302 -0.055111 30.250000
62.936176 1.959324 1.000000 -0.099532 0.023192 0.043780 30.355000
63.144356 1.948482 1.000000 -0.085702 0.027506 0.095895 30.459999
63.372528 1.944754 1.000000 -0.060509 0.028513 0.115258 30.575001
63.590694 1.949820 1.000000 -0.089963 0.031246 0.192301 30.684999
63.798035 1.966071 1.000000 -0.128012 0.033603 0.265913 30.790001
64.002663 1.996037 1.000000 -0.134392 -0.001330 0.350821 30.895000
64.199646 2.039065 1.000000 -0.125366 -0.058356 0.428381 31.000000
64.399963 2.096961 1.000000 -0.118734 -0.098597 0.507948 31.115000
64.600662 2.168706 1.000000 0.018961 -0.033358 0.382308 31.240000
64.810295 2.242817 1.000000 0.050764 -0.041058 0.174993 31.375000
65.012695 2.306023 1.000000 0.067185 -0.010611 0.007438 31.510000
65.211624 2.358082 1.000000 0.058418 0.015403 -0.045722 31.645000
65.418037 2.400334 1.000000 0.087463 0.029753 -0.105080 31.785000
65.618622 2.424699 1.000000 0.104435 0.034832 -0.163649 31.920000
65.820206 2.429737 1.000000 0.105924 0.034529 -0.226421 32.055000
66.021530 2.415117 1.000000 0.095529 0.031417 -0.290334 32.189999
66.221344 2.382783 1.000000 0.078891 0.026773 -0.353524 32.325001
66.418808 2.335696 1.000000 0.066767 0.023129 -0.417073 32.459999
66.612442 2.274785 1.000000 0.071729 0.182666 -0.480963 32.590000
66.807831 2.201850 1.000000 -0.013270 0.128664 -0.449451 32.709999
66.999413 2.128472 1.000000 0.027218 0.079994 -0.469485 32.820000
67.187462 2.052737 1.000000 0.032751 0.052712 -0.469138 32.924999
67.376755 1.971252 1.000000 0.033739 0.010196 -0.507275 33.029999
67.571587 1.882060 1.000000 0.024180 -0.007998 -0.500394 33.139999
67.753448 1.793615 1.000000 0.103661 0.044752 -0.576783 33.244999
67.965042 1.673913 1.000000 0.110193 0.046203 -0.682509 33.369999
68.153259 1.549051 1.000000 0.099734 0.039521 -0.771313 33.485001
68.318855 1.424359 1.000000 0.104188 0.037030 -0.850334 33.590000
68.477264 1.290027 1.000000 0.110297 0.036883 -0.926607 33.695000
68.627129 1.146106 1.000000 0.124362 0.039149 -1.002586 33.799999
68.766815 0.993176 1.000000 0.078443 -0.005843 -1.030260 33.904999
68.896957 0.837698 1.000000 0.066147 -0.070262 -1.018111 34.009998
69.026611 0.672305 1.000000 0.064062 -0.098379 -1.007622 34.125000
69.149345 0.507990 1.000000 -0.049143 -0.066383 -0.821420 34.244999
69.294937 0.325696 1.000000 -0.082816 -0.024384 -0.614194 34.389999
69.434860 0.172811 1.000000 -0.107234 0.013415 -0.458810 34.525002
69.584694 0.037974 1.000000 -0.135627 0.040720 -0.307975 34.660000
69.753845 -0.078789 1.000000 -0.117681 0.054611 -0.191765 34.799999
69.942749 -0.177291 1.000000 -0.106810 0.050844 -0.143075 34.945000
70.129036 -0.250352 1.000000 -0.108739 0.042828 -0.089594 35.080002
70.322823 -0.304926 1.000000 -0.063188 0.032036 -0.068704 35.215000
70.521301 -0.347348 1.000000 -0.076038 0.024784 -0.059790 35.349998
70.722778 -0.379299 1.000000 -0.030582 0.017103 -0.069904 35.485001
70.925690 -0.405641 1.000000 -0.013235 0.014638 -0.085249 35.619999
71.129532 -0.428975 1.000000 -0.005870 0.083448 -0.074394 35.755001
71.330635 -0.447834 1.000000 0.005556 0.162951 -0.053322 35.880001
71.534805 -0.466188 1.000000 0.014270 0.112172 -0.060108 35.994999
71.741371 -0.485553 1.000000 -0.024994 0.070503 -0.034609 36.105000
71.944359 -0.502865 1.000000 0.003036 0.047514 -0.042176 36.209999
72.150330 -0.519892 1.000000 -0.029609 0.034542 -0.012659 36.310001
72.357910 -0.534576 1.000000 -0.010026 0.028510 -0.017612 36.415001
72.566429 -0.548054 1.000000 -0.015249 0.025364 -0.021638 36.520000
72.775528 -0.559930 1.000000 -0.019098 0.023185 -0.024858 36.625000
73.004944 -0.570668 1.000000 -0.018000 0.021314 -0.027665 36.740002
73.214600 -0.578531 1.000000 -0.013118 0.020762 -0.029710 36.845001
73.424324 -0.585078 1.000000 -0.006707 0.020519 -0.031360 36.950001
73.654137 -0.591560 1.000000 0.000185 0.020635 -0.032791 37.064999
73.874016 -0.597810 1.000000 -0.029385 0.019517 -0.012387 37.174999
74.083725 -0.600256 1.000000 -0.042508 0.020622 0.066066 37.279999
74.293190 -0.598369 1.000000 0.003623 0.021057 0.059587 37.384998
74.502792 -0.596350 1.000000 -0.000447 0.022333 0.054285 37.490002
74.712517 -0.594074 1.000000 -0.008605 0.021583 0.050034 37.595001
74.922356 -0.590736 1.000000 -0.013677 0.020709 0.046616 37.700001
75.132080 -0.585841 1.000000 -0.014531 0.020016 0.043858 37.805000
75.341805 -0.579346 1.000000 -0.010877 0.020724 0.041666 37.910000
75.551529 -0.571625 1.000000 -0.005846 0.020746 0.039895 38.014999
75.761253 -0.563223 1.000000 -0.000454 0.020510 0.038483 38.119999
75.970978 -0.554694 1.000000 0.003556 0.020384 0.037340 38.224998
76.180702 -0.546467 1.000000 0.005862 0.020565 0.036425 38.330002
76.400414 -0.538437 1.000000 0.006314 0.020079 0.035657 38.439999
76.610138 -0.531379 1.000000 0.005214 0.020863 0.035064 38.544998
76.819862 -0.524797 1.000000 0.003403 0.020484 0.034590 38.650002
77.029587 -0.518502 1.000000 0.001467 0.020045 0.034210 38.755001
77.249298 -0.511991 1.000000 -0.000284 0.020435 0.033892 38.865002
77.488983 -0.504757 1.000000 -0.001325 0.020873 0.033619 38.985001
77.698708 -0.498203 1.000000 -0.001490 0.020303 0.033428 39.090000
77.908432 -0.491424 1.000000 -0.001124 0.019848 0.033276 39.195000
78.118156 -0.484464 1.000000 -0.000379 0.020020 0.033156 39.299999
78.327881 -0.477399 1.000000 0.000369 0.020927 0.033058 39.404999
78.537621 -0.470306 1.000000 0.000978 0.020910 0.032980 39.509998
78.737511 -0.463584 1.000000 0.001335 0.020573 0.032921 39.610001
78.937401 -0.456928 1.000000 0.001435 0.020432 0.032873 39.709999
79.147285 -0.450021 1.000000 0.001349 0.020012 0.032833 39.814999
79.357010 -0.443190 1.000000 0.001089 0.020188 0.032801 39.919998
79.586708 -0.435761 1.000000 0.000792 0.020302 0.032773 40.035000
79.796494 -0.428992 1.000000 0.000551 0.020290 0.032753 40.139999
80.006378 -0.422213 1.000000 0.000405 0.020204 0.032737 40.244999
80.216141 -0.415410 1.000000 0.000353 0.020266 0.032725 40.349998
80.425865 -0.408576 1.000000 0.000381 0.020367 0.032715 40.455002
80.635590 -0.401716 1.000000 0.000453 0.020949 0.032707 40.560001
80.865318 -0.394180 1.000000 0.000558 0.020949 0.032701 40.674999
81.075203 -0.387287 1.000000 0.000676 0.019874 0.032697 40.779999
81.284988 -0.380400 1.000000 0.000747 0.019558 0.032693 40.884998
81.494713 -0.373524 1.000000 0.000754 0.020144 0.032691 40.990002
81.704437 -0.366649 1.000000 -0.018030 0.019882 0.043511 41.095001
81.913841 -0.356370 1.000000 -0.085900 0.019601 0.149007 41.200001
82.121834 -0.336848 1.000000 -0.093780 0.024564 0.244047 41.305000
82.327850 -0.306888 1.000000 -0.095914 0.029236 0.329304 41.410000
82.531342 -0.265947 1.000000 -0.109067 0.034612 0.412707 41.514999
82.731483 -0.212762 1.000000 -0.122679 0.040142 0.490625 41.619999
82.936417 -0.142567 1.000000 -0.132397 0.043385 0.569998 41.730000
83.127136 -0.062233 1.000000 -0.062933 0.039791 0.574195 41.834999
83.315628 0.026266 1.000000 -0.058711 0.033351 0.562721 41.939999
83.501984 0.121622 1.000000 -0.057337 0.026597 0.553475 42.044998
83.677139 0.218243 1.000000 -0.046147 0.021618 0.546370 42.145000
83.850288 0.319259 1.000000 -0.026834 0.018953 0.540618 42.244999
84.022202 0.422921 1.000000 -0.007009 0.017584 0.535955 42.345001
84.193748 0.527483 1.000000 0.009608 0.016755 0.532172 42.445000
84.365715 0.631514 1.000000 0.020355 0.016193 0.529104 42.544998
84.538567 0.734108 1.000000 0.024560 0.015900 0.526605 42.645000
84.711601 0.836253 1.000000 -0.054587 0.014836 0.607303 42.744999
84.898239 0.953734 1.000000 -0.075385 0.017893 0.706991 42.855000
85.070946 1.072776 1.000000 -0.088627 0.022684 0.795031 42.959999
85.237083 1.199550 1.000000 -0.103696 0.029326 0.876490 43.064999
85.402382 1.341892 1.000000 -0.137641 -0.004995 0.976765 43.174999
85.544800 1.483169 1.000000 -0.186615 -0.107384 1.143285 43.279999
85.674850 1.635501 1.000000 -0.157875 -0.056234 1.208391 43.395000
85.790619 1.800929 1.000000 -0.146834 -0.006435 1.263638 43.520000
85.887344 1.977552 1.000000 -0.128224 0.014482 1.320633 43.650002
85.966286 2.167211 1.000000 -0.105421 0.021480 1.385313 43.785000
86.027481 2.362174 1.000000 -0.081966 0.021471 1.445576 43.919998
86.074600 2.560783 1.000000 -0.065259 0.019906 1.508605 44.055000
86.110199 2.761673 1.000000 -0.055396 0.018725 1.570911 44.189999
86.139610 2.972529 1.000000 -0.028250 0.142087 1.563776 44.330002
86.162918 3.178187 1.000000 -0.054951 0.156983 1.592719 44.455002
86.181709 3.404597 1.000000 -0.002486 0.096170 1.581230 44.580002
86.196564 3.604431 1.000000 -0.009591 0.062479 1.570855 44.685001
86.210335 3.808964 1.000000 -0.017768 0.042321 1.562512 44.790001
86.222237 4.015998 1.000000 -0.020225 0.032346 1.555768 44.895000
86.232071 4.224393 1.000000 -0.017552 0.026589 1.550347 45.000000
86.240181 4.433517 1.000000 -0.011109 0.023559 1.546014 45.105000
86.247200 4.643028 1.000000 -0.004242 0.021623 1.542547 45.209999
86.253868 4.852695 1.000000 0.001715 0.020702 1.539750 45.314999
86.260796 5.062409 1.000000 0.005564 0.020216 1.537520 45.419998
86.268776 5.282088 1.000000 0.006792 0.020353 1.535663 45.529999
86.277191 5.491761 1.000000 0.005716 0.020578 1.534242 45.634998
86.285973 5.701433 1.000000 -0.055928 0.019101 1.580049 45.740002
86.291740 5.930976 1.000000 -0.011930 0.020746 1.590378 45.855000
86.295418 6.160548 1.000000 -0.015727 0.021719 1.589715 45.970001
86.296959 6.380248 1.000000 -0.021409 0.021197 1.589216 46.080002
86.295975 6.590010 1.000000 -0.065986 0.020618 1.618503 46.185001
86.288055 6.799376 1.000000 -0.099641 0.022287 1.716445 46.290001
86.271500 7.007884 1.000000 -0.062443 0.024927 1.746862 46.395000
86.248131 7.215643 1.000000 -0.029972 0.022985 1.796044 46.500000
86.220703 7.422923 1.000000 0.002158 0.023263 1.784522 46.605000
86.192757 7.630448 1.000000 -0.006900 0.023057 1.775818 46.709999
86.163559 7.838068 1.000000 -0.017179 0.022261 1.768861 46.814999
86.132126 8.045550 1.000000 -0.020547 0.021444 1.763271 46.919998
86.098167 8.252768 1.000000 -0.017443 0.020317 1.758777 47.025002
86.058533 8.479373 1.000000 -0.009411 0.020040 1.754860 47.139999
86.022751 8.676226 1.000000 -0.001626 0.020107 1.752130 47.240002
85.986526 8.873036 1.000000 0.005022 0.020095 1.749908 47.340000
85.950508 9.069921 1.000000 0.009545 0.019732 1.748119 47.439999
85.915115 9.266926 1.000000 0.011466 0.019202 1.746660 47.540001
85.880554 9.464034 1.000000 0.010974 0.019361 1.745476 47.639999
85.846771 9.661247 1.000000 0.008710 0.019759 1.744518 47.740002
85.813538 9.858563 1.000000 0.005948 0.019734 1.743739 47.840000
85.780609 10.055932 1.000000 0.003274 0.019619 1.743108 47.939999
85.747726 10.253284 1.000000 0.001181 0.019595 1.742596 48.040001
85.714684 10.450597 1.000000 -0.000014 0.019970 1.742178 48.139999
85.681358 10.647884 1.000000 -0.000268 0.019930 1.741838 48.240002
85.647743 10.845145 1.000000 0.000186 0.019245 1.741561 48.340000
85.613899 11.042356 1.000000 0.001121 0.019566 1.741340 48.439999
85.579872 11.239531 1.000000 0.002095 0.019848 1.741158 48.540001
85.545845 11.436707 1.000000 0.002876 0.020074 1.741009 48.639999
85.511818 11.633906 1.000000 0.003439 0.019800 1.740889 48.740002
85.477791 11.831124 1.000000 0.003757 0.019606 1.740792 48.840000
85.443886 12.028350 1.000000 0.003810 0.019682 1.740712 48.939999
85.410057 12.225589 1.000000 0.003652 0.019642 1.740648 49.040001
85.376335 12.422817 1.000000 0.003310 0.019643 1.740596 49.139999
85.342613 12.620037 1.000000 0.003092 0.019164 1.740554 49.240002
85.308998 12.817228 1.000000 0.002862 0.018987 1.740519 49.340000
85.273750 13.024233 1.000000 0.002380 0.019784 1.740491 49.445000
85.240028 13.221373 1.000000 0.002337 0.019143 1.740468 49.544998
85.201248 13.448066 1.000000 0.002385 0.019758 1.740447 49.660000
85.165855 13.655053 1.000000 0.028315 0.020058 1.725554 49.764999
85.133972 13.862483 1.000000 0.083233 0.020433 1.628022 49.869999
85.109116 14.070442 1.000000 0.031248 0.022260 1.603864 49.974998
85.087502 14.278698 1.000000 0.041759 0.022564 1.572561 50.080002
85.069427 14.487225 1.000000 0.012582 0.023240 1.564063 50.185001
85.053200 14.696073 1.000000 0.013339 0.022920 1.573292 50.290001
85.038490 14.905207 1.000000 0.021395 0.022679 1.580749 50.395000
85.026077 15.114603 1.000000 0.024813 0.021781 1.586611 50.500000
85.016235 15.324208 1.000000 0.021597 0.020918 1.591339 50.605000
85.008598 15.533950 1.000000 0.014353 0.020905 1.595176 50.709999
85.002373 15.743792 1.000000 0.006170 0.020332 1.598263 50.814999
84.996712 15.953656 1.000000 -0.001748 0.020210 1.600715 50.919998
84.989845 16.183464 1.000000 -0.065696 0.018503 1.649896 51.035000
84.978477 16.392765 1.000000 -0.021537 0.021235 1.671980 51.139999
84.964149 16.601854 1.000000 -0.015935 0.021965 1.671558 51.244999
84.945320 16.840803 1.000000 -0.018709 0.021534 1.671177 51.365002
84.924591 17.069715 1.000000 -0.016691 0.020829 1.670891 51.480000
84.903488 17.278589 1.000000 -0.055812 0.020198 1.700250 51.584999
84.878578 17.487026 1.000000 -0.004164 0.020116 1.705038 51.689999
84.852722 17.695377 1.000000 0.011064 0.020168 1.700419 51.794998
84.828896 17.893953 1.000000 0.013967 0.020315 1.696874 51.895000
84.806168 18.092695 1.000000 0.012625 0.019932 1.694012 51.994999
84.784416 18.291557 1.000000 0.008892 0.020120 1.691709 52.095001
84.763290 18.490490 1.000000 0.005348 0.019529 1.689806 52.195000
84.742424 18.689426 1.000000 0.001608 0.019824 1.688269 52.294998
84.721481 18.888363 1.000000 -0.001086 0.020169 1.687035 52.395000
84.700256 19.087271 1.000000 -0.002221 0.020278 1.686026 52.494999
84.678604 19.286135 1.000000 -0.002233 0.020240 1.685198 52.595001
84.656555 19.484985 1.000000 -0.001286 0.019898 1.684536 52.695000
84.634193 19.683796 1.000000 0.000056 0.019968 1.683993 52.794998
84.611641 19.882580 1.000000 0.001441 0.019869 1.683550 52.895000
84.589058 20.081343 1.000000 0.002639 0.020111 1.683193 52.994999
84.566528 20.280088 1.000000 0.003417 0.019752 1.682903 53.095001
84.544456 20.478882 1.000000 0.061190 0.019448 1.638670 53.195000
84.527077 20.687866 1.000000 0.086689 0.021593 1.541753 53.299999
84.518997 20.896753 1.000000 0.086135 0.025106 1.453089 53.404999
84.520576 21.105078 1.000000 0.087082 0.028381 1.371319 53.509998
84.532463 21.312378 1.000000 0.104633 0.035141 1.291206 53.615002
84.556366 21.518034 1.000000 0.118070 0.040441 1.215402 53.720001
84.596123 21.730764 1.000000 0.131079 0.045038 1.138195 53.830002
84.650787 21.940250 1.000000 0.060101 0.040703 1.140341 53.939999
84.711349 22.139181 1.000000 0.051825 0.034012 1.154250 54.044998
84.778305 22.337227 1.000000 0.049259 0.027200 1.165387 54.150002
84.853165 22.532932 1.000000 0.120931 0.025627 1.080686 54.255001
84.962540 22.767771 1.000000 0.109187 0.027301 0.975242 54.384998
85.066833 22.960514 1.000000 0.015073 0.023710 0.978530 54.494999
85.169350 23.143578 1.000000 0.002531 0.021609 0.990959 54.599998
85.267967 23.317940 1.000000 0.007276 0.019629 0.999028 54.700001
85.367744 23.491995 1.000000 0.011058 0.018363 1.005579 54.799999
85.468887 23.665485 1.000000 0.011133 0.017435 1.010924 54.900002
85.571304 23.838345 1.000000 0.008320 0.016503 1.015290 55.000000
85.674324 24.010880 1.000000 -0.050768 0.013995 1.069614 55.099998
85.774948 24.184652 1.000000 -0.066079 0.016394 1.114073 55.200001
85.870293 24.360985 1.000000 -0.091596 0.018724 1.206357 55.299999
85.959854 24.539856 1.000000 -0.011560 0.020037 1.196192 55.400002
86.047958 24.719606 1.000000 -0.071285 0.020718 1.232848 55.500000
86.134171 24.910912 1.000000 -0.059739 0.023096 1.287669 55.605000
86.214081 25.104731 1.000000 -0.038079 0.024159 1.279490 55.709999
86.289856 25.300493 1.000000 -0.097037 0.023522 1.314675 55.814999
86.357895 25.498960 1.000000 -0.074305 0.023498 1.340156 55.919998
86.424820 25.718771 1.000000 -0.026718 0.021883 1.329471 56.035000
86.483162 25.920536 1.000000 -0.016934 0.020807 1.322414 56.139999
86.536102 26.113550 1.000000 -0.086706 0.021446 1.390903 56.240002
86.583481 26.317926 1.000000 -0.088726 0.023156 1.476906 56.345001
86.621391 26.523628 1.000000 -0.088182 0.026030 1.559015 56.450001
86.652061 26.730150 1.000000 -0.015897 0.025803 1.552557 56.555000
86.680420 26.937355 1.000000 -0.027826 0.026517 1.543303 56.660000
86.705742 27.145317 1.000000 -0.042903 0.024539 1.535822 56.764999
86.726570 27.353937 1.000000 -0.046662 0.023354 1.529791 56.869999
86.742538 27.563063 1.000000 -0.040541 0.020942 1.524976 56.974998
86.754356 27.772465 1.000000 -0.024504 0.020839 1.521116 57.080002
86.764572 28.001999 1.000000 -0.006968 0.020867 1.517758 57.195000
86.773247 28.211660 1.000000 0.005354 0.020427 1.515300 57.299999
86.782631 28.421286 1.000000 0.013610 0.020715 1.513338 57.404999
86.793587 28.630844 1.000000 0.015993 0.020324 1.511750 57.509998
86.806343 28.840294 1.000000 0.013634 0.020097 1.510482 57.615002
86.820656 29.049637 1.000000 0.008128 0.020525 1.509465 57.720001
86.837402 29.278885 1.000000 0.001551 0.020346 1.508583 57.834999
86.853020 29.488209 1.000000 -0.003381 0.020630 1.507936 57.939999
86.868408 29.697582 1.000000 -0.006387 0.020049 1.507415 58.044998
86.884613 29.926939 1.000000 -0.007409 0.020037 1.506963 58.160000
86.900047 30.156330 1.000000 -0.006427 0.020096 1.506608 58.275002
86.913559 30.365814 1.000000 -0.004492 0.020401 1.506348 58.380001
86.926743 30.575302 1.000000 -0.002536 0.019697 1.506140 58.485001
86.937195 30.784761 1.000000 -0.037483 0.020195 1.578775 58.590000
86.943611 30.994186 1.000000 -0.006867 0.021213 1.575932 58.695000
86.949059 31.203714 1.000000 -0.008980 0.021949 1.573647 58.799999
86.953514 31.413382 1.000000 -0.012346 0.021587 1.571795 58.904999
86.956642 31.623142 1.000000 -0.012934 0.020523 1.570312 59.009998
86.958397 31.832918 1.000000 -0.010353 0.020388 1.569120 59.115002
86.959076 32.042698 1.000000 -0.005848 0.020884 1.568157 59.220001
86.959160 32.252510 1.000000 -0.001257 0.020754 1.567387 59.325001
86.959122 32.482384 1.000000 0.002423 0.020310 1.566713 59.439999
86.959335 32.692268 1.000000 0.004298 0.020548 1.566223 59.544998
86.960022 32.902149 1.000000 0.004745 0.019766 1.565832 59.650002
86.961418 33.141968 1.000000 0.003678 0.020071 1.565478 59.770000
86.963242 33.371754 1.000000 0.001902 0.020122 1.565212 59.884998
86.965141 33.581558 1.000000 0.000096 0.020786 1.565021 59.990002
86.967064 33.791363 1.000000 -0.001153 0.020370 1.564868 60.095001
86.968857 34.001167 1.000000 -0.001821 0.020275 1.564743 60.200001
86.970482 34.210972 1.000000 -0.001882 0.020895 1.564644 60.305000
86.971909 34.420834 1.000000 -0.001524 0.020667 1.564564 60.410000
86.973312 34.650707 1.000000 -0.000874 0.020833 1.564494 60.525002
86.974487 34.860649 1.000000 -0.000293 0.020129 1.564444 60.630001
86.975609 35.070534 1.000000 0.000289 0.020317 1.564403 60.735001
86.976860 35.280418 1.000000 0.000551 0.019987 1.564370 60.840000
86.978142 35.490303 1.000000 0.000528 0.020132 1.564343 60.945000
86.979507 35.700188 1.000000 0.000428 0.020616 1.564322 61.049999
86.980949 35.910053 1.000000 0.000134 0.019897 1.564305 61.154999
86.982529 36.139889 1.000000 -0.000138 0.020331 1.564291 61.270000
86.983971 36.349770 1.000000 -0.000282 0.019999 1.564280 61.375000
86.985413 36.559574 1.000000 -0.000368 0.019995 1.564271 61.480000
86.986855 36.769382 1.000000 -0.000397 0.021206 1.564264 61.584999
86.988297 36.979267 1.000000 -0.000443 0.019964 1.564259 61.689999
86.989578 37.189152 1.000000 -0.000299 0.020235 1.564254 61.794998
86.990860 37.399036 1.000000 -0.000056 0.020848 1.564250 61.900002
86.992142 37.608921 1.000000 0.000114 0.020427 1.564248 62.005001
86.993530 37.818806 1.000000 0.000161 0.020311 1.564245 62.110001
86.994972 38.028690 1.000000 -0.000038 0.020722 1.564243 62.215000
86.996414 38.238575 1.000000 -0.000211 0.020761 1.564240 62.320000
86.997856 38.448528 1.000000 -0.000322 0.020419 1.564240 62.424999
86.998154 38.668427 1.000000 -0.024653 0.019570 1.607018 62.535000
86.995735 38.878159 1.000000 -0.004832 0.020886 1.605571 62.639999
86.992599 39.087963 1.000000 -0.005936 0.020559 1.604413 62.744999
86.988724 39.297768 1.000000 -0.008333 0.020491 1.603476 62.849998
86.983910 39.507572 1.000000 -0.008556 0.020523 1.602718 62.955002
86.977242 39.747406 1.000000 -0.006160 0.020747 1.602038 63.075001
86.970627 39.957275 1.000000 -0.003103 0.020534 1.601568 63.180000
86.963623 40.167107 1.000000 -0.000190 0.019914 1.601190 63.285000
86.956238 40.386902 1.000000 0.002335 0.020337 1.600872 63.395000
86.949379 40.596706 1.000000 0.003667 0.020533 1.600629 63.500000
86.942841 40.806511 1.000000 0.003945 0.020275 1.600434 63.605000
86.936653 41.016365 1.000000 0.003270 0.020617 1.600279 63.709999
86.930748 41.226250 1.000000 0.002197 0.020754 1.600155 63.814999
86.924980 41.436134 1.000000 0.001089 0.020451 1.600054 63.919998
86.918800 41.666008 1.000000 0.000049 0.020137 1.599966 64.035004
86.913033 41.875893 1.000000 -0.000482 0.020076 1.599902 64.139999
86.907181 42.085777 1.000000 -0.000645 0.020267 1.599851 64.245003
86.901207 42.295662 1.000000 -0.000491 0.019970 1.599810 64.349998
86.894539 42.525536 1.000000 -0.000060 0.020255 1.599774 64.464996
86.888077 42.745415 1.000000 0.000312 0.019837 1.599746 64.574997
86.881828 42.955219 1.000000 0.000766 0.020525 1.599725 64.680000
86.875648 43.165024 1.000000 0.001077 0.020655 1.599708 64.785004
86.869560 43.374870 1.000000 0.001061 0.020266 1.599695 64.889999
86.863472 43.584728 1.000000 0.000954 0.019877 1.599684 64.995003
86.857384 43.794533 1.000000 0.000891 0.019523 1.599675 65.099998
86.851456 44.004261 1.000000 0.000673 0.020231 1.599668 65.205002
86.845528 44.213985 1.000000 0.000390 0.020294 1.599663 65.309998
86.839539 44.423710 1.000000 0.000212 0.020579 1.599658 65.415001
86.833450 44.633434 1.000000 0.000325 0.020118 1.599655 65.519997
86.826782 44.863132 1.000000 0.000507 0.020794 1.599652 65.635002
86.820694 45.072876 1.000000 0.000624 0.020469 1.599649 65.739998
86.814606 45.282627 1.000000 0.000679 0.020415 1.599647 65.845001
86.808517 45.492352 1.000000 0.000716 0.020381 1.599644 65.949997
86.801849 45.722103 1.000000 0.000726 0.020668 1.599644 66.065002
86.795761 45.931908 1.000000 0.000734 0.020450 1.599644 66.169998
86.788635 46.181675 1.000000 0.000685 0.020180 1.599644 66.294998
86.782707 46.391479 1.000000 0.000414 0.020219 1.599644 66.400002
86.776688 46.601280 1.000000 0.000245 0.019921 1.599644 66.504997
86.770599 46.811005 1.000000 0.000377 0.020518 1.599644 66.610001
86.764511 47.020794 1.000000 0.000526 0.020758 1.599644 66.714996
86.758423 47.230618 1.000000 0.000625 0.020486 1.599644 66.820000
86.752335 47.440456 1.000000 0.000690 0.019899 1.599644 66.925003
86.745956 47.660252 1.000000 0.000710 0.020335 1.599644 67.035004
86.739868 47.870056 1.000000 0.000716 0.020724 1.599644 67.139999
86.733780 48.079861 1.000000 0.000732 0.020407 1.599644 67.245003
86.727844 48.289665 1.000000 0.000619 0.019907 1.599644 67.349998
86.721916 48.499458 1.000000 0.000366 0.020732 1.599644 67.455002
86.715858 48.709240 1.000000 0.000274 0.020109 1.599644 67.559998
86.708611 48.958984 1.000000 0.000438 0.020917 1.599644 67.684998
86.702232 49.178780 1.000000 0.000584 0.020129 1.599644 67.794998
86.696144 49.388584 1.000000 0.000665 0.019754 1.599644 67.900002
86.690056 49.598351 1.000000 0.000702 0.020283 1.599644 68.004997
86.683968 49.808109 1.000000 0.000704 0.020823 1.599644 68.110001
86.677101 50.017845 1.000000 -0.069654 0.019395 1.663866 68.214996
86.663368 50.226791 1.000000 -0.085549 0.022109 1.760494 68.320000
86.636017 50.463657 1.000000 -0.088090 0.026581 1.860461 68.440002
86.602478 50.669094 1.000000 -0.070689 0.029930 1.902499 68.544998
86.562645 50.873623 1.000000 -0.026296 0.029153 1.891624 68.650002
86.510010 51.116909 1.000000 -0.040061 0.026199 1.881483 68.775002
86.460587 51.320580 1.000000 -0.044567 0.023521 1.874762 68.879997
86.406052 51.523209 1.000000 -0.037955 0.021072 1.869388 68.985001
86.350159 51.715260 1.000000 -0.024067 0.020081 1.865235 69.084999
86.291672 51.906719 1.000000 -0.047921 0.019086 1.888207 69.184998
86.228348 52.096588 1.000000 -0.082467 0.019511 1.982488 69.285004
86.151672 52.302696 1.000000 0.003807 0.019395 1.982198 69.394997
86.081177 52.489937 1.000000 0.009536 0.019958 1.975908 69.495003
86.010941 52.677509 1.000000 0.002114 0.018839 1.971637 69.595001
85.940308 52.865074 1.000000 -0.006559 0.018152 1.968169 69.695000
85.868607 53.052296 1.000000 -0.011494 0.018236 1.965358 69.794998
85.795441 53.239006 1.000000 -0.011559 0.018565 1.963093 69.894997
85.720871 53.425217 1.000000 -0.008373 0.017449 1.961249 69.995003
85.644981 53.610920 1.000000 -0.058297 0.016788 1.999072 70.095001
85.565475 53.795006 1.000000 -0.061786 0.019362 2.046464 70.195000
85.480484 53.976460 1.000000 -0.064856 0.018770 2.126964 70.294998
85.384781 54.163315 1.000000 -0.063398 0.019677 2.207048 70.400002
85.282547 54.345985 1.000000 -0.075423 0.023469 2.284886 70.504997
85.172768 54.523418 1.000000 -0.096568 0.029781 2.360190 70.610001
85.053719 54.693966 1.000000 -0.090157 0.035899 2.417038 70.714996
84.926262 54.858643 1.000000 -0.087542 0.036372 2.416812 70.820000
84.790619 55.017517 1.000000 -0.074662 0.032521 2.426838 70.925003
84.633873 55.185444 1.000000 -0.054703 0.025038 2.403624 71.040001
84.492737 55.327831 1.000000 -0.043164 0.020404 2.390201 71.139999
84.320435 55.490177 1.000000 -0.136139 -0.135444 2.586757 71.260002
84.147469 55.633347 1.000000 -0.112798 -0.091483 2.692158 71.385002
83.980377 55.753616 1.000000 -0.113679 -0.030989 2.766556 71.510002
83.805870 55.858967 1.000000 -0.110085 0.003089 2.835882 71.639999
83.620071 55.949612 1.000000 -0.098149 0.016818 2.904174 71.775002
83.429108 56.023582 1.000000 -0.083211 0.020098 2.968143 71.910004
83.234062 56.084557 1.000000 -0.029350 0.017706 2.965352 72.044998
83.014702 56.145523 1.000000 -0.060040 0.016084 2.987552 72.195000
82.813217 56.193264 1.000000 -0.017556 0.154779 2.984792 72.330002
82.616211 56.235401 1.000000 -0.016599 0.148945 2.977903 72.449997
82.409782 56.275700 1.000000 -0.061146 0.094680 3.021559 72.565002
82.211685 56.306931 1.000000 -0.086886 0.062382 3.093031 72.669998
82.008453 56.329395 1.000000 -0.085592 0.045290 -3.105786 72.775002
81.802742 56.342403 1.000000 -0.088272 0.038789 -3.023891 72.879997
81.596115 56.345428 1.000000 -0.097370 0.038224 -2.945284 72.985001
81.379608 56.337353 1.000000 -0.043205 0.037006 -2.928647 73.095001
81.172379 56.323135 1.000000 -0.045916 0.034370 -2.939432 73.199997
80.964737 56.303185 1.000000 -0.060213 0.030418 -2.946650 73.305000
80.757286 56.276329 1.000000 -0.059717 0.025704 -2.952444 73.410004
80.530807 56.239342 1.000000 -0.041641 0.022410 -2.957454 73.525002
80.314827 56.198593 1.000000 -0.019084 0.020991 -2.961275 73.635002
80.099083 56.155724 1.000000 0.062723 0.018638 -3.015122 73.745003
79.892616 56.119045 1.000000 0.022357 0.021213 -3.030899 73.849998
79.685555 56.087505 1.000000 0.102220 0.023324 -3.125686 73.955002
79.438408 56.064152 1.000000 0.111621 0.029599 3.051836 74.080002
79.230812 56.058033 1.000000 0.075836 0.033278 2.996294 74.184998
79.013023 56.060673 1.000000 0.032673 0.031451 3.011454 74.294998
78.804451 56.067558 1.000000 0.037252 0.027700 3.020918 74.400002
78.595558 56.078800 1.000000 0.038273 0.025799 3.028552 74.504997
78.386635 56.094341 1.000000 0.031352 0.022758 3.034685 74.610001
78.177711 56.113342 1.000000 0.017855 0.021798 3.039597 74.714996
77.968880 56.134403 1.000000 0.003744 0.020837 3.043542 74.820000
77.740105 56.158104 1.000000 -0.008655 0.020562 3.046975 74.934998
77.541069 56.178043 1.000000 -0.014777 0.020409 3.049347 75.035004
77.341881 56.196739 1.000000 -0.016329 0.020092 3.051272 75.135002
77.142601 56.214016 1.000000 -0.014528 0.019551 3.052845 75.235001
76.933357 56.230812 1.000000 -0.010137 0.019710 3.054177 75.339996
76.724113 56.246704 1.000000 -0.005000 0.019955 3.055250 75.445000
76.514763 56.262253 1.000000 -0.000318 0.020413 3.056111 75.550003
76.305405 56.277931 1.000000 0.002601 0.020307 3.056807 75.654999
76.066177 56.296410 1.000000 0.003838 0.020863 3.057430 75.775002
75.856773 56.313198 1.000000 0.003287 0.020669 3.057865 75.879997
75.657356 56.329659 1.000000 0.001951 0.019744 3.058198 75.980003
75.448112 56.347294 1.000000 0.000022 0.020428 3.058481 76.084999
75.238869 56.365078 1.000000 -0.001773 0.020211 3.058709 76.190002
75.029625 56.382843 1.000000 -0.002898 0.019939 3.058893 76.294998
74.820381 56.400463 1.000000 -0.003541 0.019460 3.059040 76.400002
74.611137 56.417862 1.000000 -0.003441 0.020861 3.059159 76.504997
74.401894 56.435070 1.000000 -0.003032 0.020610 3.059253 76.610001
74.202499 56.451313 1.000000 -0.002333 0.020622 3.059324 76.709999
74.003067 56.467487 1.000000 -0.001692 0.019729 3.059383 76.809998
73.803696 56.483662 1.000000 -0.001190 0.019390 3.059432 76.910004
73.594452 56.500660 1.000000 -0.000814 0.020378 3.059473 77.014999
73.385208 56.517738 1.000000 -0.000759 0.020442 3.059506 77.120003
73.175964 56.534897 1.000000 -0.000941 0.020572 3.059530 77.224998
72.966721 56.552120 1.000000 -0.001216 0.019998 3.059551 77.330002
72.757477 56.569374 1.000000 -0.001407 0.020510 3.059567 77.434998
72.548233 56.586678 1.000000 -0.001669 0.019713 3.059581 77.540001
72.338989 56.603905 1.000000 -0.001783 0.020366 3.059592 77.644997
72.129745 56.621128 1.000000 -0.001802 0.020088 3.059600 77.750000
71.920479 56.638351 1.000000 -0.001743 0.020463 3.059605 77.855003
71.711197 56.655518 1.000000 -0.001644 0.020005 3.059612 77.959999
71.472008 56.675110 1.000000 -0.001534 0.020002 3.059618 78.080002
71.262726 56.690838 1.000000 -0.030556 0.019324 3.112295 78.184998
71.053368 56.703285 1.000000 -0.016740 0.021577 3.113575 78.290001
70.843857 56.713856 1.000000 -0.021039 0.021119 3.114554 78.394997
70.634178 56.722225 1.000000 -0.022577 0.020717 3.115341 78.500000
70.424400 56.728275 1.000000 -0.018768 0.021101 3.115970 78.605003
70.214516 56.732063 1.000000 -0.063156 0.018439 -3.123335 78.709999
70.004784 56.731644 1.000000 -0.012190 0.020702 -3.124495 78.815002
69.795059 56.729675 1.000000 -0.003199 0.020836 -3.125420 78.919998
