3.717097 1.500000 1.000000 0.000000 0.319618 0.000000 0.000000
3.918254 1.500000 1.000000 0.000000 0.253180 0.000000 0.145000
4.122898 1.500000 1.000000 0.000000 0.143349 0.000000 0.265000
4.326853 1.500000 1.000000 0.000000 0.084711 0.000000 0.375000
4.529080 1.500000 1.000000 0.000000 0.053462 0.000000 0.480000
4.735078 1.500000 1.000000 0.000000 0.038121 0.000000 0.585000
4.972857 1.500000 1.000000 0.000000 0.027599 0.000000 0.705000
5.181869 1.500000 1.000000 0.000000 0.024476 0.000000 0.810000
5.401288 1.500077 1.000000 -0.040492 0.020771 0.027016 0.920000
5.610602 1.504459 1.000000 -0.035220 0.022173 0.091285 1.025000
5.819602 1.514151 1.000000 -0.081307 0.022662 0.158998 1.130000
6.027794 1.531259 1.000000 -0.029905 0.025563 0.182741 1.235000
6.235810 1.552688 1.000000 -0.027954 0.025501 0.179252 1.340000
6.443782 1.577659 1.000000 -0.036308 0.023998 0.176446 1.445000
6.651426 1.606857 1.000000 -0.037176 0.021494 0.174199 1.550000
6.858536 1.640252 1.000000 -0.028687 0.020533 0.172377 1.655000
7.065208 1.676888 1.000000 -0.014617 0.020397 0.170918 1.760000
7.271703 1.715286 1.000000 -0.000661 0.019997 0.169753 1.865000
7.488042 1.755863 1.000000 0.009918 0.019506 0.168773 1.975000
7.694690 1.793835 1.000000 0.015445 0.019914 0.168020 2.080000
7.891730 1.828767 1.000000 0.016881 0.019514 0.167435 2.180000
8.089008 1.862375 1.000000 0.014638 0.019555 0.166969 2.280000
8.286468 1.894854 1.000000 0.010971 0.019207 0.166589 2.380000
8.484023 1.926562 1.000000 0.005997 0.019845 0.166278 2.480000
8.681636 1.957964 1.000000 0.001902 0.019736 0.166026 2.580000
8.879248 1.989456 1.000000 -0.000822 0.019770 0.165819 2.680000
9.076797 2.021294 1.000000 -0.002155 0.019340 0.165653 2.780000
9.284272 2.053292 1.000000 0.049939 0.018998 0.090834 2.885000
9.492144 2.079705 1.000000 0.057038 0.021582 0.043099 2.990000
9.700450 2.100227 1.000000 0.052897 0.023224 0.016482 3.095000
9.939066 2.117095 1.000000 0.047461 0.023738 0.012836 3.215000
10.148322 2.126357 1.000000 0.051330 0.022914 0.010320 3.320000
10.357902 2.130189 1.000000 0.045224 0.021335 0.008293 3.425000
10.567627 2.129277 1.000000 0.031341 0.020647 0.006665 3.530000
10.777371 2.125093 1.000000 0.014713 0.020185 0.005356 3.635000
10.987106 2.119449 1.000000 -0.001997 0.020577 0.004303 3.740000
11.196856 2.114082 1.000000 -0.013793 0.020941 0.003461 3.845000
11.406641 2.110209 1.000000 -0.018893 0.020811 0.002785 3.950000
11.616438 2.108350 1.000000 -0.017905 0.020596 0.002244 4.055000
11.826234 2.108393 1.000000 -0.012891 0.020683 0.001808 4.160000
12.036028 2.109812 1.000000 -0.006447 0.020376 0.001455 4.265000
12.245800 2.111917 1.000000 0.000035 0.020428 0.001171 4.370000
12.465559 2.114114 1.000000 0.005087 0.020271 0.000935 4.480000
12.675336 2.115673 1.000000 0.007237 0.020368 0.000754 4.585000
12.915109 2.116523 1.000000 0.006897 0.020487 0.000591 4.705000
13.144917 2.116451 1.000000 0.004779 0.020363 0.000468 4.820000
13.354741 2.115854 1.000000 0.002104 0.020849 0.000378 4.925000
13.564584 2.115040 1.000000 -0.000264 0.020465 0.000307 5.030000
13.784421 2.114231 1.000000 -0.002023 0.020237 0.000247 5.140000
13.994256 2.113680 1.000000 -0.002716 0.020712 0.000201 5.245000
14.204091 2.113417 1.000000 -0.002575 0.020462 0.000165 5.350000
14.413916 2.113429 1.000000 -0.001924 0.020233 0.000135 5.455000
14.623754 2.113637 1.000000 -0.000873 0.020720 0.000111 5.560000
14.843610 2.113953 1.000000 0.000064 0.020594 0.000092 5.670000
15.053471 2.114250 1.000000 0.000691 0.020168 0.000076 5.775000
15.263325 2.114474 1.000000 0.001001 0.020664 0.000064 5.880000
15.473221 2.114593 1.000000 0.000981 0.020593 0.000054 5.985000
15.683140 2.114608 1.000000 0.000756 0.020284 0.000046 6.090000
15.893078 2.114545 1.000000 0.000423 0.019764 0.000040 6.195000
16.102985 2.114440 1.000000 0.000074 0.019667 0.000035 6.300000
16.332832 2.114318 1.000000 -0.000232 0.020596 0.000031 6.415000
16.542702 2.114233 1.000000 -0.000372 0.020156 0.000027 6.520000
16.762539 2.114186 1.000000 -0.000381 0.020023 0.000025 6.630000
16.982361 2.114183 1.000000 -0.000297 0.019986 0.000023 6.740000
17.192165 2.114211 1.000000 -0.000161 0.020884 0.000021 6.845000
17.402002 2.114256 1.000000 -0.000021 0.020907 0.000020 6.950000
17.611847 2.114302 1.000000 0.000083 0.020429 0.000019 7.055000
17.821726 2.114340 1.000000 0.000141 0.020765 0.000018 7.160000
18.031610 2.114362 1.000000 0.000144 0.020662 0.000017 7.265000
18.271503 2.114369 1.000000 0.000107 0.020624 0.000016 7.385000
18.481424 2.114363 1.000000 0.000062 0.019980 0.000016 7.490000
18.691338 2.114350 1.000000 0.000007 0.020728 0.000016 7.595000
18.901262 2.114335 1.000000 -0.000030 0.020141 0.000015 7.700000
19.131180 2.114325 1.000000 -0.000054 0.020010 0.000015 7.815000
19.361067 2.114321 1.000000 -0.000054 0.020638 0.000015 7.930000
19.570951 2.114324 1.000000 -0.000041 0.020394 0.000015 8.035000
19.780836 2.114331 1.000000 -0.000021 0.020675 0.000015 8.140000
19.990755 2.114341 1.000000 -0.000001 0.020456 0.000015 8.245000
20.200657 2.114351 1.000000 0.000015 0.020606 0.000015 8.350000
20.410561 2.114358 1.000000 0.000023 0.020308 0.000015 8.455000
20.650463 2.114364 1.000000 0.000020 0.020584 0.000014 8.575000
20.860415 2.114367 1.000000 0.000016 0.020093 0.000014 8.680000
21.070349 2.114367 1.000000 0.000006 0.020005 0.000014 8.785000
21.280270 2.114367 1.000000 -0.000002 0.020164 0.000014 8.890000
21.510176 2.114367 1.000000 -0.000009 0.020429 0.000014 9.005000
21.720100 2.114367 1.000000 -0.000011 0.020401 0.000014 9.110000
21.930025 2.114372 1.000000 -0.000009 0.020582 0.000014 9.215000
22.139977 2.114377 1.000000 -0.000002 0.020474 0.000014 9.320000
22.349913 2.114382 1.000000 0.000003 0.020676 0.000014 9.425000
22.559874 2.114387 1.000000 0.000006 0.020772 0.000014 9.530000
22.769823 2.114392 1.000000 0.000008 0.020339 0.000014 9.635000
22.979748 2.114393 1.000000 0.000007 0.020570 0.000014 9.740000
23.189672 2.114393 1.000000 -0.000001 0.020255 0.000014 9.845000
23.399597 2.114393 1.000000 -0.000006 0.020429 0.000014 9.950000
23.609522 2.114396 1.000000 -0.000009 0.020724 0.000014 10.055000
23.819462 2.114401 1.000000 -0.000003 0.020570 0.000014 10.160000
24.039425 2.114406 1.000000 0.000003 0.020264 0.000014 10.270000
24.259388 2.114412 1.000000 0.000006 0.020262 0.000014 10.380000
24.469341 2.114416 1.000000 0.000008 0.020444 0.000014 10.485000
24.679300 2.114416 1.000000 0.000005 0.020542 0.000014 10.590000
24.919291 2.114416 1.000000 -0.000004 0.019805 0.000014 10.710000
25.129238 2.114417 1.000000 -0.000009 0.020402 0.000014 10.815000
25.339170 2.114422 1.000000 -0.000006 0.019984 0.000014 10.915000
25.549095 2.114427 1.000000 -0.000000 0.020492 0.000014 11.020000
25.759020 2.114432 1.000000 0.000004 0.021026 0.000014 11.125000
25.968981 2.114437 1.000000 0.000007 0.020669 0.000014 11.230000
26.178972 2.114440 1.000000 0.000008 0.019909 0.000014 11.335000
26.388912 2.114440 1.000000 0.000002 0.019741 0.000014 11.440000
26.598797 2.114440 1.000000 -0.000005 0.020730 0.000014 11.545000
26.808681 2.114441 1.000000 -0.000009 0.020565 0.000014 11.650000
27.018566 2.114446 1.000000 -0.000006 0.020265 0.000014 11.755000
27.228445 2.114451 1.000000 0.000000 0.020829 0.000014 11.860000
27.438330 2.114456 1.000000 0.000005 0.020582 0.000014 11.965000
27.648214 2.114461 1.000000 0.000007 0.020275 0.000014 12.070000
27.858080 2.114464 1.000000 0.000008 0.020197 0.000014 12.175000
28.067947 2.114464 1.000000 0.000001 0.020825 0.000014 12.280000
28.277880 2.114464 1.000000 -0.000005 0.020726 0.000014 12.385000
28.487865 2.114465 1.000000 -0.000010 0.019929 0.000014 12.490000
28.727840 2.114471 1.000000 -0.000004 0.020339 0.000014 12.610000
28.937805 2.114476 1.000000 0.000001 0.019993 0.000014 12.715000
29.147734 2.114481 1.000000 0.000005 0.020729 0.000014 12.820000
29.357664 2.114486 1.000000 0.000007 0.020903 0.000014 12.925000
29.567629 2.114488 1.000000 0.000008 0.020893 0.000014 13.030000
29.777594 2.114488 1.000000 0.000001 0.020813 0.000014 13.135000
29.977598 2.114488 1.000000 -0.000005 0.020795 0.000014 13.235000
30.177603 2.114489 1.000000 -0.000009 0.020034 0.000014 13.335000
30.377607 2.114494 1.000000 -0.000006 0.020468 0.000014 13.435000
30.587587 2.114499 1.000000 0.000000 0.020407 0.000014 13.540000
30.797552 2.114504 1.000000 0.000005 0.020612 0.000014 13.645000
31.007496 2.114509 1.000000 0.000007 0.020294 0.000014 13.750000
31.217407 2.114512 1.000000 0.000008 0.019713 0.000014 13.855000
31.457253 2.114512 1.000000 -0.000000 0.020497 0.000014 13.975000
31.667137 2.114512 1.000000 -0.000006 0.020476 0.000014 14.080000
31.877022 2.114514 1.000000 -0.000009 0.020107 0.000014 14.185000
32.086864 2.114519 1.000000 -0.000004 0.019599 0.000014 14.290000
32.296669 2.114524 1.000000 0.000002 0.020670 0.000014 14.395000
32.526455 2.114529 1.000000 0.000006 0.020417 0.000014 14.510000
32.756241 2.114535 1.000000 0.000008 0.020989 0.000014 14.625000
32.966125 2.114536 1.000000 0.000007 0.019860 0.000014 14.730000
33.175968 2.114536 1.000000 -0.000001 0.019758 0.000014 14.835000
33.385773 2.114536 1.000000 -0.000007 0.020866 0.000014 14.940000
33.595577 2.114539 1.000000 -0.000009 0.020213 0.000014 15.045000
33.805382 2.114544 1.000000 -0.000003 0.020082 0.000014 15.150000
34.015064 2.116614 1.000000 -0.044388 0.019479 0.074442 15.255000
34.224426 2.122472 1.000000 0.017289 0.020587 0.062255 15.360000
34.463848 2.127329 1.000000 0.023776 0.020518 0.051101 15.480000
34.673515 2.129046 1.000000 0.017096 0.020300 0.043351 15.585000
34.913254 2.129010 1.000000 0.006040 0.020721 0.036328 15.705000
35.123108 2.128366 1.000000 -0.002355 0.020802 0.031512 15.810000
35.332993 2.128068 1.000000 -0.007791 0.020268 0.027640 15.915000
35.542877 2.128663 1.000000 -0.009749 0.020691 0.024580 16.020000
35.752762 2.130338 1.000000 -0.008655 0.020490 0.022117 16.125000
35.972641 2.133112 1.000000 -0.005954 0.019795 0.020032 16.235001
36.182457 2.136440 1.000000 -0.002417 0.020697 0.018409 16.340000
36.392262 2.140050 1.000000 0.000686 0.019988 0.017104 16.445000
36.602066 2.143604 1.000000 0.003113 0.020231 0.016061 16.549999
36.811871 2.146857 1.000000 0.004132 0.020344 0.015225 16.655001
37.021675 2.149704 1.000000 0.003858 0.021030 0.014554 16.760000
37.241470 2.152281 1.000000 0.002864 0.020582 0.013986 16.870001
37.451305 2.154455 1.000000 0.001520 0.020349 0.013554 16.975000
37.661110 2.156496 1.000000 0.000209 0.020419 0.013206 17.080000
37.870953 2.158544 1.000000 -0.000760 0.021093 0.012925 17.184999
38.080837 2.160701 1.000000 -0.001207 0.020368 0.012701 17.290001
38.300484 2.166111 1.000000 -0.086654 0.019935 0.120032 17.400000
38.528782 2.182476 1.000000 -0.052292 0.022952 0.201681 17.514999
38.746258 2.205045 1.000000 -0.012729 0.025073 0.193499 17.625000
38.954014 2.228824 1.000000 -0.023761 0.025028 0.187892 17.730000
39.161774 2.255661 1.000000 -0.032117 0.024181 0.183396 17.834999
39.369278 2.286276 1.000000 -0.021262 0.021909 0.174204 17.940001
39.576660 2.318259 1.000000 -0.002245 0.020723 0.127743 18.045000
39.784107 2.350257 1.000000 0.006487 0.020571 0.123475 18.150000
40.011486 2.384518 1.000000 0.025319 0.020765 0.119783 18.264999
40.219482 2.412951 1.000000 0.092723 0.017957 0.067616 18.370001
40.427895 2.433840 1.000000 0.038530 0.021963 0.049149 18.475000
40.636662 2.450257 1.000000 0.019417 0.021922 0.053380 18.580000
40.845711 2.464646 1.000000 0.011126 0.021649 0.056778 18.684999
41.054951 2.477953 1.000000 0.004758 0.021085 0.059520 18.790001
41.264275 2.490884 1.000000 -0.000476 0.020584 0.061724 18.895000
41.493622 2.505276 1.000000 -0.004123 0.020803 0.063658 19.010000
41.703072 2.518027 1.000000 0.008732 0.019998 0.037058 19.115000
41.912556 2.529683 1.000000 0.005183 0.020770 0.036731 19.219999
42.122101 2.540764 1.000000 0.010134 0.020503 0.036466 19.325001
42.331722 2.550814 1.000000 0.013339 0.019996 0.036254 19.430000
42.541378 2.559534 1.000000 0.012505 0.020923 0.036084 19.535000
42.751129 2.567012 1.000000 0.009488 0.021055 0.035948 19.639999
42.960976 2.573585 1.000000 0.005424 0.020333 0.035837 19.745001
43.170849 2.579684 1.000000 0.001149 0.019876 0.035750 19.850000
43.380653 2.585742 1.000000 -0.001953 0.020186 0.035678 19.955000
43.610424 2.592717 1.000000 -0.003754 0.020353 0.035617 20.070000
43.820148 2.599576 1.000000 -0.003832 0.020182 0.035572 20.174999
44.039852 2.607275 1.000000 -0.002766 0.020011 0.035535 20.285000
44.249508 2.614998 1.000000 -0.001186 0.020903 0.035506 20.389999
44.459232 2.622919 1.000000 0.000406 0.020431 0.035482 20.495001
44.698875 2.631996 1.000000 0.001814 0.020760 0.035462 20.615000
44.908600 2.639817 1.000000 0.002437 0.020324 0.035447 20.719999
45.118324 2.647456 1.000000 0.002487 0.019917 0.035436 20.825001
45.328049 2.654910 1.000000 0.002106 0.019904 0.035427 20.930000
45.537773 2.662221 1.000000 0.001412 0.020700 0.035419 21.035000
45.747498 2.669458 1.000000 0.000855 0.019985 0.035413 21.139999
45.957222 2.676683 1.000000 0.000316 0.020844 0.035408 21.245001
46.167023 2.683950 1.000000 0.000053 0.021035 0.035404 21.350000
46.376884 2.691288 1.000000 0.000030 0.020567 0.035401 21.455000
46.576775 2.698342 1.000000 0.000164 0.019763 0.035399 21.555000
46.816551 2.706872 1.000000 0.000412 0.020222 0.035397 21.674999
47.026283 2.712701 1.000000 0.084919 0.018130 -0.056045 21.780001
47.235317 2.710019 1.000000 0.056999 0.023157 -0.129123 21.885000
47.443752 2.700166 1.000000 0.099481 0.023282 -0.190565 21.990000
47.651371 2.682441 1.000000 0.054360 0.029215 -0.188238 22.094999
47.858727 2.658120 1.000000 0.056728 0.027493 -0.185946 22.200001
48.075512 2.625697 1.000000 0.052055 0.023342 -0.184041 22.309999
48.281769 2.588808 1.000000 0.036100 0.021467 -0.182593 22.415001
48.487495 2.547847 1.000000 0.017222 0.020348 -0.181419 22.520000
48.692982 2.504877 1.000000 -0.002135 0.020367 -0.180475 22.625000
48.888767 2.463917 1.000000 -0.015635 0.020184 -0.179747 22.725000
49.084850 2.424206 1.000000 -0.022858 0.019713 -0.179158 22.825001
49.281300 2.386400 1.000000 -0.023644 0.020112 -0.178684 22.924999
49.478153 2.350557 1.000000 -0.020315 0.019381 -0.178296 23.025000
49.675293 2.316320 1.000000 -0.013639 0.019569 -0.177982 23.125000
49.872620 2.283051 1.000000 -0.006558 0.019500 -0.177726 23.225000
50.069992 2.250088 1.000000 -0.000679 0.019565 -0.177520 23.325001
50.267315 2.216882 1.000000 0.003246 0.019608 -0.177353 23.424999
50.464535 2.183081 1.000000 0.004765 0.019608 -0.177219 23.525000
50.661633 2.148552 1.000000 0.004286 0.019727 -0.177109 23.625000
50.858746 2.114308 1.000000 -0.015372 0.019467 -0.153054 23.725000
51.056068 2.081569 1.000000 -0.026802 0.019721 -0.146446 23.825001
51.263638 2.049801 1.000000 -0.035017 0.019279 -0.140807 23.930000
51.471649 2.021461 1.000000 -0.034788 0.019061 -0.136247 24.035000
51.680046 1.996446 1.000000 -0.026891 0.019198 -0.132624 24.139999
51.888714 1.973927 1.000000 -0.015947 0.019607 -0.129695 24.245001
52.097534 1.952727 1.000000 -0.003696 0.020405 -0.127351 24.350000
52.306377 1.931637 1.000000 0.004735 0.020412 -0.125468 24.455000
52.545055 1.906815 1.000000 -0.046528 0.018108 -0.079339 24.575001
52.753941 1.887766 1.000000 0.001876 0.019140 -0.060334 24.680000
52.962769 1.868905 1.000000 0.008910 0.020909 -0.064690 24.785000
53.171612 1.849050 1.000000 0.002613 0.021074 -0.068173 24.889999
53.400345 1.826885 1.000000 -0.005093 0.020710 -0.071222 25.004999
53.609333 1.808574 1.000000 -0.048480 0.020565 -0.014369 25.110001
53.818462 1.794738 1.000000 -0.010897 0.021550 -0.020777 25.215000
54.027744 1.782223 1.000000 -0.008094 0.020907 -0.026006 25.320000
54.237114 1.770560 1.000000 -0.009222 0.020971 -0.030176 25.424999
54.446445 1.762435 1.000000 -0.100362 0.020254 0.075916 25.530001
54.655392 1.762407 1.000000 -0.082575 0.025177 0.114738 25.635000
54.863857 1.770881 1.000000 -0.038344 0.025696 0.160987 25.740000
55.072170 1.784425 1.000000 -0.006403 0.025684 0.147884 25.844999
55.280876 1.799259 1.000000 -0.008772 0.023944 0.137357 25.950001
55.489841 1.815409 1.000000 -0.012591 0.022783 0.128893 26.055000
55.698910 1.833188 1.000000 -0.012770 0.021864 0.122106 26.160000
55.917919 1.853529 1.000000 -0.009697 0.020209 0.116384 26.270000
56.126862 1.874221 1.000000 -0.004068 0.020501 0.112032 26.375000
56.325836 1.894549 1.000000 0.000922 0.020589 0.108693 26.475000
56.534760 1.916004 1.000000 0.004771 0.020165 0.105847 26.580000
56.733742 1.936165 1.000000 0.006901 0.020280 0.103642 26.680000
56.932793 1.955843 1.000000 0.007464 0.020502 0.101873 26.780001
57.131916 1.974980 1.000000 0.006782 0.019935 0.100432 26.879999
57.341000 1.994565 1.000000 0.004914 0.020546 0.099218 26.985001
57.540199 2.012913 1.000000 0.002989 0.020473 0.098287 27.084999
57.749363 2.032066 1.000000 0.001299 0.020217 0.097509 27.190001
57.988407 2.054032 1.000000 0.000132 0.020076 0.096799 27.309999
58.197521 2.073431 1.000000 -0.000234 0.020342 0.096302 27.415001
58.396648 2.092103 1.000000 -0.000032 0.019967 0.095922 27.514999
58.615688 2.112840 1.000000 0.000493 0.020810 0.095582 27.625000
58.814884 2.131822 1.000000 0.001137 0.020271 0.095336 27.725000
59.014088 2.150860 1.000000 0.001762 0.019784 0.095136 27.825001
59.213291 2.169895 1.000000 0.002179 0.020071 0.094973 27.924999
59.412495 2.188886 1.000000 0.002407 0.020120 0.094840 28.025000
59.611698 2.207812 1.000000 0.002475 0.019728 0.094734 28.125000
59.810844 2.226664 1.000000 0.002293 0.020203 0.094647 28.225000
60.029884 2.247336 1.000000 0.002126 0.019562 0.094570 28.334999
60.229012 2.266091 1.000000 0.001806 0.020261 0.094513 28.434999
60.438141 2.284135 1.000000 0.071432 0.018436 0.010579 28.540001
60.647305 2.295654 1.000000 0.056058 0.022756 -0.046243 28.645000
60.856548 2.302650 1.000000 -0.013137 0.021356 -0.032524 28.750000
61.065933 2.310535 1.000000 0.021056 0.020865 -0.043122 28.855000
61.305130 2.316610 1.000000 0.024794 0.023833 -0.078278 28.975000
61.524467 2.318241 1.000000 0.034291 0.024690 -0.074288 29.084999
61.734001 2.315830 1.000000 0.044396 0.022913 -0.071221 29.190001
61.973389 2.307118 1.000000 0.042089 0.021607 -0.068487 29.309999
62.182693 2.294560 1.000000 0.030087 0.020851 -0.066584 29.415001
62.391865 2.278736 1.000000 0.013278 0.020808 -0.065064 29.520000
62.601028 2.261403 1.000000 -0.001486 0.020678 -0.063836 29.625000
62.810230 2.244140 1.000000 -0.012367 0.020446 -0.062853 29.730000
63.019558 2.228083 1.000000 -0.017745 0.020435 -0.062063 29.834999
63.229019 2.213773 1.000000 -0.017736 0.020364 -0.061431 29.940001
63.438583 2.201205 1.000000 -0.014075 0.019782 -0.060924 30.045000
63.648201 2.189960 1.000000 -0.007866 0.020217 -0.060520 30.150000
63.857841 2.179373 1.000000 0.030761 0.019474 -0.081354 30.254999
64.086800 2.163274 1.000000 0.030872 0.020573 -0.152436 30.370001
64.295036 2.142758 1.000000 0.072824 0.024394 -0.220216 30.475000
64.502068 2.114727 1.000000 0.018856 0.022682 -0.260961 30.580000
64.708702 2.083508 1.000000 -0.010377 0.022799 -0.244321 30.684999
64.915779 2.052601 1.000000 -0.001506 0.022761 -0.231032 30.790001
65.123100 2.021320 1.000000 0.008778 0.021988 -0.220306 30.895000
65.379723 1.980576 1.000000 0.015354 0.021031 -0.209971 31.025000
65.586716 1.945451 1.000000 0.014483 0.020814 -0.203395 31.129999
65.783615 1.910265 1.000000 0.010040 0.020043 -0.198353 31.230000
65.989479 1.869500 1.000000 0.094807 0.019955 -0.298987 31.334999
66.192734 1.819654 1.000000 0.093337 0.022492 -0.374865 31.440001
66.392807 1.760286 1.000000 0.105380 0.026424 -0.456539 31.545000
66.588486 1.689668 1.000000 0.124127 0.032370 -0.548203 31.650000
66.778328 1.606176 1.000000 0.097464 0.036551 -0.613754 31.754999
66.998802 1.493699 1.000000 0.124739 0.033340 -0.656704 31.879999
67.209671 1.364664 1.000000 0.117086 0.035448 -0.771196 32.005001
67.375992 1.244809 1.000000 0.079345 -0.110037 -0.816992 32.110001
67.539879 1.117581 1.000000 0.050914 -0.257786 -0.801054 32.224998
67.710602 0.980982 1.000000 0.034668 -0.268727 -0.785248 32.375000
67.866356 0.853733 1.000000 0.021094 -0.210062 -0.770256 32.580002
