3.699861 1.510799 1.000000 -0.001823 0.319410 0.075755 0.000000
3.901782 1.526638 1.000000 0.048396 0.254413 0.116601 0.150000
4.103781 1.538623 1.000000 0.056072 0.148076 0.107580 0.270000
4.316083 1.545184 1.000000 0.023778 0.084799 0.100848 0.385000
4.517970 1.549525 1.000000 -0.008168 0.055132 0.095969 0.490000
4.723678 1.555307 1.000000 -0.027509 0.039735 0.092037 0.595000
4.931262 1.564412 1.000000 -0.034796 0.030259 0.088889 0.700000
5.149552 1.578156 1.000000 -0.030639 0.025285 0.086255 0.810000
5.358204 1.594792 1.000000 -0.020156 0.023531 0.084217 0.915000
5.566998 1.613703 1.000000 -0.009237 0.021042 0.082577 1.020000
5.775848 1.633614 1.000000 0.003105 0.021475 0.081261 1.125000
5.984821 1.653306 1.000000 0.011225 0.020051 0.080205 1.230000
6.193908 1.671944 1.000000 0.014818 0.020744 0.079359 1.335000
6.413118 1.689959 1.000000 0.013944 0.020387 0.078656 1.445000
6.622482 1.705797 1.000000 0.010572 0.019874 0.078119 1.550000
6.831890 1.720674 1.000000 0.005599 0.020247 0.077687 1.655000
7.041328 1.735114 1.000000 0.001129 0.020368 0.077342 1.760000
7.250776 1.749597 1.000000 -0.001969 0.020304 0.077065 1.865000
7.480134 1.765881 1.000000 -0.003402 0.020586 0.076821 1.980000
7.719417 1.783526 1.000000 -0.003187 0.019791 0.076621 2.100000
7.938684 1.800253 1.000000 -0.001772 0.020124 0.076476 2.210000
8.147951 1.816561 1.000000 0.000001 0.020313 0.076368 2.315000
8.357224 1.833014 1.000000 0.001512 0.020410 0.076280 2.420000
8.566525 1.849454 1.000000 0.002640 0.020722 0.076209 2.525000
8.765924 1.864996 1.000000 0.003186 0.020134 0.076155 2.625000
8.965337 1.880369 1.000000 0.003234 0.019670 0.076111 2.725000
9.174700 1.896326 1.000000 0.002818 0.019827 0.076074 2.830000
9.384072 1.911161 1.000000 0.073868 0.019023 0.007530 2.935000
9.593481 1.921473 1.000000 0.001492 0.021209 0.013932 3.040000
9.812946 1.931790 1.000000 -0.005761 0.021014 0.019382 3.150000
10.022504 1.942238 1.000000 -0.001341 0.020889 0.023546 3.255000
10.232104 1.952874 1.000000 0.003439 0.020702 0.026906 3.360000
10.441731 1.963197 1.000000 0.006621 0.020661 0.029601 3.465000
10.651391 1.972874 1.000000 0.007695 0.020108 0.031735 3.570000
10.891046 1.983029 1.000000 0.006442 0.020449 0.033691 3.690000
11.100796 1.991258 1.000000 0.004271 0.020298 0.035043 3.795000
11.330538 1.999851 1.000000 0.001622 0.020740 0.036228 3.910000
11.540329 2.007269 1.000000 0.058269 0.019779 -0.007072 4.015000
11.750107 2.011887 1.000000 -0.003942 0.020777 -0.000156 4.120000
11.959901 2.016274 1.000000 0.048791 0.020573 -0.041861 4.225000
12.169613 2.018311 1.000000 -0.006263 0.019769 -0.039090 4.330000
12.379308 2.020530 1.000000 -0.005760 0.021056 -0.032696 4.435000
12.589073 2.023221 1.000000 0.002948 0.021212 -0.027565 4.540000
12.798917 2.025520 1.000000 0.009832 0.021697 -0.023421 4.640000
13.008851 2.026718 1.000000 0.012702 0.020775 -0.020117 4.745000
13.218796 2.026526 1.000000 0.011623 0.020773 -0.017450 4.850000
13.428748 2.025058 1.000000 0.008152 0.020505 -0.015307 4.955000
13.638680 2.022692 1.000000 0.003847 0.020153 -0.013592 5.060000
13.848573 2.019895 1.000000 -0.000391 0.020183 -0.012206 5.165000
14.078426 2.016864 1.000000 -0.003722 0.020419 -0.011002 5.280000
14.298293 2.014374 1.000000 -0.005050 0.020437 -0.010091 5.390000
14.508178 2.012519 1.000000 -0.004751 0.020704 -0.009393 5.495000
14.718096 2.011144 1.000000 -0.003631 0.020086 -0.008831 5.600000
14.928020 2.010121 1.000000 -0.001945 0.019896 -0.008383 5.705000
15.137925 2.009272 1.000000 -0.000245 0.020536 -0.008021 5.810000
15.347843 2.008427 1.000000 0.000923 0.019954 -0.007731 5.915000
15.557737 2.007462 1.000000 0.001570 0.020099 -0.007499 6.020000
15.767632 2.006315 1.000000 0.001614 0.020500 -0.007311 6.125000
15.977558 2.004983 1.000000 0.001212 0.020624 -0.007160 6.230000
16.187515 2.003509 1.000000 0.000610 0.020781 -0.007039 6.335000
16.407478 2.001880 1.000000 -0.000006 0.020040 -0.006938 6.445000
16.617392 2.000311 1.000000 -0.000475 0.020380 -0.006860 6.550000
16.827307 1.998777 1.000000 -0.000737 0.020560 -0.006798 6.655000
17.037260 1.997306 1.000000 -0.000773 0.021150 -0.006748 6.760000
17.237265 1.995967 1.000000 -0.000676 0.020351 -0.006709 6.860000
17.447254 1.994617 1.000000 -0.000487 0.019879 -0.006676 6.965000
17.657190 1.993305 1.000000 -0.000259 0.020033 -0.006650 7.070000
17.907053 1.991758 1.000000 -0.000019 0.020830 -0.006625 7.195000
18.116957 1.990447 1.000000 0.000081 0.020062 -0.006609 7.300000
18.326841 1.989113 1.000000 0.000112 0.020282 -0.006596 7.405000
18.536726 1.987753 1.000000 0.000079 0.019933 -0.006585 7.510000
18.746572 1.986371 1.000000 0.000000 0.020186 -0.006577 7.615000
18.956404 1.984976 1.000000 -0.000085 0.020822 -0.006570 7.720000
19.166277 1.983576 1.000000 -0.000161 0.020356 -0.006565 7.825000
19.376160 1.982178 1.000000 -0.000209 0.020100 -0.006560 7.930000
19.616018 1.980591 1.000000 -0.000222 0.020558 -0.006556 8.050000
19.825903 1.979213 1.000000 -0.000208 0.020702 -0.006554 8.155000
20.035799 1.977842 1.000000 -0.000181 0.020598 -0.006551 8.260000
20.245724 1.976477 1.000000 -0.000149 0.020767 -0.006550 8.365000
20.485638 1.974917 1.000000 -0.000122 0.020276 -0.006548 8.485000
20.705559 1.973488 1.000000 -0.000105 0.020553 -0.006547 8.595000
20.915483 1.972120 1.000000 -0.000099 0.020742 -0.006546 8.700000
21.125425 1.970749 1.000000 -0.000104 0.020415 -0.006545 8.805000
21.335350 1.969375 1.000000 -0.000115 0.020023 -0.006545 8.910000
21.545275 1.967998 1.000000 -0.000126 0.020017 -0.006544 9.015000
21.755186 1.966621 1.000000 -0.000139 0.019732 -0.006544 9.120000
21.965065 1.965245 1.000000 -0.000141 0.020444 -0.006543 9.225000
22.174936 1.963871 1.000000 -0.000144 0.020248 -0.006543 9.330000
22.394773 1.962432 1.000000 -0.000143 0.020245 -0.006543 9.440000
22.604618 1.961060 1.000000 -0.000136 0.020685 -0.006543 9.545000
22.814495 1.959688 1.000000 -0.000131 0.020612 -0.006543 9.650000
23.024380 1.958316 1.000000 -0.000130 0.020402 -0.006543 9.755000
23.234264 1.956944 1.000000 -0.000127 0.020456 -0.006543 9.860000
23.444149 1.955572 1.000000 -0.000127 0.020408 -0.006542 9.965000
23.654015 1.954197 1.000000 -0.000131 0.020265 -0.006542 10.070000
23.893837 1.952627 1.000000 -0.000135 0.020263 -0.006542 10.190000
24.103682 1.951255 1.000000 -0.000136 0.020186 -0.006542 10.295000
24.313526 1.949883 1.000000 -0.000130 0.020682 -0.006542 10.400000
24.533390 1.948444 1.000000 -0.000130 0.020500 -0.006542 10.510000
24.743299 1.947070 1.000000 -0.000134 0.020280 -0.006542 10.615000
24.953224 1.945696 1.000000 -0.000134 0.020487 -0.006542 10.720000
25.163149 1.944321 1.000000 -0.000136 0.020402 -0.006542 10.825000
25.373074 1.942947 1.000000 -0.000141 0.019796 -0.006542 10.930000
25.592953 1.941510 1.000000 -0.000139 0.019683 -0.006542 11.040000
25.802784 1.940138 1.000000 -0.000130 0.020515 -0.006542 11.145000
26.012623 1.938766 1.000000 -0.000127 0.020805 -0.006542 11.250000
26.222500 1.937394 1.000000 -0.000126 0.020720 -0.006542 11.355000
26.432417 1.936020 1.000000 -0.000128 0.020541 -0.006542 11.460000
26.642338 1.934646 1.000000 -0.000134 0.020142 -0.006542 11.565000
26.852222 1.933272 1.000000 -0.000135 0.020284 -0.006542 11.670000
27.072071 1.931834 1.000000 -0.000138 0.019982 -0.006542 11.780000
27.301857 1.930332 1.000000 -0.000133 0.020210 -0.006542 11.895000
27.531633 1.928829 1.000000 -0.000130 0.020457 -0.006542 12.010000
27.741451 1.927457 1.000000 -0.000125 0.021050 -0.006542 12.115000
27.951323 1.926084 1.000000 -0.000129 0.020374 -0.006542 12.220000
28.181170 1.924579 1.000000 -0.000134 0.020288 -0.006542 12.335000
28.420992 1.923008 1.000000 -0.000134 0.020629 -0.006542 12.455000
28.630859 1.921635 1.000000 -0.000136 0.020425 -0.006542 12.560000
28.840704 1.920263 1.000000 -0.000130 0.020879 -0.006542 12.665000
29.080551 1.918695 1.000000 -0.000131 0.020412 -0.006542 12.785000
29.300421 1.917258 1.000000 -0.000130 0.020204 -0.006542 12.895000
29.510305 1.915884 1.000000 -0.000128 0.020530 -0.006542 13.000000
29.720190 1.914510 1.000000 -0.000132 0.020340 -0.006542 13.105000
29.930098 1.913136 1.000000 -0.000136 0.020186 -0.006542 13.210000
30.139982 1.911761 1.000000 -0.000134 0.020710 -0.006542 13.315000
30.349884 1.910387 1.000000 -0.000140 0.020002 -0.006542 13.420000
30.559795 1.909015 1.000000 -0.000137 0.020216 -0.006542 13.525000
30.769701 1.907643 1.000000 -0.000133 0.020236 -0.006542 13.630000
30.979626 1.906271 1.000000 -0.000125 0.020908 -0.006542 13.735000
31.189590 1.904897 1.000000 -0.000128 0.020549 -0.006542 13.840000
31.409554 1.903457 1.000000 -0.000130 0.020726 -0.006542 13.950000
31.629534 1.902017 1.000000 -0.000134 0.020310 -0.006542 14.060000
31.839504 1.900643 1.000000 -0.000132 0.020888 -0.006542 14.165000
32.049416 1.901336 1.000000 -0.024120 0.020112 0.046841 14.270000
32.259159 1.904843 1.000000 0.000778 0.020792 0.043297 14.375000
32.468987 1.908543 1.000000 -0.000443 0.021401 0.040453 14.480000
32.678871 1.912429 1.000000 -0.029846 0.020501 0.052702 14.585000
32.898552 1.919928 1.000000 -0.044458 0.021669 0.097523 14.695000
33.107941 1.931366 1.000000 0.003064 0.020832 0.104395 14.800000
33.317390 1.943106 1.000000 0.016649 0.020309 0.094141 14.905000
33.526989 1.953386 1.000000 0.013866 0.019598 0.085936 15.010000
33.736664 1.962453 1.000000 0.006565 0.020369 0.079281 15.115000
33.946388 1.971046 1.000000 -0.000062 0.020523 0.073958 15.220000
34.156189 1.979847 1.000000 -0.004850 0.020602 0.069734 15.325000
34.365955 1.989313 1.000000 -0.006594 0.020185 0.066361 15.430000
34.605640 2.001149 1.000000 -0.005654 0.020871 0.063277 15.550000
34.805378 2.011755 1.000000 -0.003580 0.020686 0.061218 15.650000
35.005116 2.022825 1.000000 -0.001035 0.020574 0.059548 15.750000
35.214813 2.034671 1.000000 0.001435 0.020264 0.058141 15.855000
35.414524 2.045926 1.000000 0.003031 0.020831 0.057054 15.955000
35.614262 2.056996 1.000000 0.003801 0.020411 0.056169 16.055000
35.813999 2.067803 1.000000 0.003864 0.019986 0.055454 16.155001
36.013737 2.078341 1.000000 0.003221 0.020281 0.054878 16.254999
36.213474 2.088667 1.000000 0.002376 0.020350 0.054404 16.355000
36.423199 2.099372 1.000000 0.001335 0.020736 0.054004 16.459999
36.632923 2.110046 1.000000 0.000534 0.020760 0.053683 16.565001
36.872608 2.122314 1.000000 0.000040 0.020507 0.053395 16.684999
37.072346 2.132642 1.000000 -0.000021 0.020473 0.053206 16.785000
37.282070 2.143591 1.000000 0.000167 0.020054 0.053046 16.889999
37.511768 2.155685 1.000000 0.000505 0.020148 0.052905 17.004999
37.711506 2.166255 1.000000 0.000840 0.020143 0.052808 17.105000
37.921230 2.177370 1.000000 0.001170 0.020169 0.052727 17.209999
38.120968 2.187941 1.000000 0.001342 0.020221 0.052665 17.309999
38.320705 2.198481 1.000000 0.001403 0.020361 0.052615 17.410000
38.520443 2.208984 1.000000 0.001356 0.020228 0.052575 17.510000
38.720181 2.219455 1.000000 0.001238 0.020349 0.052543 17.610001
38.919918 2.229903 1.000000 0.001165 0.019624 0.052516 17.709999
39.129574 2.240857 1.000000 0.001031 0.019979 0.052494 17.815001
39.339191 2.252130 1.000000 -0.057551 0.019193 0.096981 17.920000
39.548065 2.269207 1.000000 -0.087435 0.021185 0.198281 18.025000
39.755222 2.295892 1.000000 -0.071437 0.025036 0.279053 18.129999
39.970951 2.331260 1.000000 -0.047095 0.026310 0.289190 18.240000
40.176205 2.370104 1.000000 -0.040085 0.027731 0.305191 18.344999
40.390507 2.416434 1.000000 -0.049665 0.026015 0.301670 18.455000
40.613358 2.471696 1.000000 -0.053750 0.022630 0.298759 18.570000
40.844742 2.534426 1.000000 0.052528 0.016678 0.182957 18.690001
41.047844 2.584383 1.000000 0.082205 0.021069 0.081190 18.795000
41.251888 2.626598 1.000000 0.033836 0.027689 0.058798 18.900000
41.457047 2.664448 1.000000 0.045300 0.028858 0.064478 19.004999
41.683212 2.700213 1.000000 0.063342 0.027165 0.069407 19.120001
41.890968 2.726010 1.000000 0.064491 0.023758 0.073041 19.225000
42.099602 2.745296 1.000000 0.074542 0.021165 0.060275 19.330000
42.318687 2.756298 1.000000 0.059729 0.021579 -0.009309 19.440001
42.537899 2.760027 1.000000 0.005427 0.022696 -0.001516 19.549999
42.747402 2.762749 1.000000 -0.008549 0.022117 0.004433 19.655001
42.956963 2.766346 1.000000 -0.011672 -0.002723 0.009225 19.760000
43.165211 2.771210 1.000000 -0.011839 0.021594 0.013091 19.865000
43.373470 2.777329 1.000000 -0.008660 0.025186 0.016201 19.969999
43.582245 2.784377 1.000000 -0.004051 0.023731 0.018694 20.075001
43.791416 2.791864 1.000000 0.000690 0.022459 0.020683 20.180000
44.020794 2.800013 1.000000 0.004068 0.021708 0.022428 20.295000
44.230404 2.807058 1.000000 0.005410 0.021166 0.023690 20.400000
44.450096 2.813878 1.000000 0.005230 0.020577 0.024749 20.510000
44.659828 2.819881 1.000000 0.003836 0.021030 0.025556 20.615000
44.869633 2.825540 1.000000 0.002073 0.020877 0.026199 20.719999
45.079437 2.831041 1.000000 0.000468 0.020250 0.026714 20.825001
45.299145 2.834316 1.000000 0.022163 0.020633 -0.029984 20.934999
45.538738 2.834385 1.000000 0.013162 0.021752 -0.030005 21.055000
45.748482 2.832794 1.000000 0.017261 0.021421 -0.030020 21.160000
45.958286 2.829287 1.000000 0.018507 0.020328 -0.030032 21.264999
46.188072 2.823159 1.000000 0.014640 0.020363 -0.030041 21.379999
46.407795 2.815458 1.000000 0.041957 0.019272 -0.051698 21.490000
46.617199 2.804110 1.000000 0.054667 0.019810 -0.107233 21.594999
46.845547 2.783961 1.000000 0.088215 0.022337 -0.217289 21.709999
47.052692 2.757499 1.000000 0.033112 0.023750 -0.231025 21.815001
47.259136 2.726077 1.000000 0.027862 0.025762 -0.268214 21.920000
47.465176 2.690591 1.000000 0.016345 0.024531 -0.258481 22.025000
47.671162 2.652628 1.000000 0.023946 0.023939 -0.250633 22.129999
47.876884 2.611624 1.000000 0.025921 0.022016 -0.244373 22.235001
48.082130 2.567477 1.000000 0.020793 0.020944 -0.239303 22.340000
48.296665 2.518481 1.000000 0.011309 0.019512 -0.235043 22.450001
48.510876 2.467801 1.000000 0.000352 0.019019 -0.231654 22.559999
48.705738 2.422727 1.000000 -0.088469 0.016815 -0.142478 22.660000
48.911144 2.381536 1.000000 -0.025579 0.021388 -0.138651 22.764999
49.136810 2.339723 1.000000 -0.025364 0.022076 -0.140615 22.879999
49.373089 2.299330 1.000000 -0.068759 0.019649 -0.115470 23.000000
49.590469 2.268289 1.000000 -0.033745 0.021557 -0.102056 23.110001
49.798512 2.242460 1.000000 -0.021470 0.021300 -0.104099 23.215000
50.006916 2.218727 1.000000 -0.015105 0.021147 -0.105752 23.320000
50.215580 2.196360 1.000000 -0.008640 0.020720 -0.107083 23.424999
50.424377 2.174671 1.000000 -0.002375 0.020402 -0.108138 23.530001
50.663029 2.149781 1.000000 0.047055 0.018815 -0.141347 23.650000
50.870853 2.122792 1.000000 0.093094 0.020769 -0.246393 23.754999
51.076321 2.085691 1.000000 0.096547 0.025598 -0.338964 23.860001
51.279697 2.040551 1.000000 -0.055565 0.020523 -0.239719 23.965000
51.523273 1.992816 1.000000 -0.080958 0.022929 -0.108093 24.090000
51.758854 1.958231 1.000000 -0.080199 0.025345 0.000753 24.209999
51.975574 1.936284 1.000000 -0.029779 0.028515 0.046656 24.320000
52.183197 1.919691 1.000000 -0.018391 0.028703 0.036207 24.424999
52.411530 1.904319 1.000000 -0.037446 0.027173 0.027124 24.540001
52.630653 1.894166 1.000000 -0.045054 0.024579 0.020234 24.650000
52.840168 1.889447 1.000000 -0.040737 0.021944 0.014983 24.754999
53.049831 1.889068 1.000000 -0.027200 0.021773 0.010740 24.860001
53.259586 1.891555 1.000000 -0.011060 0.020752 0.007383 24.965000
53.469391 1.895220 1.000000 0.002704 0.020297 0.004668 25.070000
53.679195 1.898579 1.000000 0.012727 0.020923 0.002476 25.174999
53.889046 1.900593 1.000000 0.016922 0.020021 0.000711 25.280001
54.138813 1.900671 1.000000 0.015141 0.020757 -0.000932 25.405001
54.348682 1.898967 1.000000 0.010887 0.020237 -0.002028 25.510000
54.558567 1.896174 1.000000 0.004024 0.020809 -0.002888 25.615000
54.768452 1.892956 1.000000 -0.000695 0.019828 -0.003589 25.719999
54.978336 1.889845 1.000000 -0.004728 0.020594 -0.004148 25.825001
55.188232 1.887225 1.000000 -0.006255 0.020851 -0.004601 25.930000
55.398197 1.885259 1.000000 -0.005961 0.020374 -0.004963 26.035000
55.618130 1.883865 1.000000 -0.004209 0.020235 -0.005266 26.145000
55.828014 1.882988 1.000000 -0.002051 0.020386 -0.005497 26.250000
56.037914 1.882311 1.000000 0.000080 0.020310 -0.005680 26.355000
56.247845 1.881611 1.000000 0.001436 0.020404 -0.005827 26.459999
56.457729 1.880745 1.000000 0.002029 0.019951 -0.005946 26.565001
56.697598 1.879478 1.000000 0.001940 0.020294 -0.006056 26.684999
56.907482 1.878136 1.000000 0.001413 0.020165 -0.006132 26.790001
57.117367 1.876632 1.000000 0.000685 0.020218 -0.006194 26.895000
57.327251 1.875048 1.000000 -0.000050 0.020508 -0.006243 27.000000
57.537186 1.873460 1.000000 -0.000600 0.019895 -0.006282 27.105000
57.747070 1.871924 1.000000 -0.000893 0.019638 -0.006314 27.209999
57.956932 1.870469 1.000000 -0.000928 0.019950 -0.006340 27.315001
58.166737 1.869098 1.000000 -0.000751 0.020298 -0.006360 27.420000
58.376541 1.867791 1.000000 -0.000469 0.020752 -0.006377 27.525000
58.586414 1.866519 1.000000 -0.000196 0.020647 -0.006390 27.629999
58.796299 1.865254 1.000000 0.000010 0.020469 -0.006401 27.735001
59.016178 1.863912 1.000000 0.000137 0.020361 -0.006410 27.844999
59.236057 1.862540 1.000000 0.000160 0.020403 -0.006417 27.955000
59.445942 1.861198 1.000000 0.000101 0.020537 -0.006422 28.059999
59.655827 1.859832 1.000000 0.000005 0.020659 -0.006426 28.165001
59.865746 1.858452 1.000000 -0.000089 0.020192 -0.006430 28.270000
60.105705 1.856869 1.000000 -0.000174 0.020204 -0.006433 28.389999
60.315670 1.855489 1.000000 -0.000217 0.020730 -0.006435 28.495001
60.525635 1.854119 1.000000 -0.000233 0.020583 -0.006437 28.600000
60.735600 1.852759 1.000000 -0.000219 0.020687 -0.006439 28.705000
60.935619 1.851472 1.000000 -0.000196 0.019961 -0.006440 28.805000
61.145592 1.850128 1.000000 -0.000166 0.019529 -0.006441 28.910000
61.355530 1.848786 1.000000 -0.000126 0.020208 -0.006441 29.014999
61.565434 1.847444 1.000000 -0.000100 0.020873 -0.006442 29.120001
61.775398 1.846099 1.000000 -0.000091 0.020622 -0.006442 29.225000
61.985363 1.844750 1.000000 -0.000095 0.020210 -0.006443 29.330000
62.195316 1.843397 1.000000 -0.000105 0.020119 -0.006443 29.434999
62.425224 1.841912 1.000000 -0.000117 0.020541 -0.006443 29.549999
62.635151 1.840556 1.000000 -0.000132 0.020037 -0.006444 29.655001
62.875042 1.839005 1.000000 -0.000136 0.021048 -0.006444 29.775000
63.105003 1.837519 1.000000 -0.000145 0.020324 -0.006444 29.889999
63.314968 1.836165 1.000000 -0.000144 0.020304 -0.006444 29.995001
63.524933 1.834812 1.000000 -0.000138 0.020786 -0.006444 30.100000
63.734787 1.831638 1.000000 0.079221 0.018967 -0.097675 30.205000
63.944141 1.822958 1.000000 0.051046 0.022289 -0.126188 30.309999
64.153236 1.810616 1.000000 -0.008136 0.020850 -0.128517 30.415001
64.362404 1.798327 1.000000 -0.009942 0.021461 -0.118600 30.520000
64.571777 1.786726 1.000000 -0.000256 0.021679 -0.110579 30.625000
64.781311 1.774873 1.000000 0.007666 0.021184 -0.104027 30.730000
64.990837 1.761967 1.000000 0.012016 0.020508 -0.098723 30.834999
65.200241 1.747579 1.000000 0.012237 0.020725 -0.094486 30.940001
65.419479 1.730919 1.000000 0.008836 0.020395 -0.090952 31.049999
65.628700 1.713859 1.000000 0.004094 0.020269 -0.088239 31.155001
65.837646 1.694796 1.000000 0.026142 0.020618 -0.132845 31.260000
66.046249 1.672831 1.000000 -0.001795 0.020616 -0.128841 31.365000
66.254631 1.650166 1.000000 0.059538 -0.005433 -0.184260 31.469999
66.487747 1.619868 1.000000 0.017976 -0.071442 -0.190188 31.590000
66.690071 1.591213 1.000000 0.018166 -0.118600 -0.186330 31.700001
66.892570 1.559846 1.000000 0.027193 -0.047052 -0.228497 31.820000
67.104836 1.522412 1.000000 0.019661 0.135476 -0.223369 31.950001
67.305870 1.483072 1.000000 0.018770 0.110766 -0.219828 32.064999
67.546219 1.432374 1.000000 0.011086 0.066397 -0.216722 32.195000
67.746040 1.388404 1.000000 0.003416 0.044053 -0.214751 32.299999
67.948410 1.343231 1.000000 -0.004432 0.032390 -0.213183 32.404999
68.152161 1.297682 1.000000 0.044381 0.022606 -0.250870 32.509998
68.354004 1.248322 1.000000 0.021938 -0.041926 -0.309659 32.615002
68.548172 1.198026 1.000000 -0.000196 -0.101042 -0.303378 32.720001
68.745132 1.147100 1.000000 0.021293 -0.262626 -0.379867 32.834999
68.939430 1.098613 1.000000 0.057220 -0.273711 -0.526475 32.974998
69.136276 1.055424 1.000000 0.077327 -0.158961 -0.746386 33.185001
69.336464 1.024013 1.000000 0.053758 -0.034457 -1.201917 33.619999
69.514503 0.909575 1.000000 -0.019548 0.302634 -0.877666 34.549999
69.646988 0.755776 1.000000 0.009160 0.139995 -0.751992 34.730000
69.799431 0.588591 1.000000 -0.032174 0.059009 -0.574148 34.895000
69.942474 0.445907 1.000000 -0.056449 0.038656 -0.435531 35.035000
70.107529 0.301535 1.000000 -0.066219 0.044429 -0.353174 35.185001
70.273163 0.177535 1.000000 -0.082850 0.043418 -0.311340 35.325001
70.443932 0.071759 1.000000 -0.118064 0.041341 -0.246868 35.459999
70.646111 -0.023451 1.000000 -0.093979 0.037885 -0.192968 35.610001
70.837006 -0.089877 1.000000 -0.088821 0.029326 -0.140456 35.744999
71.033432 -0.141752 1.000000 -0.047221 0.020989 -0.154303 35.880001
71.232948 -0.185434 1.000000 -0.064185 0.016746 -0.134452 36.014999
71.437950 -0.219129 1.000000 -0.015682 0.164541 -0.098819 36.150002
71.639992 -0.244737 1.000000 -0.048800 0.145983 -0.043156 36.270000
71.869225 -0.268870 1.000000 -0.027999 0.085028 0.001837 36.395000
72.069946 -0.288106 1.000000 0.030820 0.052189 0.004908 36.500000
72.274338 -0.309840 1.000000 0.017903 0.038207 -0.007134 36.605000
72.480759 -0.332751 1.000000 -0.071540 0.033016 0.027984 36.709999
72.688423 -0.350296 1.000000 -0.035154 0.030328 0.029811 36.814999
72.897034 -0.363545 1.000000 -0.032778 0.027427 0.019850 36.919998
73.106308 -0.373150 1.000000 -0.033930 0.023537 0.011910 37.025002
73.315910 -0.379154 1.000000 -0.027428 0.022587 0.005549 37.130001
73.525711 -0.382248 1.000000 -0.017366 0.021471 0.000394 37.235001
73.755585 -0.383583 1.000000 -0.005126 0.020948 -0.004104 37.349998
73.965469 -0.384201 1.000000 0.004512 0.020165 -0.007347 37.455002
74.175354 -0.385306 1.000000 0.010335 0.020485 -0.009951 37.560001
74.385239 -0.387529 1.000000 0.012111 0.020653 -0.012057 37.665001
74.595123 -0.391062 1.000000 0.010601 0.020708 -0.013747 37.770000
74.844795 -0.392613 1.000000 -0.078241 0.020559 0.104434 37.895000
75.053650 -0.384974 1.000000 -0.086002 0.024280 0.194542 38.000000
75.261520 -0.369174 1.000000 -0.018048 0.026677 0.202878 38.105000
75.469467 -0.350230 1.000000 -0.020154 0.026065 0.193643 38.209999
75.677589 -0.328405 1.000000 -0.034736 0.024890 0.186218 38.314999
75.885498 -0.302443 1.000000 -0.039050 0.023820 0.180270 38.419998
76.093010 -0.272010 1.000000 -0.033559 0.021536 0.175502 38.525002
76.300064 -0.237815 1.000000 -0.019678 0.020694 0.171683 38.630001
76.506821 -0.201294 1.000000 -0.004453 0.020240 0.168628 38.735001
76.703659 -0.165801 1.000000 0.007198 0.019810 0.166268 38.834999
76.900627 -0.130760 1.000000 0.015015 0.020053 0.164355 38.935001
77.097832 -0.096894 1.000000 0.018023 0.019408 0.162790 39.035000
77.334740 -0.058191 1.000000 0.016373 0.019732 0.161295 39.154999
77.532379 -0.027401 1.000000 0.012038 0.019945 0.160302 39.255001
77.730148 0.002506 1.000000 0.006847 0.019805 0.159503 39.355000
77.928055 0.032014 1.000000 0.002283 0.019696 0.158852 39.455002
78.135742 0.063040 1.000000 -0.001269 0.019887 0.158299 39.560001
78.333496 0.092967 1.000000 -0.002913 0.020033 0.157873 39.660000
78.541039 0.124963 1.000000 -0.002901 0.019919 0.157511 39.764999
78.748306 0.158390 1.000000 -0.076834 0.017545 0.229290 39.869999
78.954109 0.197792 1.000000 -0.017334 0.021637 0.242341 39.974998
79.179031 0.243970 1.000000 -0.009551 0.021516 0.239012 40.090000
79.384262 0.287717 1.000000 -0.011849 0.020757 0.236597 40.195000
79.589287 0.333115 1.000000 -0.011544 0.020296 0.234643 40.299999
79.784348 0.377814 1.000000 -0.008250 0.019269 0.233156 40.400002
79.979172 0.423602 1.000000 -0.003523 0.019111 0.231935 40.500000
80.173874 0.470022 1.000000 0.001584 0.019034 0.230944 40.599998
80.368576 0.516595 1.000000 0.005769 0.019135 0.230140 40.700001
80.563255 0.563166 1.000000 -0.046100 0.019268 0.268839 40.799999
80.756706 0.613958 1.000000 -0.076831 0.019294 0.363354 40.900002
80.957481 0.674102 1.000000 -0.041571 0.021791 0.404067 41.005001
81.156502 0.739215 1.000000 -0.009852 0.020014 0.441699 41.110001
81.354828 0.806711 1.000000 0.008854 0.020975 0.418798 41.215000
81.553482 0.874474 1.000000 -0.009726 0.021975 0.407521 41.320000
81.742409 0.940623 1.000000 -0.024134 0.020868 0.399661 41.419998
81.930550 1.009517 1.000000 -0.029580 0.019420 0.395889 41.520000
82.117599 1.081510 1.000000 -0.026704 0.018399 0.392838 41.619999
82.303627 1.156252 1.000000 -0.017743 0.017992 0.390351 41.720001
82.488434 1.233052 1.000000 -0.073000 -0.072064 0.476619 41.820000
82.678650 1.319819 1.000000 -0.096142 -0.131759 0.623798 41.930000
82.869774 1.419973 1.000000 -0.103987 -0.062414 0.737438 42.055000
83.053955 1.534138 1.000000 -0.105687 -0.012372 0.812044 42.189999
83.215157 1.654156 1.000000 -0.105127 0.011090 0.879991 42.320000
83.368416 1.791057 1.000000 -0.094567 0.019826 0.947850 42.455002
83.508965 1.939594 1.000000 -0.083119 0.021739 1.014248 42.590000
83.638069 2.098014 1.000000 -0.071474 0.020186 1.079576 42.724998
83.758904 2.263307 1.000000 -0.055189 0.018365 1.096839 42.860001
83.872574 2.435077 1.000000 -0.068320 0.135635 1.156494 42.994999
83.974998 2.614116 1.000000 -0.062258 0.160838 1.219042 43.119999
84.075920 2.816767 1.000000 -0.061103 0.099913 1.296006 43.244999
84.160370 3.007926 1.000000 -0.073225 0.066761 1.367306 43.355000
84.236275 3.197193 1.000000 -0.017406 0.048259 1.356177 43.459999
84.310623 3.390251 1.000000 -0.037934 0.039001 1.344708 43.564999
84.381584 3.586421 1.000000 -0.059642 0.031504 1.335555 43.669998
84.458565 3.823611 1.000000 -0.102490 0.025504 1.350179 43.794998
84.512352 4.026070 1.000000 -0.089986 0.025133 1.411058 43.900002
84.557030 4.230703 1.000000 -0.030487 0.023259 1.400892 44.005001
84.598656 4.436298 1.000000 -0.014538 0.022137 1.394541 44.110001
84.639091 4.642372 1.000000 -0.005943 0.020492 1.389487 44.215000
84.677277 4.838794 1.000000 -0.000892 0.019648 1.385580 44.314999
84.715706 5.035198 1.000000 0.002764 0.019689 1.382447 44.415001
84.754677 5.231515 1.000000 0.003958 0.019342 1.379861 44.514999
84.794304 5.427708 1.000000 0.003414 0.019698 1.377766 44.615002
84.834526 5.623811 1.000000 0.001742 0.019628 1.376067 44.715000
84.874939 5.819907 1.000000 -0.054531 0.019333 1.413659 44.814999
84.912819 6.026449 1.000000 -0.025717 0.020398 1.458884 44.919998
84.945435 6.233524 1.000000 -0.034553 0.021404 1.510286 45.025002
84.973846 6.441058 1.000000 -0.030661 0.023936 1.507933 45.130001
84.998970 6.649191 1.000000 -0.039901 0.022721 1.506030 45.235001
85.021751 6.877792 1.000000 -0.040614 0.021651 1.504387 45.349998
85.038170 7.086973 1.000000 -0.032156 0.020986 1.503183 45.455002
85.051323 7.296448 1.000000 -0.019932 0.020179 1.502210 45.560001
85.062492 7.506042 1.000000 -0.005723 0.020406 1.501431 45.665001
85.073189 7.715656 1.000000 0.005667 0.021052 1.500808 45.770000
85.084656 7.925267 1.000000 0.012032 0.020942 1.500306 45.875000
85.097549 8.134823 1.000000 0.013400 0.020663 1.499903 45.980000
85.112724 8.354277 1.000000 0.010860 0.020691 1.499565 46.090000
85.127747 8.553722 1.000000 0.006720 0.020096 1.499318 46.189999
85.143547 8.753108 1.000000 0.001538 0.020185 1.499118 46.290001
85.159569 8.952483 1.000000 -0.002661 0.020318 1.498956 46.389999
85.175507 9.151872 1.000000 -0.005396 0.020671 1.498825 46.490002
85.191765 9.361303 1.000000 -0.039444 0.019799 1.518465 46.595001
85.205070 9.570829 1.000000 -0.009911 0.019490 1.533647 46.700001
85.217133 9.780338 1.000000 0.004214 0.020722 1.529031 46.805000
85.228310 9.989869 1.000000 -0.018741 0.020594 1.569835 46.910000
85.237503 10.199442 1.000000 0.000650 0.020942 1.565019 47.014999
85.246590 10.409090 1.000000 -0.004162 0.021643 1.561142 47.119999
85.255203 10.618858 1.000000 -0.009378 0.020659 1.558035 47.224998
85.263489 10.848668 1.000000 -0.011878 0.020459 1.555330 47.340000
85.270180 11.078529 1.000000 -0.056963 0.018912 1.586888 47.455002
85.271736 11.288226 1.000000 -0.024679 0.021066 1.608863 47.560001
85.270180 11.497860 1.000000 -0.018292 0.021211 1.607943 47.665001
85.266525 11.707539 1.000000 -0.018597 0.021606 1.607211 47.770000
85.263496 11.927221 1.000000 0.063163 0.019814 1.502027 47.880001
85.267403 12.136411 1.000000 0.075003 0.022587 1.409445 47.985001
85.281281 12.364292 1.000000 0.082177 0.026964 1.318900 48.099998
85.303177 12.581076 1.000000 0.046941 0.028605 1.314342 48.209999
85.331070 12.787189 1.000000 0.064785 0.033026 1.269272 48.314999
85.367065 12.992332 1.000000 0.058368 0.032490 1.277309 48.419998
85.410141 13.196772 1.000000 0.088474 0.028001 1.269728 48.525002
85.462227 13.398260 1.000000 -0.000359 -0.099278 1.360952 48.630001
85.519554 13.613778 1.000000 -0.099237 -0.117658 1.564857 48.750000
85.564049 13.811378 1.000000 -0.088847 -0.049875 1.642885 48.869999
85.597977 14.014552 1.000000 -0.103386 -0.000870 1.702665 49.000000
85.615700 14.235900 1.000000 -0.089774 0.020245 1.754652 49.145000
85.615265 14.455532 1.000000 -0.051836 0.019897 1.730782 49.290001
85.604591 14.659863 1.000000 -0.042077 0.016002 1.714237 49.424999
85.589157 14.864054 1.000000 0.023425 0.010388 1.587520 49.560001
85.577515 15.068089 1.000000 0.039449 0.012932 1.488456 49.695000
85.574043 15.273895 1.000000 0.093344 0.033719 1.359207 49.830002
85.586914 15.480324 1.000000 0.112108 0.015338 1.191448 49.965000
85.617729 15.681160 1.000000 0.079568 0.027223 1.124414 50.099998
85.666046 15.885115 1.000000 0.091933 0.032726 1.059806 50.240002
85.735130 16.090900 1.000000 0.062721 0.030523 1.029945 50.384998
85.813576 16.278406 1.000000 0.071189 0.023679 1.005752 50.520000
85.905029 16.460754 1.000000 0.046149 0.018560 0.990657 50.654999
86.009346 16.645771 1.000000 0.029922 -0.024812 0.968203 50.794998
86.117653 16.827328 1.000000 0.041510 -0.249130 0.811124 50.945000
86.219704 17.004660 1.000000 0.067726 -0.170155 0.596450 51.150002
86.311760 17.186182 1.000000 0.055966 -0.046896 0.177570 51.549999
86.432777 17.347979 1.000000 -0.024145 0.318134 0.604443 52.665001
86.592484 17.469118 1.000000 -0.011581 0.170235 0.746664 52.860001
86.748589 17.595848 1.000000 -0.007461 0.072734 0.892744 53.009998
86.901291 17.726055 1.000000 -0.029067 0.035168 1.031122 53.150002
87.071716 17.885485 1.000000 -0.077896 0.038358 1.183010 53.310001
87.212090 18.043232 1.000000 -0.129188 0.058509 1.323947 53.455002
87.325394 18.211203 1.000000 -0.152020 0.069941 1.456890 53.595001
87.410873 18.394064 1.000000 -0.154210 0.072033 1.587660 53.735001
87.471771 18.602673 1.000000 -0.101948 0.058705 1.639043 53.884998
87.506989 18.805565 1.000000 -0.107745 0.046378 1.685599 54.025002
87.520615 19.005400 1.000000 -0.110886 0.038688 1.752390 54.160000
87.514328 19.206642 1.000000 -0.072300 0.030657 1.778530 54.294998
87.494194 19.408438 1.000000 -0.034140 0.021919 1.783108 54.430000
87.464500 19.625551 1.000000 -0.020280 0.016464 1.769022 54.575001
87.432564 19.827785 1.000000 -0.011792 0.013335 1.759178 54.709999
87.396164 20.042097 1.000000 -0.000794 0.167688 1.751593 54.849998
87.360825 20.245686 1.000000 0.005081 0.132793 1.746587 54.970001
87.326225 20.446646 1.000000 0.008855 0.084489 1.742963 55.080002
87.289391 20.665169 1.000000 0.010834 0.052235 1.739960 55.195000
87.256012 20.868698 1.000000 0.010662 0.036343 1.737785 55.299999
87.223129 21.074209 1.000000 0.008782 0.028126 1.736040 55.404999
87.190689 21.280748 1.000000 0.006167 0.023653 1.734640 55.509998
87.158485 21.487801 1.000000 0.003502 0.021555 1.733506 55.615002
87.126282 21.695082 1.000000 0.001308 0.020488 1.732604 55.720001
87.093933 21.902441 1.000000 0.000009 0.020184 1.731881 55.825001
87.061295 22.109802 1.000000 -0.000258 0.020247 1.731305 55.930000
87.028343 22.317163 1.000000 0.000277 0.020020 1.730838 56.035000
86.996712 22.514650 1.000000 0.001220 0.020508 1.730483 56.134998
86.963379 22.722054 1.000000 0.002182 0.020452 1.730178 56.240002
86.928314 22.939373 1.000000 0.003128 0.019426 1.729923 56.349998
86.896576 23.136915 1.000000 0.003605 0.019446 1.729734 56.450001
86.864899 23.334440 1.000000 0.003751 0.019599 1.729582 56.549999
86.831734 23.541855 1.000000 0.003510 0.020132 1.729453 56.654999
86.800270 23.739447 1.000000 0.003183 0.020475 1.729353 56.755001
86.768951 23.937105 1.000000 0.047046 0.018284 1.697497 56.855000
86.738647 24.164820 1.000000 0.093363 0.020849 1.583914 56.970001
86.719582 24.373041 1.000000 0.012099 0.022920 1.574281 57.075001
86.702538 24.581581 1.000000 0.004570 0.023848 1.583840 57.180000
86.683083 24.830355 1.000000 0.013512 0.022897 1.592805 57.305000
86.668243 25.039671 1.000000 0.018142 0.022050 1.598739 57.410000
86.655281 25.249216 1.000000 0.018013 0.020594 1.603446 57.514999
86.644165 25.458860 1.000000 0.013445 0.021223 1.607270 57.619999
86.636261 25.668636 1.000000 0.022402 0.021164 1.566784 57.724998
86.631210 25.878490 1.000000 0.035174 0.021459 1.543634 57.830002
86.627579 26.088360 1.000000 -0.016321 0.019249 1.554607 57.935001
86.621559 26.328096 1.000000 -0.019683 0.019509 1.564483 58.055000
86.614098 26.537788 1.000000 -0.011733 0.020229 1.571326 58.160000
86.605408 26.747498 1.000000 -0.002824 0.020733 1.576847 58.264999
86.596458 26.957268 1.000000 0.004552 0.020519 1.581247 58.369999
86.587585 27.177063 1.000000 0.008999 0.020285 1.584940 58.480000
86.580055 27.386873 1.000000 0.009980 0.020756 1.587765 58.584999
86.573547 27.596739 1.000000 0.008641 0.020215 1.590042 58.689999
86.567886 27.806627 1.000000 0.005600 0.020822 1.591866 58.794998
86.562309 28.036524 1.000000 0.002118 0.020397 1.593462 58.910000
86.557343 28.246418 1.000000 -0.000607 0.020223 1.594625 59.014999
86.552307 28.456303 1.000000 -0.002472 0.020618 1.595547 59.119999
86.546951 28.666204 1.000000 -0.003047 0.020833 1.596290 59.224998
86.541214 28.876114 1.000000 -0.002657 0.020240 1.596885 59.330002
86.534851 29.095978 1.000000 -0.001585 0.020343 1.597387 59.439999
86.528549 29.305822 1.000000 -0.000281 0.020047 1.597769 59.544998
86.521835 29.525648 1.000000 0.000907 0.020045 1.598089 59.654999
86.515472 29.735435 1.000000 0.001650 0.020495 1.598334 59.759998
86.509232 29.945211 1.000000 0.001888 0.020493 1.598529 59.865002
86.502853 30.165007 1.000000 0.001766 0.020077 1.598694 59.974998
86.496071 30.404764 1.000000 0.001298 0.020153 1.598836 60.095001
86.490196 30.614529 1.000000 0.000874 0.020185 1.598935 60.200001
86.484428 30.824303 1.000000 0.000372 0.020358 1.599013 60.305000
86.478569 31.034107 1.000000 0.000006 0.020059 1.599077 60.410000
86.472641 31.243904 1.000000 0.000021 0.020379 1.599127 60.514999
86.466713 31.453693 1.000000 0.000107 0.020303 1.599167 60.619999
86.460678 31.663483 1.000000 0.000212 0.020363 1.599201 60.724998
86.454590 31.873278 1.000000 0.000527 0.019799 1.599227 60.830002
86.448212 32.093014 1.000000 0.000768 0.020520 1.599249 60.939999
86.441833 32.312782 1.000000 0.000912 0.020491 1.599266 61.049999
86.437447 32.522545 1.000000 0.080125 0.019815 1.514426 61.154999
86.439323 32.731964 1.000000 0.009061 0.021554 1.503950 61.259998
86.442841 32.941391 1.000000 0.002882 0.022389 1.508828 61.365002
86.446922 33.150974 1.000000 0.010056 0.022196 1.512702 61.470001
86.452812 33.380585 1.000000 0.014773 0.021054 1.516084 61.584999
86.460335 33.600212 1.000000 0.014326 0.020929 1.518640 61.695000
86.469170 33.809856 1.000000 0.010449 0.020477 1.520590 61.799999
86.479195 34.019501 1.000000 0.004999 0.020116 1.522157 61.904999
86.492233 34.228821 1.000000 0.066937 0.019024 1.428489 62.009998
86.510796 34.437389 1.000000 -0.000669 0.021067 1.437262 62.115002
86.529953 34.646004 1.000000 -0.005851 0.021533 1.443602 62.220001
86.548859 34.854832 1.000000 -0.001437 0.021067 1.448707 62.325001
86.567909 35.063755 1.000000 0.002978 0.020868 1.452796 62.430000
86.591354 35.312553 1.000000 0.005222 0.021026 1.456660 62.555000
86.611900 35.521515 1.000000 0.004761 0.019932 1.459219 62.660000
86.633156 35.730385 1.000000 0.002822 0.020926 1.461274 62.764999
86.655975 35.949188 1.000000 0.000114 0.020528 1.462975 62.875000
86.682106 36.197811 1.000000 -0.002417 0.019707 1.464502 63.000000
86.704048 36.406654 1.000000 -0.003901 0.019681 1.465498 63.105000
86.725777 36.615498 1.000000 -0.004530 0.019692 1.466311 63.209999
86.747238 36.824341 1.000000 -0.004296 0.020551 1.466959 63.314999
86.768456 37.033249 1.000000 -0.003764 0.019795 1.467484 63.419998
86.789474 37.242172 1.000000 -0.002794 0.019990 1.467900 63.525002
86.810463 37.451096 1.000000 -0.001958 0.019992 1.468237 63.630001
86.831451 37.660019 1.000000 -0.001346 0.020562 1.468506 63.735001
86.854439 37.888840 1.000000 -0.001046 0.020287 1.468741 63.849998
86.875504 38.097763 1.000000 -0.000934 0.020436 1.468912 63.955002
86.896652 38.306686 1.000000 -0.001083 0.020442 1.469050 64.059998
86.916916 38.505661 1.000000 -0.001358 0.020104 1.469155 64.160004
86.937210 38.704636 1.000000 -0.001713 0.020120 1.469241 64.260002
86.957504 38.903610 1.000000 -0.001995 0.019764 1.469311 64.360001
86.977333 39.112568 1.000000 -0.022289 0.020200 1.511795 64.464996
86.994736 39.321667 1.000000 -0.006035 0.020938 1.510459 64.570000
87.013054 39.550755 1.000000 -0.007959 0.020035 1.509290 64.684998
87.029007 39.760010 1.000000 -0.010453 0.021267 1.508446 64.790001
87.043846 39.969383 1.000000 -0.059232 0.018306 1.542760 64.894997
87.053497 40.178738 1.000000 -0.039331 0.021528 1.580349 65.000000
87.058372 40.388176 1.000000 -0.035838 0.022158 1.584052 65.105003
87.059288 40.597775 1.000000 -0.038738 0.021158 1.587024 65.209999
87.056099 40.807419 1.000000 -0.033270 0.021188 1.589420 65.315002
87.049347 41.017063 1.000000 -0.022744 0.020358 1.591339 65.419998
87.040237 41.226707 1.000000 -0.009569 0.020368 1.592878 65.525002
87.030128 41.436352 1.000000 0.002224 0.020546 1.594124 65.629997
87.020271 41.646053 1.000000 0.010714 0.020860 1.595118 65.735001
87.011116 41.865803 1.000000 0.014231 0.020610 1.595942 65.845001
87.003563 42.085598 1.000000 0.013152 0.020386 1.596603 65.955002
86.997726 42.295483 1.000000 0.009498 0.020413 1.597112 66.059998
86.992859 42.505367 1.000000 0.004548 0.020584 1.597518 66.165001
86.988426 42.715252 1.000000 0.000170 0.020566 1.597845 66.269997
86.983910 42.925137 1.000000 -0.002946 0.020318 1.598106 66.375000
86.978798 43.144985 1.000000 -0.004380 0.019825 1.598327 66.485001
86.973122 43.364780 1.000000 -0.004238 0.020782 1.598503 66.595001
86.967178 43.574585 1.000000 -0.003035 0.020107 1.598637 66.699997
86.960861 43.784389 1.000000 -0.001300 0.020567 1.598744 66.805000
86.954346 43.994194 1.000000 0.000371 0.020320 1.598830 66.910004
86.947495 44.203987 1.000000 -0.055955 0.019322 1.643276 67.014999
86.937180 44.413517 1.000000 -0.003229 0.020728 1.649633 67.120003
86.926018 44.623001 1.000000 0.004184 0.020258 1.646679 67.224998
86.915009 44.832516 1.000000 -0.000340 0.020522 1.644317 67.330002
86.903259 45.052059 1.000000 -0.004522 0.020247 1.642335 67.440002
86.891403 45.261589 1.000000 -0.006363 0.020015 1.640823 67.544998
86.878723 45.471054 1.000000 -0.005933 0.019920 1.639605 67.650002
86.865280 45.680458 1.000000 -0.003901 0.019987 1.638625 67.754997
86.851303 45.889843 1.000000 -0.001215 0.019849 1.637838 67.860001
86.837067 46.099167 1.000000 0.001458 0.020793 1.637208 67.964996
86.820885 46.338436 1.000000 0.037572 0.018993 1.614833 68.084999
86.810181 46.547791 1.000000 0.018462 0.021261 1.580471 68.190002
86.801849 46.757229 0.993285 0.003112 0.021353 1.584169 68.294998
86.794296 46.956806 0.958999 0.003797 0.021363 1.587032 68.394997
86.788406 47.156441 0.945234 0.022835 0.019776 1.554960 68.495003
86.785995 47.365837 0.940719 0.095960 0.018192 1.477806 68.599998
86.790024 47.574596 0.933410 0.004956 0.022987 1.510485 68.705002
86.792824 47.783302 0.932838 -0.121515 0.016739 1.652780 68.809998
86.785881 47.988411 0.946541 -0.066674 -0.132821 1.658646 68.915001
86.772469 48.196266 0.945055 -0.034765 -0.107929 1.668620 69.029999
86.754845 48.396320 0.943768 -0.033094 -0.052566 1.676636 69.150002
86.724861 48.624443 0.942496 -0.046927 -0.020387 1.723148 69.294998
86.688133 48.821251 0.941572 -0.104414 -0.004013 1.883323 69.425003
86.634705 49.034397 0.953205 -0.026288 -0.077996 1.902215 69.570000
86.580276 49.231373 0.953987 -0.018020 -0.221147 1.909580 69.720001
86.525177 49.424648 0.954796 -0.014601 -0.186371 1.916514 69.925003
86.467201 49.616161 0.955767 -0.003696 -0.042726 2.044127 70.419998
86.349045 49.780266 0.955767 -0.043144 0.282609 2.311303 71.004997
86.202354 49.933262 0.955767 0.030485 0.115305 2.404372 71.180000
86.063187 50.081646 0.955767 0.013549 0.053374 2.469900 71.324997
85.923401 50.232540 0.955767 0.016713 0.027220 2.500392 71.464996
85.786583 50.381565 0.955767 -0.005485 0.021145 2.481955 71.599998
85.646507 50.530170 0.955767 -0.014887 0.017438 2.454469 71.735001
85.495293 50.684696 0.955767 -0.046860 -0.240780 2.580131 71.885002
85.349823 50.836708 0.955767 -0.072379 -0.181038 2.789567 72.084999
85.215736 50.991390 0.955767 -0.062084 -0.056131 -3.111397 72.449997
85.105797 51.160805 0.955767 0.018013 0.314750 1.819678 74.555000
85.056770 51.374275 0.955767 0.027633 0.319950 1.753999 74.794998
85.018921 51.571815 0.955767 0.005378 0.219935 1.681508 74.930000
84.983955 51.769947 0.955767 -0.031664 0.122617 1.629208 75.044998
84.946159 51.972462 0.955767 -0.044449 0.070766 1.645162 75.154999
84.899010 52.200222 0.955767 0.004349 0.046819 1.654539 75.275002
84.852066 52.432098 0.955767 0.044433 0.036591 1.661927 75.394997
84.815582 52.637436 0.955767 0.059967 0.029446 1.667026 75.500000
84.783882 52.854301 0.955767 0.056738 0.024523 1.671277 75.610001
84.759491 53.062424 0.955767 0.041985 0.022123 1.674519 75.714996
84.739212 53.271194 0.955767 0.022391 0.020802 1.677119 75.820000
84.720993 53.480247 0.955767 0.003171 0.020602 1.679216 75.925003
84.702843 53.689323 0.955767 -0.010992 0.020317 1.680907 76.029999
84.683304 53.898277 0.955767 -0.018949 0.020625 1.682270 76.135002
84.659332 54.126896 0.955767 -0.019433 0.020176 1.683457 76.250000
84.635094 54.335403 0.955767 -0.014147 0.019790 1.684310 76.355003
84.609177 54.543724 0.955767 -0.006581 0.019906 1.684992 76.459999
84.582390 54.751957 0.955767 0.000665 0.019840 1.685546 76.565002
84.552956 54.980007 0.955767 0.006964 0.019899 1.686025 76.680000
84.521545 55.227818 0.955767 -0.042289 -0.040535 1.751413 76.805000
84.489639 55.445553 0.955767 -0.113006 -0.136071 1.925234 76.919998
84.443604 55.665028 0.955767 -0.135493 -0.056392 2.099926 77.050003
84.382881 55.862953 0.955767 -0.120007 -0.001925 2.168252 77.180000
84.302872 56.054134 0.955767 -0.113965 0.019013 2.233435 77.315002
84.205170 56.233727 0.955767 -0.099992 0.024372 2.297408 77.449997
84.091827 56.403152 0.955767 -0.084218 0.023178 2.361565 77.584999
83.965652 56.563457 0.955767 -0.072998 0.021693 2.428901 77.720001
83.828941 56.715286 0.955767 -0.063480 0.019544 2.492255 77.855003
83.666946 56.874550 0.955767 -0.059988 0.018334 2.562017 78.004997
83.502083 57.016850 0.955767 -0.068826 0.176466 2.628295 78.144997
83.335861 57.140476 0.955767 -0.075568 0.135915 2.699262 78.264999
83.149529 57.261871 0.955767 -0.083213 0.086583 2.775806 78.385002
82.975784 57.361492 0.955767 -0.134620 -0.052575 2.908813 78.489998
82.788773 57.452930 0.955767 -0.173745 -0.078044 3.075584 78.605003
82.595955 57.525608 0.955767 -0.189317 -0.011553 -3.059046 78.730003
82.379204 57.573456 0.955767 -0.184226 0.041122 -2.909104 78.875000
82.172874 57.582695 0.955767 -0.160435 0.057464 -2.776342 79.014999
81.969505 57.559368 0.955767 -0.103098 0.052789 -2.679082 79.154999
81.761169 57.510971 0.955767 -0.071852 0.040567 -2.645510 79.300003
81.569008 57.450443 0.955767 -0.062516 0.030401 -2.602211 79.434998
81.379547 57.377941 0.955767 -0.027653 0.023257 -2.601708 79.570000
81.191345 57.298634 0.955767 -0.027762 0.018690 -2.619785 79.705002
81.004524 57.213776 0.955767 -0.027664 0.013941 -2.633344 79.839996
80.805969 57.117046 0.955767 -0.019415 0.011768 -2.644241 79.985001
80.622185 57.023022 0.955767 -0.008671 0.110584 -2.651899 80.120003
80.424675 56.919575 0.955767 0.001697 0.150823 -2.657623 80.254997
80.222466 56.814217 0.955767 0.078257 0.092401 -2.722384 80.379997
80.023918 56.718567 0.955767 0.009252 0.056563 -2.736264 80.495003
79.837166 56.632332 0.955767 0.085356 0.030195 -2.822116 80.599998
79.647758 56.551929 0.955767 0.021139 -0.035268 -2.823043 80.705002
79.454857 56.472420 0.955767 0.018830 -0.086485 -2.813544 80.815002
79.267548 56.399254 0.955767 0.097080 0.069184 -2.894235 80.925003
79.072578 56.335388 0.955767 0.099960 0.076727 -2.981107 81.035004
78.878319 56.284195 0.955767 0.094778 0.061163 -3.060773 81.139999
78.678543 56.243023 0.955767 0.098593 0.050262 -3.139371 81.245003
78.475334 56.210999 0.955767 0.030067 0.040405 -3.137253 81.349998
78.260048 56.181625 0.955767 0.034429 0.034442 -3.124721 81.459999
78.052849 56.157398 0.955767 0.045357 0.029093 -3.115106 81.565002
77.844521 56.137917 0.955767 0.045849 0.024870 -3.107397 81.669998
77.605637 56.121437 0.955767 0.034512 0.021569 -3.100442 81.790001
77.396278 56.110844 0.955767 0.018836 0.020967 -3.095576 81.894997
77.186722 56.102093 0.955767 0.001830 0.021120 -3.091693 82.000000
76.977158 56.093407 0.955767 -0.010008 0.020792 -3.088569 82.105003
76.767593 56.083538 0.955767 0.003746 0.019551 -3.097665 82.209999
76.558029 56.073769 0.955767 0.003454 0.020897 -3.118143 82.315002
76.348465 56.064651 0.955767 0.012137 0.021342 -3.121411 82.419998
76.138748 56.056870 0.955767 0.021734 0.020267 -3.124029 82.525002
75.929024 56.051392 0.955767 0.024611 0.020965 -3.126120 82.629997
75.719170 56.048481 0.955767 0.021456 0.020509 -3.127810 82.735001
75.499290 56.047806 0.955767 0.013378 0.020209 -3.129220 82.845001
75.289490 56.050156 0.955767 0.045971 0.019761 3.091833 82.949997
75.079926 56.056900 0.955767 0.006402 0.021752 3.091341 83.055000
74.870277 56.064667 0.955767 0.004648 0.020929 3.090988 83.160004
74.640579 56.073917 0.955767 0.007614 0.020754 3.090679 83.275002
74.430855 56.083324 0.955767 0.008436 0.020110 3.090454 83.379997
74.211296 56.094242 0.955767 0.007016 0.020062 3.090266 83.489998
74.001732 56.105522 0.955767 0.004115 0.019809 3.090122 83.595001
73.792183 56.117329 0.955767 0.000781 0.019879 3.090007 83.699997
73.582741 56.129265 0.955767 -0.002133 0.020950 3.089916 83.805000
73.373177 56.141106 0.955767 -0.003824 0.021138 3.089842 83.910004
73.163612 56.152637 0.955767 -0.004477 0.019959 3.089782 84.014999
72.954048 56.163807 0.955767 -0.004112 0.020078 3.089735 84.120003
72.744484 56.174652 0.955767 -0.003126 0.020194 3.089696 84.224998
72.534920 56.185276 0.955767 -0.001845 0.020289 3.089664 84.330002
72.325356 56.195816 0.955767 -0.000765 0.020919 3.089639 84.434998
72.105652 56.206894 0.955767 -0.000020 0.020246 3.089618 84.544998
71.896027 56.217575 0.955767 0.000264 0.020058 3.089603 84.650002
71.686462 56.228378 0.955767 0.000157 0.020234 3.089589 84.754997
71.476898 56.239311 0.955767 -0.000184 0.020646 3.089578 84.860001
71.267334 56.250328 0.955767 -0.000564 0.020709 3.089571 84.964996
71.057770 56.261383 0.955767 -0.001028 0.020703 3.089564 85.070000
70.808235 56.274544 0.955767 -0.001373 0.020061 3.089558 85.195000
70.598671 56.285557 0.955767 -0.001490 0.020000 3.089553 85.300003
70.389107 56.296532 0.955767 -0.001446 0.019912 3.089550 85.404999
70.179543 56.307430 0.955767 -0.001337 0.020362 3.089548 85.510002
69.969978 56.318325 0.955767 -0.001124 0.020587 3.089546 85.614998
69.760323 56.329220 0.955767 -0.001016 0.020394 3.089544 85.720001
69.560585 56.339596 0.955767 -0.000928 0.020763 3.089542 85.820000
69.360847 56.349972 0.955767 -0.000930 0.020108 3.089542 85.919998
69.161110 56.360348 0.955767 -0.000888 0.020431 3.089542 86.019997
68.961372 56.370724 0.955767 -0.000875 0.019779 3.089542 86.120003
68.751732 56.381618 0.955767 -0.000865 0.019816 3.089542 86.224998
68.542168 56.392513 0.955767 -0.000856 0.020004 3.089542 86.330002
68.332603 56.403458 0.955767 -0.000853 0.020916 3.089542 86.434998
68.113060 56.414955 0.955767 -0.001030 0.020764 3.089542 86.544998
67.893425 56.426453 0.955767 -0.001148 0.020074 3.089542 86.654999
67.653877 56.438946 0.955767 -0.001173 0.020576 3.089542 86.775002
67.434166 56.450359 0.955767 -0.001064 0.019969 3.089542 86.885002
67.224442 56.461254 0.955767 -0.000969 0.019949 3.089542 86.989998
67.014854 56.472149 0.955767 -0.000949 0.019778 3.089542 87.095001
66.805290 56.483044 0.955767 -0.000891 0.020312 3.089542 87.199997
66.595726 56.493958 0.955767 -0.000888 0.019918 3.089542 87.305000
66.386162 56.504932 0.955767 -0.001003 0.020303 3.089542 87.410004
66.176567 56.515907 0.955767 -0.001091 0.021064 3.089542 87.514999
65.976830 56.526344 0.955767 -0.001159 0.020430 3.089542 87.614998
65.777092 56.536720 0.955767 -0.001126 0.020464 3.089542 87.714996
65.567368 56.547085 0.955767 -0.066730 0.018850 -3.138206 87.820000
65.357750 56.553326 0.955767 -0.010821 0.020505 -3.133272 87.925003
65.148071 56.557938 0.955767 -0.010982 0.021201 -3.133557 88.029999
64.928314 56.561390 0.955767 -0.016852 0.021485 -3.133796 88.139999
64.718430 56.562832 0.955767 -0.018123 0.021054 -3.133979 88.245003
64.508545 56.562328 0.955767 -0.015007 0.020705 -3.134125 88.349998
64.298660 56.560200 0.955767 -0.009726 0.020226 -3.134243 88.455002
64.088776 56.557030 0.955767 -0.003024 0.020569 -3.134336 88.559998
63.878891 56.553520 0.955767 0.002309 0.020156 -3.134412 88.665001
63.669006 56.550251 0.955767 0.005768 0.020553 -3.134475 88.769997
63.429138 56.547256 0.955767 0.007053 0.020071 -3.134531 88.889999
63.219254 56.545414 0.955767 0.005982 0.020801 -3.134569 88.995003
63.009369 56.544189 0.955767 0.004080 0.020241 -3.134600 89.099998
62.799484 56.543365 0.955767 0.001723 0.020134 -3.134625 89.205002
62.589573 56.542694 0.955767 -0.000654 0.020862 -3.134645 89.309998
62.379608 56.541931 0.955767 -0.001816 0.019953 -3.134661 89.415001
62.169659 56.540955 0.955767 -0.002319 0.020953 -3.134674 89.519997
61.959694 56.539715 0.955767 -0.002101 0.020574 -3.134684 89.625000
61.749729 56.538242 0.955767 -0.001423 0.020482 -3.134693 89.730003
61.519779 56.536442 0.955767 -0.000527 0.019990 -3.134698 89.845001
61.309895 56.534721 0.955767 0.000296 0.020337 -3.134703 89.949997
61.100010 56.533039 0.955767 0.000818 0.020220 -3.134708 90.055000
60.890125 56.531406 0.955767 0.001050 0.020431 -3.134713 90.160004
60.680241 56.529869 0.955767 0.001005 0.020412 -3.134716 90.264999
60.470409 56.528423 0.955767 0.000786 0.020763 -3.134716 90.370003
60.240623 56.526932 0.955767 0.000416 0.020273 -3.134716 90.485001
60.030819 56.525570 0.955767 0.000127 0.020334 -3.134716 90.589996
59.821007 56.524208 0.955767 -0.000047 0.020500 -3.134716 90.695000
59.611153 56.522846 0.955767 -0.000142 0.020600 -3.134716 90.800003
59.401268 56.521469 0.955767 -0.000196 0.020131 -3.134716 90.904999
59.191383 56.520027 0.955767 -0.000136 0.020136 -3.134716 91.010002
58.981499 56.518585 0.955767 -0.000026 0.019856 -3.134716 91.114998
58.771675 56.517143 0.955767 0.000048 0.020520 -3.134716 91.220001
58.561825 56.515678 0.955767 0.000101 0.020411 -3.134716 91.324997
58.351940 56.514160 0.955767 0.000225 0.020467 -3.134716 91.430000
58.132061 56.512650 0.955767 0.000277 0.020246 -3.134716 91.540001
57.902187 56.511070 0.955767 0.000233 0.020055 -3.134716 91.654999
57.662361 56.509422 0.955767 0.000188 0.020621 -3.134716 91.775002
57.422512 56.507774 0.955767 0.000167 0.020377 -3.134716 91.894997
57.212627 56.506332 0.955767 0.000157 0.020277 -3.134716 92.000000
57.002743 56.504890 0.955767 0.000153 0.019977 -3.134716 92.105003
56.792858 56.503448 0.955767 0.000146 0.020353 -3.134716 92.209999
56.572979 56.501938 0.955767 0.000146 0.020258 -3.134716 92.320000
56.363094 56.500496 0.955767 0.000140 0.020911 -3.134716 92.425003
56.153210 56.499054 0.955767 0.000142 0.020535 -3.134716 92.529999
55.943295 56.497612 0.955767 0.000143 0.020384 -3.134716 92.635002
55.723415 56.496101 0.955767 0.000141 0.020556 -3.134716 92.745003
55.503529 56.494591 0.955767 0.000142 0.020478 -3.134716 92.855003
55.293625 56.493149 0.955767 0.000142 0.020519 -3.134716 92.959999
55.083740 56.491707 0.955767 0.000143 0.020309 -3.134716 93.065002
54.873856 56.490265 0.955767 0.000142 0.020434 -3.134716 93.169998
54.663971 56.488823 0.955767 0.000140 0.020728 -3.134716 93.275002
54.444092 56.487312 0.955767 0.000144 0.020231 -3.134716 93.385002
54.234207 56.485870 0.955767 0.000140 0.020582 -3.134716 93.489998
54.024323 56.484428 0.955767 0.000144 0.020289 -3.134716 93.595001
53.814438 56.482986 0.955767 0.000141 0.020608 -3.134716 93.699997
53.604515 56.481544 0.955767 0.000145 0.020167 -3.134716 93.805000
53.394550 56.480103 0.955767 0.000139 0.020781 -3.134716 93.910004
53.184586 56.478661 0.955767 0.000142 0.020297 -3.134716 94.014999
52.974621 56.477219 0.955767 0.000143 0.020195 -3.134716 94.120003
52.764656 56.475777 0.955767 0.000138 0.020645 -3.134716 94.224998
52.554691 56.474335 0.955767 0.000140 0.020496 -3.134716 94.330002
52.344769 56.472168 0.955767 -0.029852 0.019877 -3.096229 94.434998
52.105125 56.465347 0.955767 -0.071812 0.021135 -3.021785 94.555000
51.896103 56.452919 0.955767 -0.060020 0.021380 -2.965642 94.660004
51.687798 56.435333 0.955767 -0.074113 0.023396 -2.911385 94.764999
51.480278 56.412136 0.955767 -0.034089 0.027257 -2.917627 94.870003
51.273708 56.381863 0.955767 -0.129825 0.029272 -2.823801 94.974998
51.070503 56.337757 0.955767 -0.142377 0.035228 -2.733622 95.080002
50.871929 56.278214 0.955767 -0.137997 0.038557 -2.649186 95.184998
50.678600 56.203854 0.955767 -0.127665 0.039792 -2.571948 95.290001
50.490948 56.115856 0.955767 -0.123072 0.039695 -2.496053 95.394997
50.309578 56.015160 0.955767 -0.120912 0.039111 -2.421177 95.500000
50.135818 55.902996 0.955767 -0.119679 -0.006537 -2.344625 95.605003
49.973591 55.783463 0.955767 -0.118705 -0.065181 -2.273029 95.709999
49.813961 55.650440 0.955767 -0.097982 -0.156697 -2.187167 95.824997
49.663475 55.515472 0.955767 -0.089469 -0.280399 -2.051028 95.955002
49.512486 55.383438 0.955767 -0.098318 -0.187293 -1.862526 96.135002
49.354565 55.257568 0.955767 -0.077345 -0.063717 -1.527413 96.455002
49.222317 55.105972 0.955767 -0.039959 0.314903 -1.565128 97.375000
49.231178 54.901917 0.955767 0.002333 0.192693 -1.612678 97.589996
49.236168 54.682701 0.955767 0.045258 0.082970 -1.637128 97.754997
49.229527 54.465771 0.955767 0.070181 0.039085 -1.665554 97.904999
49.210480 54.258419 0.955767 0.045082 0.024061 -1.686025 98.044998
49.180889 54.041245 0.955767 0.032855 0.136133 -1.691911 98.190002
49.147991 53.837948 0.955767 0.015329 0.159430 -1.695778 98.315002
49.113300 53.632668 0.955767 -0.004638 0.101592 -1.698520 98.430000
49.076065 53.406960 0.955767 -0.016683 0.060344 -1.700770 98.550003
49.044434 53.204231 0.955767 -0.020433 0.041231 -1.702330 98.654999
49.014420 52.998878 0.955767 -0.018899 0.030607 -1.703581 98.760002
48.985996 52.792080 0.955767 -0.013659 0.025544 -1.704587 98.864998
48.956127 52.564716 0.955767 -0.006663 0.022733 -1.705471 98.980003
48.926754 52.336899 0.955767 -0.000652 0.021209 -1.706163 99.095001
48.899727 52.128777 0.955767 0.003022 0.020661 -1.706666 99.199997
48.872120 51.920654 0.955767 0.004390 0.019846 -1.707068 99.305000
48.841076 51.692787 0.955767 0.003681 0.019724 -1.707417 99.419998
48.812073 51.484825 0.955767 0.001727 0.020295 -1.707676 99.525002
48.784054 51.286766 0.955767 -0.000460 0.020493 -1.707872 99.625000
48.755852 51.088707 0.955767 -0.002505 0.019604 -1.708029 99.724998
48.728333 50.890575 0.955767 -0.072193 0.018952 -1.648174 99.824997
48.703701 50.682201 0.955767 -0.014076 0.020803 -1.648526 99.930000
48.680775 50.473606 0.955767 -0.014506 0.020978 -1.648801 100.035004
48.656410 50.234962 0.955767 -0.020318 0.020954 -1.649043 100.154999
48.635506 50.005997 0.955767 -0.020340 0.020376 -1.649229 100.269997
48.617157 49.766830 0.955767 -0.054379 0.019638 -1.597102 100.389999
48.604523 49.527485 0.955767 -0.009004 0.020952 -1.600825 100.510002
48.594711 49.317944 0.955767 -0.003632 0.021698 -1.603543 100.614998
48.585243 49.108261 0.955767 -0.002671 0.020709 -1.605715 100.720001
48.575981 48.898533 0.955767 -0.002147 0.020556 -1.607470 100.824997
48.567310 48.698719 0.955767 -0.001659 0.020009 -1.608821 100.925003
48.558281 48.488914 0.955767 -0.000976 0.020620 -1.609961 101.029999
48.549309 48.279110 0.955767 -0.000497 0.020016 -1.610865 101.135002
48.539398 48.049374 0.955767 -0.000182 0.020444 -1.611655 101.250000
48.530296 47.839649 0.955767 -0.000159 0.020553 -1.612232 101.355003
48.520687 47.619938 0.955767 -0.000308 0.019914 -1.612716 101.464996
48.511475 47.410213 0.955767 -0.000502 0.021044 -1.613090 101.570000
48.500870 47.170528 0.955767 -0.000777 0.020231 -1.613423 101.690002
48.491577 46.960804 0.955767 -0.001017 0.019994 -1.613656 101.794998
48.482338 46.751080 0.955767 -0.001123 0.020138 -1.613841 101.900002
48.473125 46.541340 0.955767 -0.001063 0.020570 -1.613990 102.004997
48.464352 46.341526 0.955767 -0.001020 0.020271 -1.614104 102.105003
48.455578 46.141712 0.955767 -0.000991 0.020013 -1.614198 102.205002
48.446877 45.941898 0.955767 -0.000923 0.019902 -1.614271 102.305000
48.437744 45.732159 0.955767 -0.000772 0.020098 -1.614338 102.410004
48.428593 45.522434 0.955767 -0.000683 0.019853 -1.614389 102.514999
48.419380 45.312710 0.955767 -0.000688 0.020804 -1.614430 102.620003
48.410168 45.102921 0.955767 -0.000821 0.019864 -1.614465 102.724998
48.403111 44.893223 0.955767 -0.018051 0.019699 -1.563462 102.830002
48.397972 44.663586 0.955767 -0.002122 0.021504 -1.566836 102.945000
48.393639 44.453808 0.955767 -0.004418 0.021347 -1.569292 103.050003
48.389790 44.243923 0.955767 -0.007250 0.019980 -1.571255 103.154999
48.386356 44.004078 0.955767 -0.007973 0.020449 -1.573026 103.275002
48.384003 43.764221 0.955767 -0.006329 0.020555 -1.574411 103.394997
48.382660 43.554337 0.955767 -0.003791 0.020691 -1.575376 103.500000
48.381699 43.344452 0.955767 -0.000947 0.020392 -1.576142 103.605003
48.380806 43.134567 0.955767 0.001284 0.020311 -1.576756 103.709999
48.380077 42.924683 0.955767 -0.056001 0.019741 -1.532351 103.815002
48.382576 42.714931 0.955767 0.005396 0.020222 -1.530243 103.919998
48.384903 42.505207 0.955767 0.018440 0.019821 -1.537538 104.025002
48.385471 42.295441 0.955767 0.014819 0.020393 -1.543421 104.129997
48.384552 42.085613 0.955767 0.007513 0.020593 -1.548147 104.235001
48.382729 41.855740 0.955767 -0.000221 0.020563 -1.552267 104.349998
48.381107 41.645855 0.955767 -0.005167 0.020718 -1.555249 104.455002
48.380070 41.435970 0.955767 -0.007468 0.020353 -1.557658 104.559998
48.379848 41.226086 0.955767 -0.007521 0.019839 -1.559595 104.665001
48.380539 40.996277 0.955767 -0.005218 0.020867 -1.561285 104.779999
48.381783 40.786404 0.955767 -0.002485 0.020893 -1.562506 104.885002
48.383381 40.566525 0.955767 0.000098 0.020132 -1.563531 104.995003
48.384911 40.356640 0.955767 0.001944 0.020823 -1.564318 105.099998
48.386246 40.146755 0.955767 0.002902 0.019666 -1.564951 105.205002
48.387283 39.936916 0.955767 0.002967 0.020416 -1.565455 105.309998
48.388027 39.727085 0.955767 0.002345 0.020329 -1.565863 105.415001
48.388538 39.517242 0.955767 0.001254 0.021115 -1.566190 105.519997
48.388939 39.307358 0.955767 0.000317 0.020776 -1.566454 105.625000
48.389351 39.077484 0.955767 -0.000496 0.019937 -1.566679 105.739998
48.389828 38.847610 0.955767 -0.000936 0.020439 -1.566858 105.855003
48.389370 38.637821 0.955767 0.073024 0.018820 -1.638932 105.959999
48.382172 38.428646 0.955767 0.020085 0.021527 -1.680749 106.065002
48.370049 38.219887 0.955767 0.021324 0.023241 -1.720553 106.169998
48.351200 37.981571 0.955767 0.025626 0.024188 -1.748748 106.290001
48.331467 37.773182 0.955767 0.036525 0.023585 -1.783377 106.394997
48.308361 37.565147 0.955767 -0.007334 0.021543 -1.785681 106.500000
48.285046 37.356972 0.955767 -0.011721 0.020700 -1.770611 106.605003
48.262329 37.148529 0.955767 0.002323 0.021853 -1.758487 106.709999
48.238914 36.940010 0.955767 0.012591 0.021654 -1.748796 106.815002
48.213779 36.731598 0.955767 0.016884 0.021676 -1.740961 106.919998
48.186527 36.523380 0.955767 0.015602 0.020521 -1.734701 107.025002
48.158794 36.325298 0.955767 0.010314 0.020612 -1.729894 107.125000
48.129837 36.127354 0.955767 -0.014389 0.019150 -1.714818 107.224998
48.101906 35.919395 0.955767 -0.035774 0.019314 -1.643308 107.330002
48.077892 35.711212 0.955767 -0.013797 0.021670 -1.644656 107.434998
48.053345 35.482872 0.955767 -0.018972 0.021927 -1.645823 107.550003
48.032875 35.274040 0.955767 -0.021723 0.021347 -1.646674 107.654999
48.014557 35.064930 0.955767 -0.020277 0.020032 -1.647359 107.760002
47.998184 34.855633 0.955767 -0.014077 0.020492 -1.647905 107.864998
47.983143 34.646210 0.955767 -0.007970 0.019724 -1.648347 107.970001
47.967365 34.416775 0.955767 -0.000147 0.020396 -1.648728 108.084999
47.952118 34.197346 0.955767 0.004336 0.020690 -1.649018 108.195000
47.936935 33.987926 0.955767 0.005994 0.020613 -1.649239 108.300003
47.921741 33.788494 0.955767 0.005529 0.020056 -1.649409 108.400002
47.905888 33.589096 0.955767 0.003718 0.020206 -1.649546 108.500000
47.887890 33.369823 0.955767 0.001249 0.019874 -1.649671 108.610001
47.870445 33.160580 0.955767 -0.001246 0.020030 -1.649768 108.714996
47.853413 32.951317 0.955767 -0.055062 0.020007 -1.605664 108.820000
47.839596 32.741928 0.955767 -0.049551 0.018970 -1.578551 108.925003
47.828690 32.532516 0.955767 -0.013242 0.021452 -1.578694 109.029999
47.819496 32.322964 0.955767 -0.018315 0.021726 -1.578851 109.135002
47.812019 32.103245 0.955767 -0.024038 0.020926 -1.578986 109.245003
47.807461 31.893412 0.955767 -0.023418 0.020476 -1.579084 109.349998
47.805355 31.683527 0.955767 -0.017289 0.020683 -1.579162 109.455002
47.805069 31.473614 0.955767 -0.009915 0.019902 -1.579228 109.559998
47.805775 31.263710 0.955767 -0.001809 0.019635 -1.579282 109.665001
47.806671 31.043863 0.955767 0.005124 0.020512 -1.579325 109.775002
47.806957 30.834019 0.955767 0.008490 0.020558 -1.579357 109.879997
47.807159 30.625305 0.955767 -0.073316 -0.104779 -1.453550 109.985001
47.813896 30.420593 0.955767 -0.110296 -0.116699 -1.287262 110.095001
47.831394 30.217703 0.955767 -0.100591 -0.052708 -1.218547 110.214996
47.864708 30.005693 0.955767 -0.108218 -0.004193 -1.146017 110.349998
47.917503 29.797392 0.955767 -0.104839 0.017746 -1.075815 110.489998
47.986382 29.604836 0.955767 -0.092774 0.023190 -1.009180 110.625000
48.071018 29.419323 0.955767 -0.075590 0.022044 -0.947676 110.760002
48.180202 29.220697 0.955767 0.001028 0.013496 -0.952977 110.910004
48.279533 29.042109 0.955767 0.048241 0.012005 -1.141918 111.044998
48.370964 28.859432 0.955767 0.031012 0.012810 -1.250398 111.180000
48.457088 28.674355 0.955767 0.032262 0.014128 -1.322688 111.315002
48.537369 28.486919 0.955767 0.056569 0.019475 -1.393822 111.449997
48.612888 28.281864 0.955767 0.073320 0.023756 -1.463260 111.595001
48.673573 28.072466 0.955767 0.085988 0.027342 -1.533212 111.739998
48.717239 27.859077 0.955767 0.047239 0.025282 -1.560024 111.885002
48.746204 27.657717 0.955767 0.049204 0.022001 -1.584207 112.019997
48.763710 27.453743 0.955767 0.029421 0.138428 -1.616161 112.154999
48.772552 27.239285 0.955767 0.081680 0.160584 -1.647793 112.285004
48.771477 27.030670 0.955767 -0.009056 0.100266 -1.641260 112.400002
48.769897 26.821106 0.955767 -0.029127 0.060603 -1.623782 112.510002
48.771076 26.616285 0.955767 -0.026719 0.040572 -1.610537 112.614998
48.774883 26.409096 0.955767 -0.018685 0.031527 -1.599682 112.720001
48.780495 26.200645 0.955767 -0.007633 0.026169 -1.591063 112.824997
48.786827 25.991556 0.955767 0.002013 0.023526 -1.584163 112.930000
48.792904 25.782114 0.955767 0.008160 0.022376 -1.578621 113.035004
48.798096 25.572462 0.955767 0.010499 0.021514 -1.574136 113.139999
48.802162 25.362700 0.955767 0.009653 0.021049 -1.570549 113.245003
48.805202 25.152870 0.955767 0.006932 0.020630 -1.567660 113.349998
48.809029 24.943117 0.955767 -0.031153 0.019207 -1.506909 113.455002
48.815922 24.733606 0.955767 -0.000847 0.021333 -1.509584 113.559998
48.823227 24.524033 0.955767 -0.001888 0.020932 -1.511729 113.665001
48.831673 24.294466 0.955767 -0.006926 0.020859 -1.513597 113.779999
48.840271 24.084841 0.955767 -0.009076 0.020667 -1.514954 113.885002
48.848907 23.875256 0.955767 0.069795 0.016958 -1.594752 113.989998
48.852818 23.665941 0.955767 0.008369 0.022089 -1.601314 114.095001
48.855331 23.456524 0.955767 0.003496 0.022976 -1.596991 114.199997
48.857315 23.246864 0.955767 0.008576 0.021613 -1.593541 114.305000
48.858307 23.037067 0.955767 0.011976 0.021442 -1.590768 114.410004
48.857979 22.827183 0.955767 0.011885 0.021372 -1.588515 114.514999
48.856365 22.617258 0.955767 0.008983 0.021164 -1.586723 114.620003
48.853783 22.407295 0.955767 0.004503 0.020880 -1.585301 114.724998
48.850689 22.197323 0.955767 0.000707 0.020598 -1.584133 114.830002
48.847214 21.967327 0.955767 -0.002865 0.020623 -1.583125 114.945000
48.844196 21.747337 0.955767 -0.004587 0.019879 -1.582364 115.055000
48.841782 21.537373 0.955767 -0.004732 0.020422 -1.581780 115.160004
48.839600 21.297398 0.955767 -0.003613 0.019933 -1.581257 115.279999
48.838009 21.077435 0.955767 -0.002033 0.019911 -1.580880 115.389999
48.836693 20.867525 0.955767 -0.000400 0.020280 -1.580592 115.495003
48.835400 20.657640 0.955767 0.000797 0.020464 -1.580361 115.599998
48.833992 20.447742 0.955767 0.001439 0.020638 -1.580176 115.705002
48.832405 20.237818 0.955767 0.001523 0.019960 -1.580027 115.809998
48.830647 20.027924 0.955767 0.001177 0.020564 -1.579909 115.915001
48.828751 19.818039 0.955767 0.000630 0.020830 -1.579813 116.019997
48.826759 19.608152 0.955767 0.000032 0.019856 -1.579735 116.125000
48.824757 19.398300 0.955767 -0.000474 0.019617 -1.579671 116.230003
48.822784 19.188496 0.955767 -0.000779 0.020724 -1.579622 116.334999
48.820877 18.978676 0.955767 -0.000834 0.020731 -1.579582 116.440002
48.818863 18.748829 0.955767 -0.000700 0.020445 -1.579547 116.555000
48.817101 18.538944 0.955767 -0.000483 0.020081 -1.579521 116.660004
48.815338 18.329092 0.955767 -0.000259 0.020595 -1.579501 116.764999
48.813576 18.119240 0.955767 -0.000121 0.020002 -1.579484 116.870003
48.811562 17.879417 0.955767 -0.000024 0.020412 -1.579473 116.989998
48.809799 17.669573 0.955767 0.000010 0.019784 -1.579463 117.095001
48.808037 17.459761 0.955767 0.000038 0.020654 -1.579453 117.199997
48.806240 17.249933 0.955767 0.000042 0.021009 -1.579443 117.305000
48.804398 17.040058 0.955767 -0.000068 0.020488 -1.579440 117.410004
48.802555 16.830173 0.955767 -0.000179 0.020635 -1.579440 117.514999
48.800713 16.620266 0.955767 -0.000255 0.020184 -1.579440 117.620003
48.798870 16.410372 0.955767 -0.000302 0.019694 -1.579440 117.724998
48.797028 16.200506 0.955767 -0.000310 0.020744 -1.579440 117.830002
48.795261 15.990606 0.955767 -0.000256 0.020774 -1.579440 117.934998
48.793247 15.750692 0.955767 -0.000125 0.020206 -1.579440 118.055000
48.791485 15.540771 0.955767 -0.000046 0.020610 -1.579440 118.160004
48.789307 15.290838 0.955767 -0.000058 0.020510 -1.579440 118.285004
48.787113 15.040896 0.955767 -0.000178 0.020047 -1.579440 118.410004
48.785271 14.830987 0.955767 -0.000252 0.019591 -1.579440 118.514999
48.783428 14.621139 0.955767 -0.000298 0.019774 -1.579440 118.620003
48.781639 14.411344 0.955767 -0.000282 0.020605 -1.579440 118.724998
48.779850 14.201571 0.955767 0.028262 -0.008869 -1.609788 118.830002
48.774677 13.997916 0.955767 0.089617 -0.133526 -1.762615 118.934998
48.759174 13.786153 0.955767 0.149318 -0.080566 -1.953527 119.055000
48.715828 13.541844 0.955767 0.160102 0.002019 -2.146667 119.209999
48.651356 13.339685 0.955767 0.103164 0.030112 -2.197779 119.349998
48.570648 13.153765 0.955767 0.095246 0.032427 -2.245756 119.485001
48.473560 12.975661 0.955767 0.086437 0.028376 -2.300132 119.620003
48.362057 12.805633 0.955767 0.078348 0.024954 -2.360942 119.754997
48.238693 12.643321 0.955767 0.028109 0.018940 -2.378240 119.889999
48.109383 12.484425 0.955767 0.021034 0.014460 -2.356472 120.025002
47.976383 12.327669 0.955767 0.022651 0.011883 -2.345164 120.160004
47.845692 12.175436 0.955767 -0.040353 0.153153 -2.245234 120.290001
47.720177 12.019046 0.984933 0.002707 0.003195 -2.174858 120.410004
47.596268 11.860274 0.989392 -0.021208 -0.047257 -2.158355 120.529999
47.476120 11.699017 1.035857 -0.000500 -0.030028 -2.163709 120.654999
47.347630 11.523278 1.034968 0.059844 -0.058031 -2.377673 120.794998
47.215424 11.351595 1.034190 0.026774 -0.231790 -2.356347 120.949997
47.091419 11.190184 1.033405 0.016053 -0.196888 -2.336052 121.154999
46.976711 11.026226 1.032507 0.009955 -0.027805 -2.525423 121.714996
