3.701615 1.506067 1.000000 -0.009374 0.333277 0.029369 0.000000
3.901899 1.511372 1.000000 0.034521 0.252361 0.021824 0.145000
4.106647 1.511583 1.000000 0.027827 0.144778 0.016997 0.265000
4.339381 1.508162 1.000000 0.010810 0.078653 0.013114 0.390000
4.542421 1.504061 1.000000 -0.000819 0.050169 0.010540 0.495000
4.778459 1.499669 1.000000 -0.010449 0.034513 0.008229 0.615000
4.986611 1.499046 1.000000 -0.063765 0.027975 0.081936 0.720000
5.195098 1.506219 1.000000 -0.073934 0.028647 0.151260 0.825000
5.403595 1.519213 1.000000 0.013609 0.022880 0.141297 0.930000
5.612488 1.531617 1.000000 0.005909 0.022376 0.134199 1.035000
5.851165 1.548088 1.000000 -0.024404 0.022892 0.188675 1.155000
6.059687 1.566361 1.000000 -0.047712 0.023840 0.202973 1.260000
6.277761 1.589598 1.000000 -0.017881 0.023966 0.204478 1.370000
6.505615 1.617076 1.000000 -0.018659 0.022581 0.193564 1.485000
6.713503 1.644692 1.000000 -0.021196 0.021923 0.185649 1.590000
6.921148 1.674905 1.000000 -0.018386 0.021401 0.179266 1.695000
7.128557 1.707373 1.000000 -0.012163 0.019924 0.174146 1.800000
7.335759 1.741368 1.000000 -0.003399 0.020271 0.170033 1.905000
7.533032 1.774348 1.000000 0.003458 0.019433 0.166848 2.005000
7.730330 1.807220 1.000000 0.008841 0.019992 0.164285 2.105000
7.927732 1.839498 1.000000 0.011455 0.019128 0.162203 2.205000
8.144998 1.874045 1.000000 0.011144 0.019620 0.160352 2.315000
8.352517 1.906123 1.000000 0.008853 0.020153 0.158938 2.420000
8.560145 1.937565 1.000000 0.005893 0.020179 0.157800 2.525000
8.757963 1.967213 1.000000 0.003063 0.020096 0.156923 2.625000
8.955801 1.996832 1.000000 0.010711 0.019652 0.150771 2.725000
9.163754 2.025110 1.000000 0.076316 0.019130 0.048161 2.830000
9.372027 2.047488 1.000000 0.012237 0.021536 0.050277 2.935000
9.580530 2.068198 1.000000 0.034951 0.021708 0.041420 3.040000
9.799175 2.084407 1.000000 0.063619 0.023266 -0.032150 3.150000
10.027869 2.092696 1.000000 0.054671 0.025695 -0.055146 3.265000
10.246905 2.093923 1.000000 0.048151 0.025051 -0.055915 3.375000
10.466177 2.089255 1.000000 0.048765 0.023119 -0.056523 3.485000
10.685300 2.077718 1.000000 0.059273 0.021982 -0.085382 3.595000
10.923838 2.056816 1.000000 0.080270 0.019316 -0.113332 3.715000
11.131282 2.028951 1.000000 0.121257 0.019805 -0.225823 3.820000
11.332626 1.991797 1.000000 0.030888 -0.136713 -0.228705 3.925000
11.552372 1.947012 1.000000 0.019519 -0.096508 -0.237026 4.050000
11.778224 1.896629 1.000000 0.066497 -0.040872 -0.311003 4.190000
11.976327 1.844121 1.000000 0.020773 -0.012394 -0.318008 4.320000
12.169400 1.788767 1.000000 0.011388 0.001439 -0.312446 4.450000
12.374661 1.726723 1.000000 0.011382 0.006716 -0.325502 4.590000
12.570826 1.663891 1.000000 0.040887 0.009333 -0.374349 4.725000
12.765650 1.596848 1.000000 -0.011645 0.100933 -0.369101 4.860000
12.958912 1.530590 1.000000 -0.010605 0.158422 -0.362800 4.985000
13.154671 1.463835 1.000000 -0.002627 0.104611 -0.358309 5.100000
13.352443 1.397626 1.000000 -0.074565 0.063986 -0.270142 5.210000
13.547596 1.337415 1.000000 -0.006934 0.035575 -0.258269 5.315000
13.741312 1.277949 1.000000 0.042286 -0.124927 -0.339912 5.420000
13.936970 1.213042 1.000000 0.055967 -0.097902 -0.458300 5.535000
14.132644 1.143426 1.007602 -0.004647 -0.047376 -0.419267 5.660000
14.341110 1.067569 1.008403 0.039933 -0.012631 -0.465902 5.800000
14.527462 0.992273 1.009013 0.040034 -0.038967 -0.472789 5.930000
14.710797 0.911825 1.009540 0.020782 -0.231105 -0.478306 6.070000
14.894388 0.828480 1.010098 0.015616 -0.207728 -0.483657 6.260000
15.076191 0.740851 1.010818 0.003769 -0.078736 -0.479183 6.675000
