3.705467 1.507959 1.000000 0.001634 0.319424 0.050333 0.000000
3.909850 1.516652 1.000000 0.000947 0.257529 0.048067 0.150000
4.122199 1.525848 1.000000 0.000927 0.145820 0.046648 0.275000
4.335772 1.535492 1.000000 -0.062207 0.079512 0.094264 0.390000
4.537546 1.550179 1.000000 -0.080280 0.052155 0.170213 0.495000
4.741445 1.573810 1.000000 -0.038279 0.040823 0.218921 0.600000
4.966084 1.606014 1.000000 -0.056149 0.031322 0.236239 0.715000
5.180681 1.644153 1.000000 -0.062198 0.028061 0.280758 0.825000
5.383581 1.688202 1.000000 -0.060703 -0.028900 0.282427 0.930000
5.579335 1.737396 1.000000 -0.056175 -0.088127 0.283771 1.035000
5.778934 1.794349 1.000000 -0.036638 -0.128501 0.284944 1.150000
5.981280 1.858124 1.000000 -0.036423 -0.148336 0.331001 1.280000
6.181592 1.927994 1.000000 -0.018173 -0.143908 0.389415 1.430000
6.393151 2.007384 1.000000 -0.028611 -0.125544 0.475031 1.625000
6.578039 2.083731 1.000000 -0.025710 -0.098960 0.545784 1.850000
6.769226 2.170369 1.000000 -0.008854 -0.044013 0.541944 2.175000
6.952631 2.259942 1.000000 -0.006319 -0.045170 0.553098 2.625000
6.731885 2.314201 1.000000 -0.023606 0.282327 -3.014664 6.730000
6.518857 2.282127 1.000000 -0.023462 0.163976 -3.002191 6.860000
6.310029 2.247420 1.000000 -0.019951 0.088961 -2.993789 6.975000
6.092223 2.208519 1.000000 -0.013700 0.053299 -2.987086 7.090000
5.889555 2.170591 1.000000 -0.006248 0.038048 -2.982200 7.195000
5.685056 2.131463 1.000000 0.000985 0.028120 -2.978323 7.300000
5.479598 2.092033 1.000000 0.006436 0.023550 -2.975206 7.405000
5.244145 2.047399 1.000000 0.009642 0.021392 -2.972383 7.525000
5.018106 2.005474 1.000000 0.009923 0.020268 -2.970257 7.640000
4.811496 1.967958 1.000000 0.008528 0.019618 -2.968717 7.745000
4.614614 1.932769 1.000000 0.006304 0.019157 -2.967535 7.845000
4.407864 1.896149 1.000000 0.003199 0.019872 -2.966546 7.950000
4.201114 1.859573 1.000000 0.001337 0.019446 -2.965743 8.055000
3.964876 1.817564 1.000000 0.000025 0.019542 -2.965028 8.175000
3.728696 1.775171 1.000000 0.000042 0.019980 -2.964464 8.295000
3.522187 1.737780 1.000000 0.000735 -0.001754 -2.964074 8.400000
3.318787 1.700729 1.000000 0.001881 -0.071819 -2.963765 8.505000
3.098336 1.660447 1.000000 0.002677 -0.123181 -2.963486 8.625000
2.897090 1.623676 1.000000 0.002894 -0.145872 -2.963268 8.745000
2.676510 1.583494 1.000000 0.002415 -0.149063 -2.963064 8.895000
2.479025 1.547711 1.000000 0.001693 -0.138784 -2.962903 9.055000
2.281637 1.512153 1.000000 0.000715 -0.114609 -2.962768 9.255000
2.083596 1.476575 1.000000 -0.000759 -0.058832 -2.953899 9.525000
1.886272 1.440694 1.000000 -0.001405 -0.054835 -2.939378 9.900000
1.689699 1.403783 1.000000 -0.000738 -0.025366 -2.929171 10.765000
1.902822 1.404998 1.000000 -0.020448 0.320220 0.047830 15.120000
2.118953 1.412270 1.000000 0.059856 0.253000 0.062202 15.280000
2.332021 1.415414 1.000000 0.038157 0.139928 0.093903 15.405000
2.545937 1.415692 1.000000 0.026185 0.080859 0.083514 15.520000
2.778060 1.413671 1.000000 -0.006757 0.050397 0.075043 15.640000
2.984808 1.413054 1.000000 -0.026155 0.037106 0.069151 15.745000
3.193179 1.415531 1.000000 -0.034696 0.029497 0.064468 15.850000
3.402277 1.421879 1.000000 -0.032518 0.024755 0.060718 15.955000
3.611557 1.432232 1.000000 -0.087309 0.020651 0.109866 16.059999
3.850044 1.452240 1.000000 -0.010335 0.022230 0.115977 16.180000
4.068614 1.472802 1.000000 0.008762 0.020760 0.108720 16.290001
4.277423 1.491802 1.000000 0.013066 0.021448 0.103189 16.395000
4.486439 1.509637 1.000000 0.012680 0.019974 0.098781 16.500000
4.695585 1.526355 1.000000 0.008960 0.020820 0.095228 16.605000
4.944723 1.545311 1.000000 0.004125 0.020874 0.091891 16.730000
5.154079 1.560942 1.000000 0.000741 0.020047 0.089691 16.834999
5.363403 1.576871 1.000000 -0.053336 0.019203 0.125272 16.940001
5.572246 1.596343 1.000000 -0.049757 0.020933 0.156115 17.045000
5.780198 1.621549 1.000000 -0.029779 0.021943 0.208948 17.150000
5.986983 1.653329 1.000000 -0.079378 0.024919 0.293819 17.254999
6.191766 1.693928 1.000000 -0.084792 0.026635 0.374689 17.360001
6.403969 1.744441 1.000000 -0.074334 -0.003876 0.412757 17.469999
6.609509 1.802121 1.000000 -0.103585 -0.065518 0.494050 17.580000
6.800528 1.866621 1.000000 -0.089894 -0.104015 0.544331 17.690001
6.988146 1.940675 1.000000 -0.101916 -0.124788 0.596200 17.809999
7.171164 2.024798 1.000000 -0.062808 -0.135020 0.585242 17.945000
7.357305 2.121554 1.000000 -0.037528 -0.132583 0.568733 18.110001
7.530655 2.221587 1.000000 -0.018697 -0.115708 0.575432 18.305000
7.700557 2.328038 1.000000 -0.005451 -0.063458 0.615563 18.565001
7.869913 2.438453 1.000000 -0.003335 -0.053869 0.619323 18.924999
8.036782 2.551236 1.000000 -0.001344 -0.035006 0.621847 19.594999
