3.545065 1.300191 1.000000 -0.004952 0.253881 -1.368429 0.000000
3.588887 1.084186 1.000000 0.009353 0.100696 -1.511333 0.175000
3.626149 0.882355 1.000000 -0.003609 0.011909 -1.565131 0.320000
3.666623 0.673725 1.000000 0.016049 -0.062263 -1.558164 0.470000
3.706280 0.462363 1.000000 0.047282 -0.095274 -1.591352 0.635000
3.735544 0.263027 1.000000 0.045455 -0.104543 -1.577951 0.815000
3.752886 0.058496 1.000000 0.035118 -0.093291 -1.627639 1.045000
3.756504 -0.144167 1.000000 0.007297 -0.056088 -1.629519 1.355000
3.753917 -0.346896 1.000000 0.003433 -0.047939 -1.623024 1.830000
3.702652 -0.542498 1.000000 0.000440 0.314809 -1.821232 25.165001
3.648346 -0.735852 1.000000 0.017703 0.154266 -1.868123 25.344999
3.588305 -0.933093 1.004344 0.010227 0.071766 -1.872396 25.495001
3.522923 -1.135443 1.005043 0.013922 0.031547 -1.839682 25.639999
3.453838 -1.341735 1.005601 -0.009542 0.018241 -1.765619 25.785000
3.381333 -1.567112 1.006075 -0.030106 0.162919 -1.687715 25.940001
3.319460 -1.795953 1.006416 -0.058506 0.140475 -1.605720 26.080000
3.275991 -1.993195 1.006636 -0.005345 0.092554 -1.605621 26.190001
3.236053 -2.189955 1.006816 -0.089122 0.066354 -1.576471 26.295000
3.203074 -2.391988 1.006967 -0.070774 0.051129 -1.582661 26.400000
3.177983 -2.597456 1.007095 -0.074070 0.037417 -1.591771 26.504999
3.158832 -2.834745 1.007219 -0.061249 0.028405 -1.600080 26.625000
3.148710 -3.053564 1.007314 -0.036344 0.024574 -1.606102 26.735001
3.142789 -3.273047 1.007393 -0.011138 0.022207 -1.610841 26.844999
3.138337 -3.482800 1.007458 0.006968 0.020774 -1.614469 26.950001
3.133029 -3.691471 1.007512 0.020181 -0.044240 -1.617367 27.055000
3.124252 -3.930080 1.007566 0.022009 -0.107133 -1.620093 27.180000
3.113987 -4.132764 1.007608 0.015731 -0.138537 -1.622049 27.295000
3.100678 -4.345082 1.007648 0.006185 -0.150282 -1.623797 27.430000
3.086052 -4.547265 1.007685 0.018851 -0.143673 -1.687726 27.580000
3.066569 -4.770307 1.007722 0.018563 -0.120899 -1.745495 27.785000
3.043743 -4.979955 1.007755 0.009639 -0.069451 -1.786485 28.045000
3.018378 -5.179755 1.005395 0.007406 -0.050217 -1.800970 28.385000
2.988368 -5.379507 1.002317 0.004816 -0.041368 -1.812340 28.930000
2.999718 -5.580906 0.996883 0.096410 0.335460 -1.259650 30.070000
3.022506 -5.780848 1.011745 -0.004305 0.158117 -1.450793 30.250000
3.044060 -5.981656 1.026339 -0.098852 0.027558 -1.595745 30.395000
3.081455 -6.180079 1.028497 -0.025539 -0.012285 -1.777271 30.535000
3.124594 -6.376306 1.012727 0.044496 0.030925 -1.896557 30.674999
3.158267 -6.600471 1.031621 0.150618 0.061951 -2.068690 30.834999
3.153406 -6.802649 1.028776 0.202249 0.037548 -2.259656 30.985001
3.104090 -6.998250 1.026336 0.156622 -0.005878 -2.359562 31.150000
3.015587 -7.178353 1.024245 0.117215 -0.046093 -2.434779 31.334999
2.893729 -7.340721 1.022421 0.042926 -0.056550 -2.423587 31.555000
2.757567 -7.487912 1.020935 -0.005887 -0.039906 -2.187053 31.815001
2.617258 -7.641853 1.019780 -0.020730 -0.003608 -2.015244 32.130001
2.495759 -7.801128 1.019061 -0.022138 0.017540 -1.879290 32.450001
2.387177 -7.984690 1.006608 -0.018084 0.031641 -1.805587 32.775002
2.302047 -8.169809 1.006468 -0.017385 0.042603 -1.757152 33.055000
2.231932 -8.358327 1.006386 -0.027255 0.053379 -1.735143 33.299999
2.170902 -8.562635 1.006362 -0.036509 -0.149750 -1.567463 33.540001
2.110883 -8.754724 1.006362 -0.048609 -0.065637 -1.179997 33.910000
2.198475 -8.568969 1.006362 0.003994 0.044046 1.448628 36.174999
2.289235 -8.370185 1.026819 -0.035013 -0.121666 1.379108 36.369999
2.373721 -8.179052 1.026563 -0.017779 -0.038886 1.155176 36.584999
2.448379 -7.990559 1.026366 0.008881 -0.045100 1.001312 36.820000
2.521945 -7.801943 1.026212 0.015628 -0.023917 0.967487 37.090000
2.604063 -7.617806 1.026103 0.016278 -0.001645 0.920052 37.389999
2.697708 -7.440382 1.029126 -0.060058 0.253533 0.993586 37.685001
2.789156 -7.249815 1.029820 -0.010671 0.232989 1.126322 37.880001
2.886101 -7.040195 1.030241 0.035228 0.196456 1.236285 38.035000
2.971001 -6.857443 1.030494 -0.015299 0.110799 1.342375 38.150002
3.053537 -6.670541 1.030695 -0.006026 0.074871 1.408840 38.259998
3.142919 -6.458337 1.030880 -0.067257 0.061852 1.420731 38.380001
3.214366 -6.267173 1.031016 -0.148538 0.007084 1.492226 38.485001
3.273613 -6.067297 1.031135 -0.104461 -0.063952 1.485954 38.595001
3.321225 -5.867556 1.031241 -0.087849 -0.112576 1.469989 38.709999
3.362298 -5.645449 1.031347 -0.055469 -0.139897 1.455090 38.849998
3.390616 -5.444543 1.031435 -0.022333 -0.142646 1.443589 38.994999
3.414236 -5.242157 1.031517 0.000972 -0.129422 1.433725 39.169998
3.438053 -5.039885 1.031595 0.020758 -0.102147 1.343461 39.395000
3.466390 -4.839908 1.031666 0.007527 -0.055477 1.339575 39.700001
3.499729 -4.642271 1.031693 -0.011425 -0.057477 1.660912 40.185001
3.300733 -4.685493 1.031693 0.013116 0.198778 -2.479857 42.244999
3.128264 -4.789577 1.031693 -0.053523 0.089795 -2.505771 42.395000
2.960335 -4.905150 1.031693 -0.068896 0.030911 -2.554094 42.535000
2.783736 -5.043154 1.031693 -0.026153 0.009711 -2.644447 42.685001
2.614684 -5.181297 1.022925 0.005913 0.071861 -2.712963 42.830002
2.450100 -5.307432 1.013435 0.084303 0.178516 -2.795261 42.959999
2.280033 -5.415873 1.012584 0.134287 0.136118 -2.877778 43.075001
2.098756 -5.507851 1.011899 0.172683 0.103160 -2.982340 43.185001
1.903951 -5.581139 1.011320 0.168435 0.085467 -3.080475 43.294998
1.709347 -5.631536 1.010855 0.183197 0.074949 3.097985 43.400002
1.509310 -5.662766 1.010460 0.118496 0.063478 3.062515 43.505001
1.305447 -5.680767 1.010125 0.091857 0.052440 3.060488 43.610001
1.059774 -5.688208 1.009791 0.100007 0.001990 3.064225 43.735001
0.856312 -5.682857 1.042088 0.083575 -0.067445 3.066704 43.840000
0.654031 -5.668448 1.044046 0.049722 -0.118674 3.068761 43.950001
0.452031 -5.647440 1.045832 0.013497 -0.140472 3.070525 44.070000
0.250666 -5.623547 1.047481 -0.011654 -0.141506 3.072042 44.205002
0.023483 -5.597834 1.049213 -0.025739 -0.128193 3.088946 44.384998
-0.179919 -5.580986 1.050644 -0.031979 -0.100905 -3.098615 44.584999
-0.379981 -5.574716 1.051929 -0.015601 -0.066345 -3.038175 44.840000
-0.580077 -5.576101 1.053042 -0.006830 -0.057379 -3.046057 45.189999
-0.781853 -5.578416 1.053861 -0.004485 0.303090 -3.116616 45.680000
-0.988192 -5.581247 1.054056 0.003480 0.319428 -3.139696 45.884998
-1.219109 -5.583103 1.054165 0.002468 0.195944 -3.137549 46.035000
-1.425560 -5.583394 1.054233 0.016332 0.111471 -3.135197 46.150002
-1.634717 -5.581638 1.054288 0.023945 0.064413 -3.140136 46.259998
-1.849336 -5.577174 1.054333 0.016830 0.041678 3.139127 46.369999
-2.066587 -5.570759 1.054372 0.006792 0.030469 3.136005 46.480000
-2.275161 -5.563899 1.054404 -0.002306 0.026238 3.133607 46.584999
-2.484383 -5.557283 1.054431 -0.008562 0.023248 3.131701 46.689999
-2.693947 -5.551557 1.054453 -0.010962 0.021338 3.130159 46.794998
-2.903689 -5.546951 1.054472 -0.009909 0.021649 3.128927 46.900002
-3.113549 -5.543365 1.054489 -0.007232 0.020398 3.127944 47.005001
-3.323335 -5.539578 1.054502 0.079409 0.016528 3.047301 47.110001
-3.531941 -5.527822 1.054514 0.114376 0.022160 2.933515 47.215000
-3.757795 -5.500602 1.054525 0.125190 0.032033 2.826641 47.330002
-3.971179 -5.460884 1.054533 0.042928 0.033636 2.819417 47.439999
-4.174499 -5.416702 1.054541 0.035878 0.031056 2.830706 47.544998
-4.377732 -5.367897 1.054546 0.035696 0.026759 2.839777 47.650002
-4.580482 -5.314758 1.054551 0.029174 0.022107 2.847011 47.755001
-4.801448 -5.252789 1.054557 0.014757 -0.019192 2.853327 47.869999
-4.998275 -5.195502 1.054560 0.001816 -0.085018 2.857899 47.974998
-5.192872 -5.138280 1.054563 -0.007713 -0.128218 2.861729 48.084999
-5.386739 -5.081838 1.054565 -0.011713 -0.147368 2.865013 48.205002
-5.586159 -5.025753 1.054569 -0.037065 -0.148197 2.934843 48.345001
-5.785098 -4.975645 1.054573 -0.039700 -0.133701 3.025711 48.509998
-5.983195 -4.933690 1.054573 -0.034028 -0.108428 3.093965 48.715000
-6.182551 -4.899709 1.054573 -0.025575 -0.121363 -3.021687 49.000000
-6.377582 -4.853089 1.054573 -0.017981 -0.006122 -2.152520 49.830002
-6.180391 -4.895911 1.039716 -0.009149 0.224934 -0.186789 51.955002
-5.985298 -4.944088 1.041179 -0.045337 0.101125 -0.186575 52.110001
-5.788296 -4.985201 1.042268 -0.004767 0.046404 -0.241851 52.250000
-5.591298 -5.024485 1.070194 -0.037883 0.021528 -0.266551 52.384998
-5.391366 -5.061192 1.084689 -0.009729 0.015303 -0.305672 52.520000
-5.201766 -5.095544 1.022523 0.040920 0.170203 -0.334521 52.645000
-4.984183 -5.140058 0.991245 -0.009574 0.136805 -0.318654 52.775002
-4.785586 -5.184465 1.030826 0.091394 0.089923 -0.388463 52.884998
-4.591498 -5.237582 1.073647 0.080836 0.063199 -0.417204 52.990002
-4.397099 -5.301868 1.060420 0.127619 0.048344 -0.517961 53.095001
-4.206685 -5.380302 1.041484 0.123110 0.044177 -0.602323 53.200001
-4.021551 -5.471933 1.045856 0.125949 0.032597 -0.685927 53.305000
-3.824958 -5.589302 1.032122 0.184916 -0.104376 -0.920583 53.424999
-3.658531 -5.711802 1.030895 0.161905 -0.043620 -1.033397 53.544998
-3.497404 -5.863749 1.035563 0.192091 0.017321 -1.186943 53.685001
-3.360021 -6.043243 1.039541 0.123133 0.039674 -1.252240 53.834999
-3.247685 -6.237743 1.042696 0.105169 0.035047 -1.308519 53.985001
-3.164345 -6.422582 1.044965 0.088830 0.028950 -1.365208 54.119999
-3.086824 -6.642718 1.047067 0.076960 0.024009 -1.438975 54.275002
-3.033659 -6.839051 1.048535 0.074340 0.023342 -1.511863 54.410000
-2.992266 -7.045832 1.049747 0.069744 0.023345 -1.580557 54.549999
-2.965158 -7.247313 1.050698 0.069001 0.023032 -1.645665 54.685001
-2.949789 -7.463393 1.051517 0.068873 -0.032219 -1.716779 54.830002
-2.947781 -7.675528 1.052192 0.075395 -0.078336 -1.792513 54.980000
-2.959130 -7.877244 1.052756 0.071291 -0.096529 -1.860579 55.139999
-2.986168 -8.082816 1.045621 0.053023 -0.097230 -1.919775 55.334999
-3.029627 -8.285144 1.019927 0.033353 -0.079662 -2.006744 55.584999
-3.083939 -8.478045 1.017952 0.010938 -0.050311 -1.993342 55.915001
-3.146200 -8.672003 1.016673 0.006011 -0.042845 -1.987107 56.439999
-3.345105 -8.640804 1.016155 -0.043511 0.249599 2.386048 59.314999
-3.494929 -8.507551 1.016155 0.017575 0.104914 2.510951 59.474998
-3.648178 -8.371525 1.016155 0.002915 0.044747 2.610193 59.619999
-3.802922 -8.236423 1.016155 -0.042166 0.030261 2.715357 59.759998
-3.959416 -8.111866 1.016155 -0.082761 0.034769 2.814362 59.895000
-4.137911 -7.991359 1.003555 -0.104930 0.041696 2.882513 60.040001
-4.314763 -7.896036 0.994186 -0.073021 0.036804 2.935738 60.174999
-4.491993 -7.815149 1.044752 0.024449 0.016367 2.817934 60.305000
-4.678315 -7.732048 1.046926 -0.029342 0.017326 2.798334 60.439999
-4.881359 -7.646866 1.029290 -0.020778 0.013231 2.782550 60.584999
-5.073116 -7.574802 1.016277 -0.070256 0.001874 2.930439 60.720001
-5.283524 -7.512814 1.044650 -0.116395 -0.051663 -3.133023 60.869999
-5.479997 -7.476245 1.069144 -0.099597 -0.068964 -2.988727 61.020000
-5.679864 -7.454637 1.069144 -0.030571 -0.202712 3.100729 61.205002
-5.887478 -7.443795 1.069144 0.026974 -0.092525 2.749923 61.540001
-5.671831 -7.392559 1.069144 0.055238 0.117238 0.103823 64.184998
-5.446989 -7.369305 1.069144 0.083234 0.048931 0.052761 64.345001
-5.240624 -7.364892 1.069144 0.079155 0.025204 0.020173 64.485001
-5.038566 -7.372862 1.069144 0.011980 0.018489 0.058720 64.620003
-4.836103 -7.382381 1.069144 -0.004462 0.173654 0.112883 64.750000
-4.601134 -7.393538 1.069144 0.115876 0.111167 0.026513 64.885002
-4.396229 -7.414319 1.069144 0.022024 0.078423 -0.040967 64.995003
-4.194274 -7.436998 1.069144 -0.067494 0.051911 -0.036158 65.099998
-3.988957 -7.452858 1.069144 -0.083900 0.013455 -0.032315 65.205002
-3.784460 -7.460006 1.069144 -0.066054 -0.031598 -0.029253 65.309998
-3.566564 -7.459810 1.069144 -0.037381 -0.055647 -0.026566 65.425003
-3.357863 -7.454726 1.069144 -0.005474 -0.059238 -0.024447 65.540001
-3.150372 -7.448417 1.082986 0.014186 -0.053092 -0.022718 65.660004
-2.944181 -7.443799 1.120648 0.023097 -0.037565 -0.021321 65.785004
-2.724428 -7.442433 1.137242 0.003397 -0.189308 0.063008 65.925003
-2.519957 -7.445010 1.137242 -0.040215 -0.242695 0.230559 66.084999
-2.315577 -7.455523 1.137242 -0.064034 -0.122220 0.497595 66.339996
-2.116964 -7.482562 1.137242 -0.028631 -0.007110 1.204453 67.014999
-2.230783 -7.288754 1.134042 0.007824 0.319718 2.245161 68.540001
-2.354095 -7.130237 1.133168 -0.000247 0.224947 2.229844 68.675003
-2.478185 -6.970706 1.147946 -0.004522 0.131266 2.227226 68.790001
-2.605986 -6.807182 1.148752 0.002844 0.074406 2.225254 68.900002
-2.731866 -6.645672 1.139736 0.009268 0.044907 2.223757 69.004997
-2.861412 -6.483111 1.142011 -0.095870 0.022318 2.357588 69.110001
-3.024382 -6.299022 1.142547 -0.096892 -0.047994 2.506652 69.235001
-3.169482 -6.151561 1.142944 -0.110585 -0.091192 2.622518 69.345001
-3.335150 -5.998745 1.143332 -0.101477 -0.116106 2.656444 69.474998
-3.490377 -5.870756 1.143649 -0.107140 -0.121396 2.694581 69.605003
-3.675562 -5.741717 1.143976 -0.083397 -0.126439 2.689344 69.775002
-3.850408 -5.643103 1.144247 -0.050710 -0.116153 2.727111 69.959999
-4.032743 -5.560085 1.144502 -0.013213 -0.083453 2.777525 70.199997
-4.225971 -5.482116 1.142342 -0.009013 0.189272 2.783566 70.529999
-4.428558 -5.407075 1.140866 -0.007334 0.318579 2.787746 70.750000
-4.620778 -5.337677 1.140179 -0.056742 0.216824 2.820976 70.885002
-4.813670 -5.272419 1.139699 -0.048545 0.123553 2.860157 71.000000
-5.011577 -5.209363 1.139315 0.016301 0.069719 2.869274 71.110001
-5.243520 -5.135425 1.138949 -0.034394 0.040960 2.930948 71.235001
-5.441877 -5.075486 1.138691 -0.024047 0.033740 2.929666 71.339996
-5.661566 -5.012301 1.138454 -0.042269 0.027413 2.928555 71.455002
-5.864073 -4.958721 1.138272 -0.050015 0.023910 2.927751 71.559998
-6.077885 -4.907715 1.138111 -0.045988 0.020507 2.927081 71.669998
-6.283312 -4.865074 1.137980 -0.075648 0.019348 2.992723 71.775002
-6.489875 -4.829517 1.137869 -0.027011 0.021768 2.991079 71.879997
-6.697054 -4.796694 1.137775 -0.014623 0.020644 2.989554 71.985001
-6.904688 -4.766445 1.137695 -0.084078 0.019980 3.068534 72.089996
-7.112908 -4.742907 1.137627 -0.024274 0.020883 3.109855 72.195000
-7.321342 -4.722296 1.137569 -0.046458 0.020828 -3.136104 72.300003
-7.529828 -4.705651 1.137520 -0.012373 0.022662 -3.102485 72.404999
-7.738509 -4.691258 1.137479 -0.009539 0.024396 -3.111194 72.510002
-7.987438 -4.676090 1.137437 -0.031798 0.024259 -3.119304 72.635002
-8.196936 -4.667019 1.137407 -0.040217 0.022914 -3.124728 72.739998
-8.406650 -4.662243 1.137383 -0.037563 0.022092 -3.129079 72.845001
-8.616451 -4.661473 1.137362 -0.027415 0.020357 -3.132543 72.949997
-8.826258 -4.663566 1.137343 -0.012177 0.020829 -3.135330 73.055000
-9.066065 -4.667477 1.137326 0.002771 0.020917 -3.137849 73.175003
-9.275940 -4.670655 1.137314 0.011347 0.020763 -3.139592 73.279999
-9.485843 -4.672627 1.137303 0.015153 0.020291 -3.140992 73.385002
-9.695736 -4.672999 1.137294 0.014822 0.019517 3.141072 73.489998
-9.905570 -4.671843 1.137287 0.010397 0.020777 3.140168 73.595001
-10.115417 -4.669607 1.137280 0.004936 0.020585 3.139447 73.699997
-10.325291 -4.666876 1.137275 -0.000203 0.020764 3.138868 73.805000
-10.535172 -4.664174 1.137270 -0.003795 0.015178 3.138406 73.910004
-10.743796 -4.661877 1.137265 -0.005578 -0.039695 3.138028 74.014999
-10.955017 -4.660120 1.137262 -0.005116 -0.100886 3.137717 74.125000
-11.160806 -4.658973 1.137260 -0.003312 -0.135344 3.137457 74.239998
-11.362385 -4.658292 1.137257 -0.001384 -0.149799 3.137235 74.364998
-11.565354 -4.657866 1.137253 0.000263 -0.145940 3.137042 74.510002
-11.768343 -4.657454 1.137249 0.000876 -0.128381 3.136875 74.684998
-11.970938 -4.656874 1.137249 -0.004579 -0.104203 -3.117215 74.910004
-12.181847 -4.656894 1.137249 -0.002950 -0.059852 -3.103996 75.235001
-12.381814 -4.653088 1.137249 -0.020394 -0.032164 -2.567271 75.830002
-12.212421 -4.780355 1.137249 0.044179 0.191307 -0.448594 77.885002
-12.030650 -4.900264 1.137249 0.019521 0.070307 -0.390574 78.044998
-11.859046 -5.013464 1.137249 -0.040771 0.047067 -0.379927 78.184998
-11.683873 -5.115822 1.137249 -0.102911 0.025666 -0.381609 78.320000
-11.492563 -5.206974 1.137249 -0.065744 0.082788 -0.456288 78.459999
-11.306389 -5.284441 1.137249 -0.042385 0.153959 -0.528570 78.584999
-11.117415 -5.360860 1.137249 0.036447 0.040917 -0.634448 78.699997
-10.914155 -5.450063 1.137249 0.122673 -0.068589 -0.811530 78.824997
-10.732612 -5.545209 1.137249 0.141594 -0.012255 -0.942571 78.949997
-10.565531 -5.656106 1.137249 0.149504 0.032478 -0.999276 79.080002
-10.413469 -5.788220 1.137249 0.157511 -0.004768 -1.064476 79.214996
-10.258767 -5.969210 1.137249 0.122552 -0.063585 -1.138665 79.385002
-10.143435 -6.146967 1.137249 0.078148 -0.091808 -1.201847 79.555000
-10.048241 -6.329283 1.137249 0.050213 -0.097213 -1.268604 79.750000
-9.968065 -6.515909 1.137249 0.036416 -0.080056 -1.393848 79.995003
-9.899021 -6.706084 1.137249 0.011036 -0.048626 -1.375830 80.324997
-9.835581 -6.899209 1.137249 0.006693 -0.043493 -1.367745 80.830002
-9.904016 -6.704657 1.137249 0.008479 0.149051 1.848758 84.809998
-9.967178 -6.512921 1.137249 0.038790 0.059555 1.907352 84.955002
-10.025343 -6.315632 1.137249 0.033519 0.023730 1.970261 85.095001
-10.079011 -6.113299 1.137249 -0.003620 0.017493 2.005172 85.235001
-10.132435 -5.916323 1.137249 -0.042870 0.143988 2.069577 85.370003
-10.195344 -5.720741 1.137249 0.009288 0.159659 2.073143 85.495003
-10.276302 -5.488995 1.137249 -0.033443 0.098544 2.058764 85.629997
-10.359270 -5.274142 1.137249 -0.059508 0.060848 2.048942 85.750000
-10.457145 -5.048736 1.137249 -0.057433 0.036968 2.041080 85.875000
-10.546966 -4.860365 1.137249 -0.043208 0.026158 2.035854 85.980003
-10.640585 -4.672761 1.137249 0.052929 0.019187 1.956710 86.084999
-10.729713 -4.483111 1.137249 0.086228 0.020100 1.855169 86.190002
-10.811704 -4.290842 1.137249 0.030292 0.025481 1.847390 86.294998
-10.888779 -4.096416 1.137249 0.077696 0.026829 1.798525 86.400002
-10.958115 -3.899135 1.137249 0.071437 0.027558 1.801660 86.504997
-11.020300 -3.699162 1.137249 0.075177 0.024729 1.804178 86.610001
-11.084907 -3.458018 1.137249 0.061200 0.020828 1.806514 86.735001
-11.134752 -3.243963 1.137249 0.035068 -0.009131 1.808135 86.845001
-11.178133 -3.042086 1.137249 0.011004 -0.069160 1.809371 86.949997
-11.219548 -2.843700 1.137249 -0.025523 -0.279823 1.919383 87.059998
-11.258996 -2.645714 1.137249 -0.062705 -0.289690 2.060755 87.195000
-11.292949 -2.448578 1.137249 -0.082795 -0.175754 2.264955 87.389999
-11.316970 -2.244701 1.137249 -0.062403 -0.046716 2.668120 87.775002
-11.522047 -2.248023 1.137249 0.018742 0.210021 -2.533828 89.239998
-11.689405 -2.360809 1.137249 0.010767 0.094229 -2.464536 89.394997
-11.868613 -2.480438 1.137249 -0.017134 0.041719 -2.392840 89.544998
-12.033327 -2.594428 1.137249 -0.002674 0.026595 -2.366558 89.680000
-12.198899 -2.712425 1.137249 -0.026138 0.021671 -2.376519 89.815002
-12.386484 -2.854536 1.137249 -0.044620 0.015533 -2.384865 89.970001
-12.541582 -2.982767 1.137249 -0.042752 0.168235 -2.390132 90.099998
-12.694700 -3.119136 1.137249 -0.009152 0.139965 -2.408782 90.220001
-12.844648 -3.256952 1.137249 -0.015206 0.084709 -2.410799 90.330002
-12.993759 -3.393780 1.137249 0.044070 0.052145 -2.472191 90.434998
-13.149695 -3.528599 1.137249 0.064882 0.037693 -2.542020 90.540001
-13.328282 -3.669876 1.137249 0.067478 0.031130 -2.596107 90.654999
-13.522428 -3.808733 1.137249 0.074302 0.028212 -2.657276 90.775002
-13.705828 -3.929283 1.137249 0.021296 0.024088 -2.642295 90.885002
-13.874328 -4.037425 1.149736 -0.036847 0.016919 -2.590037 90.985001
-14.041687 -4.147755 1.159735 0.029316 0.016262 -2.579371 91.084999
-14.209705 -4.257174 1.158749 0.024445 0.018007 -2.591638 91.184998
-14.378497 -4.365681 1.172004 -0.054590 0.016839 -2.518631 91.285004
-14.544373 -4.478392 1.227823 -0.069147 0.016724 -2.424706 91.385002
-14.705660 -4.596703 1.256278 -0.077249 0.019768 -2.339104 91.485001
-14.861551 -4.720970 1.232149 -0.090540 0.024224 -2.258122 91.584999
-15.017961 -4.858926 1.231864 -0.113604 0.032341 -2.177816 91.690002
-15.164934 -5.005922 1.231636 -0.134617 0.039728 -2.102117 91.794998
-15.300275 -5.162958 1.231440 -0.151680 0.044521 -2.022790 91.900002
-15.432725 -5.346736 1.250261 -0.162409 0.047775 -1.936920 92.014999
-15.546690 -5.542100 1.301648 -0.172956 0.049314 -1.841771 92.129997
-15.629371 -5.720137 1.348079 -0.178384 -0.011044 -1.738798 92.230003
-15.699388 -5.914317 1.331437 -0.209973 -0.100882 -1.551575 92.339996
-15.748558 -6.112059 1.327025 -0.168181 -0.038580 -1.472333 92.459999
-15.778088 -6.316063 1.326367 -0.097509 -0.001688 -1.488897 92.589996
-15.791217 -6.516165 1.325831 -0.078093 0.008105 -1.505564 92.720001
-15.791665 -6.722360 1.325379 -0.017609 0.008475 -1.557047 92.855003
-15.787625 -6.927723 1.325010 -0.004496 0.008003 -1.632325 92.989998
-15.781791 -7.155348 1.324683 -0.003880 0.012240 -1.625361 93.139999
-15.775624 -7.375456 1.324432 0.016650 0.013384 -1.620281 93.285004
-15.773555 -7.575825 1.324248 0.073537 0.068659 -1.666806 93.415001
-15.780231 -7.782422 1.324099 0.024770 -0.016839 -1.664014 93.544998
-15.791704 -7.998608 1.323967 -0.013262 -0.086001 -1.601996 93.684998
-15.801891 -8.222831 1.318030 -0.035611 -0.113434 -1.490204 93.845001
-15.805441 -8.421684 1.283581 -0.047140 -0.109704 -1.402502 94.010002
-15.798142 -8.636513 1.266001 -0.053813 -0.090005 -1.265904 94.230003
-15.774003 -8.836274 1.254185 -0.030873 -0.109209 -1.125136 94.504997
-15.751286 -9.035562 1.254185 -0.030246 -0.022734 -0.507271 95.095001
-15.715404 -8.835610 1.257728 0.039604 0.318106 1.440173 97.434998
-15.679764 -8.619202 1.258592 -0.034757 0.205931 1.495471 97.580002
-15.650251 -8.417565 1.259153 -0.078592 0.120136 1.554256 97.695000
-15.627790 -8.211870 1.259599 -0.031291 0.075249 1.569730 97.805000
-15.610489 -8.009201 1.259960 -0.071896 0.047155 1.596430 97.910004
-15.599598 -7.803392 1.242323 -0.076447 0.039515 1.613515 98.014999
-15.597908 -7.566175 1.240143 -0.093016 0.028956 1.622423 98.135002
-15.608514 -7.338209 1.241159 -0.080963 0.023913 1.629151 98.250000
-15.627455 -7.130155 1.241945 -0.058115 0.021359 1.634057 98.355003
-15.652413 -6.922294 1.255898 -0.022406 0.021625 1.637952 98.459999
-15.682427 -6.694603 1.282014 0.048417 0.020176 1.612764 98.574997
-15.705961 -6.476601 1.332311 0.087216 0.024104 1.551254 98.684998
-15.717341 -6.278372 1.368347 0.097089 0.028294 1.485094 98.785004
-15.718756 -6.080143 1.403673 0.070546 0.030599 1.488383 98.885002
-15.712959 -5.881543 1.437702 0.063998 0.027222 1.490709 98.985001
-15.700860 -5.682772 1.471275 0.050135 0.023683 1.492592 99.084999
-15.683847 -5.484028 1.503473 0.030428 0.021275 1.494123 99.184998
-15.663881 -5.285367 1.536174 0.008676 0.021733 1.495369 99.285004
-15.643030 -5.086649 1.567795 -0.009673 0.020611 1.496370 99.385002
-15.623013 -4.887811 1.599472 -0.021008 0.020818 1.497194 99.485001
-15.604927 -4.688773 1.626265 -0.052270 0.019702 1.514173 99.584999
-15.591970 -4.479630 1.638994 -0.052629 0.021116 1.579158 99.690002
-15.585074 -4.280384 1.673207 -0.008384 0.022485 1.571143 99.790001
-15.580447 -4.070991 1.679492 -0.077967 0.022781 1.645231 99.894997
-15.580666 -3.861652 1.689667 -0.026353 0.022865 1.653877 100.000000
-15.584161 -3.652402 1.689989 -0.057472 0.023649 1.731872 100.105003
-15.593814 -3.443744 1.690263 -0.006975 0.021364 1.767184 100.209999
-15.606544 -3.215330 1.690517 0.002156 0.023743 1.750475 100.324997
-15.619976 -2.976518 1.690737 0.006296 0.021933 1.703222 100.445000
-15.631928 -2.767299 1.690900 -0.013974 0.022251 1.688795 100.550003
-15.645461 -2.558023 1.691037 -0.009805 0.021803 1.677295 100.654999
-15.660911 -2.338723 1.691158 0.033279 0.017767 1.642614 100.764999
-15.673123 -2.109536 1.691265 0.031890 0.021023 1.583128 100.879997
-15.680078 -1.900193 1.691348 0.025979 0.022941 1.578462 100.985001
-15.684156 -1.690605 1.691418 0.030126 0.021447 1.574768 101.089996
-15.684960 -1.460890 1.691483 0.028110 0.021000 1.571513 101.205002
-15.681877 -1.211112 1.691541 0.018408 0.020311 1.568791 101.330002
-15.677093 -1.001295 1.691583 0.008086 0.020873 1.566964 101.434998
-15.671446 -0.791464 1.691619 -0.001468 0.020386 1.565511 101.540001
-15.665934 -0.581633 1.691648 -0.008211 0.020861 1.564343 101.644997
-15.661285 -0.371745 1.691673 -0.011227 0.020762 1.563416 101.750000
-15.657675 -0.151819 1.725549 -0.010739 0.020085 1.562633 101.860001
-15.657562 0.087926 1.730926 -0.060704 0.019796 1.646970 101.980003
-15.663652 0.297287 1.729748 -0.012966 0.021802 1.643870 102.084999
-15.671592 0.506686 1.728747 -0.011342 0.022132 1.641182 102.190002
-15.680958 0.716168 1.727895 -0.013719 0.020833 1.639019 102.294998
-15.691924 0.925628 1.727177 -0.013038 0.020677 1.637304 102.400002
-15.703401 1.125065 1.742640 0.048590 0.016533 1.584721 102.500000
-15.712722 1.334366 1.743231 0.018837 0.020886 1.582081 102.605003
-15.719780 1.543743 1.743733 0.023015 0.021707 1.579964 102.709999
-15.724346 1.753273 1.744157 0.026247 0.021092 1.578282 102.815002
-15.726192 1.992867 1.744568 0.021616 0.021564 1.576746 102.934998
-15.724981 2.242577 1.728814 0.012340 0.020231 1.575522 103.059998
-15.722137 2.482347 1.686229 0.001842 0.020639 1.574604 103.180000
-15.719556 2.682201 1.652115 -0.004686 0.020648 1.574002 103.279999
-15.717359 2.892082 1.644763 -0.008623 0.020577 1.573487 103.385002
-15.716120 3.091952 1.614986 -0.009388 0.008911 1.573092 103.485001
-15.715777 3.289937 1.584867 -0.007561 -0.054375 1.572771 103.584999
-15.716172 3.489718 1.554405 -0.004466 -0.107731 1.572495 103.690002
-15.717337 3.692830 1.523040 -0.023057 -0.139658 1.613706 103.805000
-15.720414 3.890923 1.491898 -0.027626 -0.147485 1.653811 103.930000
-15.726717 4.096217 1.461367 -0.028002 -0.141986 1.716165 104.080002
-15.738277 4.318310 1.427086 -0.036983 -0.119122 1.796930 104.279999
-15.757690 4.526123 1.381615 -0.021006 -0.074095 1.843106 104.529999
-15.784642 4.725115 1.369469 -0.010745 -0.052690 1.840810 104.860001
-15.818581 4.922524 1.357875 -0.006005 -0.043206 1.841829 105.385002
-15.798286 5.128735 1.354264 -0.042788 0.318565 1.122842 106.330002
-15.720349 5.340575 1.354264 0.019489 0.146042 1.108349 106.529999
-15.639727 5.534376 1.354264 0.063577 0.057745 1.147949 106.680000
-15.550078 5.720382 1.354264 0.034762 0.022590 1.220841 106.820000
-15.438947 5.933136 1.354264 -0.020368 0.015270 1.301922 106.980003
-15.334101 6.149681 1.354264 -0.078207 0.181385 1.395980 107.135002
-15.260812 6.343502 1.354264 -0.107647 0.140757 1.474767 107.254997
-15.199120 6.565707 1.354264 -0.090758 0.095408 1.541316 107.379997
-15.159034 6.762305 1.354264 -0.135473 0.069790 1.590126 107.485001
-15.133159 6.964153 1.354264 -0.108981 0.057126 1.640402 107.589996
-15.119993 7.169211 1.354264 -0.078255 0.045864 1.631312 107.695000
-15.115684 7.376456 1.354264 -0.070758 0.034344 1.623984 107.800003
-15.119009 7.584844 1.354264 -0.055607 0.027070 1.618068 107.904999
-15.128168 7.793705 1.354264 -0.029454 0.023501 1.613345 108.010002
-15.140559 8.002769 1.354264 -0.005825 0.019524 1.609499 108.114998
-15.154664 8.230555 1.354264 0.017273 -0.042383 1.606206 108.230003
-15.166881 8.459592 1.354264 0.024728 -0.104056 1.603492 108.349998
-15.175766 8.688510 1.354264 0.020358 -0.138985 1.601221 108.480003
-15.180653 8.892200 1.354264 0.011128 -0.150215 1.599504 108.610001
-15.183282 9.094341 1.354264 0.001612 -0.142185 1.598020 108.760002
-15.185940 9.298429 1.354264 -0.021026 -0.122827 1.683634 108.945000
-15.192617 9.499862 1.354264 -0.013231 -0.078547 1.727604 109.184998
-15.205755 9.706726 1.354264 0.015042 -0.079411 1.383754 109.574997
-15.045664 9.827389 1.354264 0.029048 0.262479 -0.142876 111.364998
-14.826392 9.791864 1.390015 -0.035862 0.099557 -0.285794 111.544998
-14.632505 9.760381 1.431303 0.015636 0.044491 -0.433030 111.684998
-14.432894 9.724288 1.491701 0.020809 0.034819 -0.499147 111.824997
-14.238986 9.682245 1.543505 0.076128 0.041969 -0.571274 111.959999
-14.034478 9.619220 1.557653 0.051082 0.042705 -0.602773 112.105003
-13.845336 9.548541 1.592538 0.002565 0.024086 -0.431283 112.239998
-13.648773 9.469675 1.601700 0.070547 0.012335 -0.409695 112.379997
-13.443100 9.372205 1.615221 0.043135 0.009975 -0.412804 112.529999
-13.261304 9.276629 1.619050 0.006231 0.011709 -0.414897 112.665001
-13.079777 9.179671 1.617479 -0.018974 0.011117 -0.416465 112.800003
-12.896324 9.085916 1.616206 -0.086910 0.071338 -0.367199 112.934998
-12.712265 9.003979 1.615241 -0.060804 0.165281 -0.337255 113.059998
-12.513191 8.926204 1.614478 -0.016044 0.111223 -0.297949 113.180000
-12.317963 8.855309 1.613892 -0.018818 0.070728 -0.276530 113.290001
-12.125281 8.788040 1.613418 -0.019340 0.047508 -0.279522 113.394997
-11.928714 8.723168 1.613018 -0.110390 0.032474 -0.197197 113.500000
-11.728474 8.668429 1.612675 -0.063477 0.032123 -0.152158 113.605003
-11.525744 8.620658 1.612385 -0.033801 0.028814 -0.161072 113.709999
-11.321411 8.576207 1.612137 -0.027750 0.025620 -0.168300 113.815002
-11.096386 8.530447 1.611911 -0.021025 0.022119 -0.174495 113.930000
-10.850674 8.485958 1.611705 -0.052575 0.021193 -0.104228 114.055000
-10.613778 8.450274 1.611542 -0.015852 0.022098 -0.109211 114.175003
-10.376326 8.416792 1.611405 -0.013862 0.021051 -0.113107 114.294998
-10.168249 8.388852 1.611305 -0.013156 0.020804 -0.115825 114.400002
-9.969879 8.363320 1.611225 -0.010869 0.020033 -0.117884 114.500000
-9.771376 8.338594 1.611156 -0.007203 0.020519 -0.119571 114.599998
-9.572791 8.314340 1.611096 -0.003715 0.019517 -0.120922 114.699997
-9.354364 8.287806 1.611040 -0.000384 0.019828 -0.122128 114.809998
-9.145830 8.263995 1.609316 -0.031908 0.019669 -0.065375 114.915001
-8.947069 8.244410 1.575379 -0.013603 0.021335 -0.065848 115.014999
-8.718246 8.223557 1.537474 -0.016895 0.019064 -0.066276 115.129997
-8.480554 8.204030 1.510090 -0.017877 -0.044490 -0.066631 115.250000
-8.279593 8.189318 1.483553 -0.014696 -0.098130 -0.066877 115.355003
-8.074042 8.175954 1.469681 -0.037953 -0.136353 -0.019095 115.470001
-7.872770 8.167043 1.435800 -0.033474 -0.147794 0.046004 115.595001
-7.669981 8.162402 1.421566 -0.024169 -0.142088 0.040862 115.739998
-7.471822 8.161968 1.389669 -0.030708 -0.127605 0.090796 115.910004
-7.272361 8.163305 1.419250 0.043116 0.168497 0.019535 116.114998
-7.070825 8.157755 1.454441 -0.011332 0.295067 -0.024960 116.279999
-6.869659 8.156518 1.481221 -0.056534 0.184647 -0.043745 116.404999
-6.636211 8.164116 1.486799 -0.118251 -0.043572 0.156203 116.535004
-6.436805 8.184979 1.516771 -0.122737 -0.070371 0.343780 116.650002
-6.238534 8.220451 1.533163 -0.083904 -0.190622 0.391524 116.775002
-6.040437 8.265631 1.533163 -0.020454 -0.249590 0.229204 116.930000
-5.845201 8.318956 1.533163 0.032413 -0.144482 -0.022131 117.169998
-5.656263 8.386827 1.533163 0.031905 -0.022842 -0.629525 117.750000
-5.560556 8.210173 1.533163 0.018751 0.243992 -1.405439 118.839996
-5.529625 8.011438 1.542301 -0.003127 0.103870 -1.572769 119.000000
-5.498067 7.788273 1.562349 0.006323 0.036571 -1.719287 119.160004
-5.472396 7.586722 1.565093 0.047568 0.037662 -1.821562 119.300003
-5.456153 7.389255 1.535378 0.048191 0.046360 -1.821801 119.434998
-5.453450 7.166494 1.528156 0.044214 0.038441 -1.773546 119.584999
-5.462283 6.949091 1.506044 0.020793 -0.021647 -1.570406 119.730003
-5.475457 6.731646 1.486465 -0.018602 -0.082289 -1.412044 119.879997
-5.488974 6.515938 1.463741 -0.057636 -0.094357 -1.325347 120.044998
-5.493400 6.299728 1.430266 -0.077065 -0.087109 -1.267105 120.239998
-5.476734 6.089821 1.408072 -0.057516 -0.078502 -1.213716 120.480003
-5.438450 5.891330 1.401884 -0.015592 -0.045178 -1.194832 120.790001
-5.383269 5.695842 1.406702 0.010760 0.302402 -1.210804 121.135002
-5.314921 5.488685 1.406711 0.007209 0.144326 -1.306037 121.330002
-5.251218 5.291444 1.416474 -0.031454 0.062219 -1.322450 121.480003
-5.186222 5.104690 1.447525 -0.000333 0.006032 -1.309542 121.614998
-5.112920 4.894763 1.447525 -0.004635 -0.248198 -1.141986 121.775002
-5.049983 4.699080 1.447525 -0.046304 -0.174637 -0.922067 121.985001
-4.999459 4.504764 1.447525 -0.048767 -0.050313 -0.492703 122.394997
-4.790580 4.564242 1.447525 -0.018467 0.209863 0.730817 123.574997
-4.637069 4.697734 1.447525 -0.004900 0.096063 0.717644 123.730003
-4.469501 4.847902 1.447525 -0.000391 0.036096 0.617112 123.885002
-4.318014 4.979141 1.447525 0.041719 0.008790 0.376337 124.019997
-4.157162 5.108594 1.447525 0.004771 0.028681 0.338781 124.160004
-3.997563 5.231550 1.447525 0.058597 0.038644 0.353592 124.294998
-3.822249 5.347541 1.447525 0.115176 0.037398 0.307480 124.434998
-3.621250 5.449045 1.447525 0.133525 0.028006 0.257506 124.584999
-3.430784 5.518887 1.443069 0.093088 0.020488 0.254982 124.720001
-3.234363 5.572845 1.464596 0.078837 0.016575 0.204566 124.855003
-3.034281 5.614467 1.476125 0.064556 0.014616 0.138245 124.989998
-2.819906 5.647757 1.488565 0.047603 0.171991 0.086137 125.129997
-2.614786 5.671123 1.490149 0.016582 0.132389 0.019483 125.250000
-2.412183 5.690787 1.492926 -0.040782 0.075203 -0.018070 125.360001
-2.192847 5.715565 1.484709 -0.051802 0.046902 0.000470 125.474998
-1.980048 5.744979 1.482526 -0.010260 0.032316 0.014575 125.584999
-1.775527 5.774068 1.480765 0.023473 0.036509 0.025298 125.690002
-1.559345 5.801198 1.499277 0.098284 0.031293 -0.014700 125.800003
-1.351682 5.818392 1.513589 0.069409 0.030242 -0.009964 125.904999
-1.152993 5.827687 1.486617 0.044135 0.006447 0.017491 126.004997
-0.948973 5.833457 1.496025 -0.060941 -0.142024 0.152683 126.110001
-0.745072 5.844942 1.496099 -0.164343 -0.095654 0.375628 126.224998
-0.512311 5.872951 1.500396 -0.004457 -0.029226 0.155846 126.370003
-0.311984 5.898770 1.503539 0.022212 -0.006326 0.039230 126.500000
-0.088124 5.923320 1.504583 0.018645 -0.200160 0.103216 126.650002
0.114314 5.940628 1.504583 -0.026611 -0.227215 0.281245 126.820000
0.315889 5.949346 1.504583 -0.054202 -0.108289 0.574470 127.099998
0.515660 5.937399 1.504583 -0.011486 0.002068 1.642644 128.119995
0.474629 6.155742 1.504583 -0.019757 0.231494 1.842832 128.585007
0.428597 6.355030 1.504583 -0.015840 0.104206 1.828645 128.744995
0.376303 6.548125 1.504583 -0.013622 0.047996 1.796781 128.884995
0.320405 6.740389 1.504583 0.010648 0.025884 1.743240 129.020004
0.259257 6.957461 1.504583 -0.019836 0.056979 1.704528 129.169998
0.203911 7.156967 1.504583 -0.011847 0.173789 1.701025 129.300003
0.144971 7.380460 1.504583 0.037482 0.112780 1.708075 129.429993
0.095575 7.592412 1.504583 0.058258 0.070383 1.712990 129.544998
0.055818 7.792879 1.504583 0.061024 0.046036 1.716561 129.649994
0.021842 7.996120 1.504583 0.043852 -0.029576 1.719407 129.755005
-0.010791 8.222344 1.504583 0.019545 -0.098938 1.721981 129.875000
-0.037488 8.424439 1.504583 0.001360 -0.134947 1.723916 129.990005
-0.064255 8.629772 1.504583 -0.009760 -0.147376 1.725607 130.119995
-0.094172 8.840107 1.504583 -0.028810 -0.142639 1.783711 130.274994
-0.133004 9.063566 1.504583 -0.036769 -0.119704 1.882728 130.479996
-0.177939 9.262062 1.504232 -0.016222 -0.075689 1.931633 130.725006
-0.232006 9.464362 1.497437 -0.009021 -0.052009 1.940777 131.070007
-0.290686 9.656460 1.492674 -0.005136 -0.042915 1.950192 131.600006
-0.331516 9.457272 1.488947 -0.025453 0.225167 -1.571328 143.490005
-0.332027 9.256929 1.488947 0.021473 0.097277 -1.525728 143.645004
-0.334028 9.056682 1.488947 -0.010349 0.047228 -1.488236 143.785004
-0.334923 8.849398 1.488947 0.004140 0.027117 -1.454457 143.925003
-0.334670 8.623915 1.488947 -0.006476 0.019465 -1.468919 144.074997
-0.329641 8.422795 1.488947 -0.084211 0.177106 -1.397192 144.205002
-0.312739 8.218001 1.488947 -0.014687 0.115316 -1.403542 144.324997
-0.292591 8.018924 1.488947 -0.022454 0.002470 -1.408090 144.434998
-0.268728 7.813150 1.488947 -0.026187 -0.078865 -1.411860 144.550003
-0.239838 7.595748 1.488947 -0.020053 -0.122777 -1.415182 144.679993
-0.206636 7.373240 1.488947 -0.008271 -0.140003 -1.418018 144.830002
-0.174307 7.171934 1.488947 -0.015175 -0.133622 -1.369494 144.990005
-0.139182 6.973824 1.488947 -0.020861 -0.114867 -1.284444 145.184998
-0.099462 6.776249 1.488947 -0.008675 -0.062694 -1.264857 145.445007
-0.056776 6.580757 1.488947 -0.007116 -0.049784 -1.251922 145.794998
-0.009420 6.385914 1.488947 -0.004331 -0.038678 -1.241585 146.380005
0.160802 6.273374 1.489493 -0.010464 0.319257 -0.418846 149.410004
0.360901 6.184780 1.489366 -0.064695 0.271610 -0.369570 149.580002
0.546886 6.110515 1.489295 0.016113 0.165490 -0.374373 149.699997
0.734472 6.034166 1.461301 -0.038116 0.092396 -0.337690 149.809998
0.922644 5.961457 1.437318 -0.069127 0.057191 -0.246615 149.914993
1.125422 5.888779 1.440546 0.014285 0.036414 -0.257835 150.024994
1.330093 5.814271 1.443288 -0.029854 0.030178 -0.248934 150.134995
1.546297 5.739261 1.445703 -0.022977 0.024863 -0.209244 150.250000
1.783465 5.662652 1.447878 -0.018798 0.024263 -0.201677 150.375000
1.993430 5.597734 1.449473 -0.026246 0.022933 -0.211703 150.485001
2.194256 5.538440 1.450760 -0.036078 -0.026377 -0.219333 150.589996
2.390760 5.483769 1.451859 -0.036424 -0.083516 -0.225495 150.695007
2.585799 5.433237 1.452827 -0.071991 -0.126174 -0.164089 150.804993
2.788886 5.388626 1.453742 -0.083327 -0.138782 -0.063636 150.929993
3.009880 5.352792 1.454660 -0.078493 -0.132182 0.035718 151.085007
3.213499 5.333438 1.455446 -0.065729 -0.117845 0.113696 151.255005
3.414559 5.329328 1.464175 -0.045223 -0.098686 0.176756 151.464996
3.615303 5.339905 1.476199 -0.005886 -0.121013 0.032823 151.755005
3.814727 5.368958 1.476199 0.014598 -0.008192 -0.888655 152.634995
3.746821 5.177427 1.476199 -0.023144 0.234093 -1.930658 154.429993
3.671838 4.989835 1.476199 -0.007128 0.106419 -1.859437 154.589996
3.597199 4.798310 1.476199 -0.050360 0.052349 -1.787670 154.735001
3.524533 4.589230 1.476199 -0.044156 0.031756 -1.769569 154.884995
3.465269 4.387944 1.476199 -0.045810 0.023508 -1.723125 155.024994
3.416511 4.189717 1.476199 -0.031422 0.110471 -1.732623 155.160004
3.374786 3.990638 1.476199 -0.072393 0.163963 -1.697310 155.285004
3.340876 3.787242 1.476199 -0.018185 0.111056 -1.703394 155.399994
3.309151 3.581238 1.476199 -0.006631 0.067694 -1.708059 155.509995
3.278577 3.379082 1.476199 0.040073 0.042356 -1.741251 155.615005
3.240469 3.145347 1.476199 0.019814 0.031167 -1.750909 155.735001
3.198685 2.910533 1.514035 0.027839 0.025148 -1.758524 155.854996
3.160574 2.714833 1.549988 0.029537 0.017713 -1.763547 155.955002
3.119529 2.520131 1.584843 0.022500 -0.004830 -1.767591 156.054993
3.070005 2.299638 1.614754 0.010809 -0.017467 -1.771320 156.169998
3.019793 2.084008 1.642946 -0.044827 -0.068396 -1.722841 156.285004
2.975718 1.881516 1.642225 -0.028957 -0.282851 -1.781643 156.399994
2.934850 1.671198 1.642225 0.027412 -0.275324 -1.938713 156.550003
2.903077 1.471941 1.642225 0.060228 -0.160090 -2.163847 156.764999
2.883852 1.267080 1.642225 0.046533 -0.033081 -2.656000 157.235001
2.735085 1.401574 1.620236 0.026258 0.182372 1.922804 158.664993
2.637370 1.575993 1.586619 -0.109632 0.096950 2.000833 158.820007
2.512376 1.769310 1.573804 -0.087736 0.044114 2.185301 158.979996
2.379572 1.946392 1.555996 -0.038197 -0.093924 2.477493 159.130005
2.250694 2.111235 1.554448 -0.055977 -0.068684 2.724214 159.285004
2.119523 2.266830 1.553126 -0.131169 -0.028035 2.892669 159.455002
1.965603 2.400517 1.524275 -0.137986 -0.015080 3.040675 159.654999
1.785178 2.491770 1.503818 -0.087593 -0.041587 3.089540 159.895004
1.591157 2.540587 1.495047 -0.020102 -0.041752 3.122346 160.195007
1.392437 2.570488 1.492754 -0.012199 -0.042305 3.131596 160.595001
1.192192 2.580184 1.490923 -0.003030 -0.028648 3.137186 161.345001
1.396500 2.563421 1.481930 -0.050371 0.248908 0.019468 167.789993
1.601659 2.577606 1.482888 -0.015480 0.111888 0.045828 167.955002
1.806471 2.593810 1.483554 0.017398 0.055309 0.048320 168.100006
2.013125 2.606977 1.484067 0.015515 0.024624 0.050090 168.240005
2.228060 2.617773 1.484494 0.007267 -0.050230 0.051463 168.384995
2.450413 2.627512 1.484864 -0.006867 -0.102023 0.066074 168.544998
2.651074 2.637681 1.485163 -0.030163 -0.113771 0.144532 168.710007
2.850706 2.654137 1.485435 -0.032867 -0.103839 0.234031 168.910004
3.053685 2.680312 1.485691 -0.010994 -0.061934 0.252783 169.179993
3.252770 2.711811 1.485905 -0.007716 -0.051066 0.260084 169.544998
3.451888 2.750531 1.486088 -0.003301 -0.033639 0.265630 170.229996
3.524954 2.559086 1.486130 0.032444 0.319998 -1.541534 172.740005
3.533362 2.352423 1.486130 -0.002427 0.250075 -1.578698 172.889999
3.542722 2.148348 1.486130 -0.047375 0.147921 -1.568092 173.009995
3.558055 1.925881 1.486130 -0.022578 0.080047 -1.559848 173.130005
3.575537 1.704227 1.486130 0.064011 0.049299 -1.599486 173.244995
3.586783 1.498411 1.486130 0.032227 0.039074 -1.613040 173.350006
3.591865 1.290934 1.486130 0.040771 0.032414 -1.647321 173.455002
3.589095 1.052881 1.486130 0.061338 0.029409 -1.705677 173.574997
3.579530 0.844353 1.486130 0.015135 0.026458 -1.693749 173.679993
3.567767 0.635414 1.486130 0.012645 0.023892 -1.684811 173.785004
3.554336 0.426249 1.486130 0.013749 0.022330 -1.677628 173.889999
3.539214 0.217022 1.486130 0.012377 0.021157 -1.671864 173.994995
3.522606 0.007831 1.486130 0.007852 0.020776 -1.667250 174.100006
3.505003 -0.201322 1.486130 0.002556 0.020040 -1.663561 174.205002
3.486743 -0.410406 1.486130 0.053905 0.019040 -1.702998 174.309998
3.463641 -0.618682 1.486130 0.009749 0.019574 -1.743741 174.414993
3.436386 -0.845522 1.486130 -0.016137 -0.032840 -1.731016 174.529999
3.409038 -1.074725 1.486130 0.026269 -0.097410 -1.787622 174.649994
3.379049 -1.304309 1.486130 0.013728 -0.134671 -1.774074 174.779999
3.350660 -1.509099 1.486130 0.026548 -0.146262 -1.785410 174.910004
3.319016 -1.712543 1.486130 0.023169 -0.142138 -1.780264 175.059998
3.282784 -1.912688 1.486130 0.028758 -0.124034 -1.845537 175.240005
3.239021 -2.111907 1.486130 0.016403 -0.088630 -1.898580 175.475006
3.190350 -2.306184 1.486130 0.006853 -0.050811 -1.903974 175.789993
3.136020 -2.504829 1.486130 0.004645 -0.045955 -1.913863 176.274994
3.067945 -2.718397 1.486130 -0.022660 0.318559 -1.852725 176.675003
3.009374 -2.932559 1.473599 -0.029367 0.148079 -1.786814 176.839996
2.956103 -3.151612 1.473599 0.016211 -0.141921 -1.938662 176.985001
2.908735 -3.351569 1.473599 0.056596 -0.244338 -2.100982 177.139999
2.866354 -3.557200 1.473599 0.073701 -0.131204 -2.357550 177.384995
2.840205 -3.755532 1.473599 0.038093 -0.013790 -2.949208 177.949997
2.714768 -3.608550 1.418346 -0.065588 0.201149 1.948083 179.044998
2.608247 -3.437557 1.430462 -0.033294 0.097186 1.904218 179.205002
2.496378 -3.265204 1.426548 -0.075472 0.071828 2.046067 179.350006
2.380449 -3.100048 1.423622 -0.032958 -0.002867 2.361256 179.485001
2.251826 -2.929758 1.421099 -0.043733 -0.019194 2.707437 179.630005
2.113484 -2.760072 1.418942 -0.097467 0.014946 2.870557 179.785004
1.972160 -2.618064 1.417302 -0.181281 0.025893 3.024569 179.934998
1.796732 -2.500950 1.415808 -0.160671 0.000220 3.090029 180.110001
1.607000 -2.429102 1.433486 -0.111277 -0.051677 3.111650 180.300003
1.403226 -2.393942 1.455017 -0.052331 -0.079146 3.132563 180.529999
1.193606 -2.385205 1.471455 -0.006699 -0.047954 -3.128487 180.835007
0.990743 -2.385190 1.479822 -0.003632 -0.048396 -3.115708 181.244995
0.791190 -2.397018 1.487547 0.000249 -0.016385 -3.107225 182.350006
0.993461 -2.429075 1.488344 -0.027582 0.265983 -0.079095 185.899994
1.197783 -2.453875 1.488344 -0.042735 0.115483 -0.063667 186.065002
1.402729 -2.469824 1.488344 -0.055359 0.048026 -0.113537 186.210007
1.609452 -2.477580 1.488344 -0.045928 0.024653 -0.095253 186.350006
1.812193 -2.477420 1.488344 -0.016649 0.018274 -0.082023 186.485001
2.031474 -2.475318 1.503627 0.010828 0.013981 -0.083083 186.630005
2.264260 -2.475952 1.503705 0.025096 -0.050150 -0.074884 186.785004
2.475652 -2.481226 1.503764 0.042986 -0.098887 -0.107792 186.934998
2.680121 -2.494228 1.503815 0.032742 -0.112929 -0.178167 187.100006
2.879676 -2.514399 1.503860 0.027275 -0.105747 -0.223206 187.294998
3.078494 -2.541848 1.503901 0.010753 -0.066145 -0.251563 187.550003
3.278127 -2.574397 1.497716 0.006766 -0.050460 -0.257658 187.899994
3.476052 -2.611350 1.492163 0.003877 -0.039244 -0.263147 188.479996
3.268935 -2.692245 1.491875 0.009890 0.134961 3.092904 191.485001
3.065781 -2.716481 1.491875 -0.076025 0.024790 2.926377 191.639999
2.867921 -2.749181 1.491875 -0.008096 0.038020 2.798205 191.785004
2.642640 -2.782274 1.491875 0.094865 0.081207 2.742934 191.945007
2.441638 -2.790425 1.491875 0.111722 -0.080733 2.833092 192.085007
2.237994 -2.782116 1.491875 0.040744 -0.229067 3.005877 192.250000
2.037962 -2.764388 1.491875 -0.020271 -0.135591 -3.010277 192.505005
1.838691 -2.728650 1.491875 -0.022405 -0.012250 -2.251068 193.229996
1.977025 -2.583269 1.491875 -0.021690 0.228992 0.716275 199.649994
2.133691 -2.452076 1.491875 0.076998 0.089456 0.813632 199.809998
2.297785 -2.327078 1.491875 0.059672 0.039792 0.795870 199.955002
2.462022 -2.212836 1.491875 -0.006995 0.030256 0.783494 200.089996
2.645374 -2.081878 1.491875 -0.049016 -0.027197 0.773318 200.240005
2.804956 -1.957476 1.491875 -0.060030 -0.082011 0.772916 200.380005
2.970532 -1.811455 1.491875 -0.059484 -0.110469 0.865165 200.550003
3.115841 -1.664532 1.491875 -0.034391 -0.109466 0.926571 200.740005
3.251301 -1.513038 1.491875 -0.015553 -0.082226 0.967517 200.979996
3.381912 -1.358148 1.491875 -0.007705 -0.055403 0.966572 201.304993
3.502945 -1.198253 1.491875 0.016432 -0.019136 0.212626 202.035004
3.588401 -1.382647 1.522586 0.037143 0.232677 -1.299435 204.125000
3.634512 -1.578372 1.522668 0.019168 0.089997 -1.496723 204.279999
3.679929 -1.794455 1.522733 0.012327 0.023807 -1.672336 204.434998
3.723098 -2.014661 1.522783 -0.000378 0.030312 -1.773347 204.589996
3.758148 -2.217160 1.522819 0.064275 0.046417 -1.782710 204.729996
3.782780 -2.438856 1.522850 0.085924 0.045036 -1.756399 204.880005
3.787304 -2.663956 1.522874 0.093967 0.030114 -1.737243 205.029999
3.773268 -2.867137 1.522892 0.073625 0.019348 -1.724373 205.164993
3.746221 -3.069764 1.522907 0.040027 0.014659 -1.714660 205.300003
3.712175 -3.271894 1.522919 0.005258 0.012592 -1.707457 205.434998
3.673034 -3.496615 1.522929 -0.017757 0.008150 -1.701426 205.585007
3.640970 -3.697165 1.522936 -0.025108 -0.054613 -1.697405 205.720001
3.610221 -3.912951 1.522943 -0.000596 -0.103695 -1.753914 205.875000
3.582767 -4.114360 1.522949 0.015406 -0.116318 -1.791235 206.039993
3.548761 -4.325402 1.544945 -0.031263 0.241629 -1.825498 206.229996
3.516084 -4.522548 1.528515 -0.016609 0.246062 -1.813708 206.369995
3.481556 -4.726162 1.528798 0.007094 0.143906 -1.806078 206.490005
3.444640 -4.927814 1.529110 -0.006981 0.079465 -1.764314 206.600006
3.407560 -5.126996 1.529364 -0.000005 0.050898 -1.747049 206.705002
3.371763 -5.329675 1.545412 -0.032569 0.035882 -1.657395 206.809998
3.341069 -5.524692 1.579537 -0.016071 0.031954 -1.658188 206.910004
3.308070 -5.769208 1.599317 -0.043757 -0.102707 -1.669199 207.035004
3.284861 -5.985505 1.599317 0.013348 -0.312560 -1.794866 207.154999
3.266741 -6.194459 1.599317 0.057799 -0.269630 -1.951951 207.304993
3.256200 -6.407697 1.599317 0.076644 -0.135592 -2.203286 207.544998
3.261142 -6.609932 1.599317 0.042052 -0.017019 -2.763532 208.080002
3.219433 -6.413816 1.599317 -0.014770 0.115424 1.709206 213.085007
3.182871 -6.214259 1.599317 -0.001359 -0.027969 1.635502 213.255005
3.141651 -5.996551 1.599317 0.029479 -0.080948 1.561108 213.449997
3.108800 -5.797231 1.599317 0.041508 -0.086724 1.503043 213.660004
3.087139 -5.595512 1.599317 0.020470 -0.116027 1.555926 213.934998
3.080137 -5.394756 1.599317 -0.019530 -0.031311 2.179010 214.529999
2.872024 -5.353860 1.599317 0.002479 0.243593 -3.037678 215.770004
2.669803 -5.370046 1.599317 -0.028053 0.108221 -3.009856 215.929993
2.457196 -5.394538 1.599317 -0.040793 0.048647 -2.990951 216.080002
2.237205 -5.429258 1.583846 -0.022887 0.024975 -2.987370 216.229996
2.037053 -5.465124 1.582333 -0.021882 0.014977 -3.022200 216.365005
1.840444 -5.500339 1.558422 -0.004638 0.051622 -3.069767 216.494995
1.631927 -5.536805 1.558758 0.034837 -0.038264 -3.101700 216.630005
1.431926 -5.568991 1.547628 0.044946 -0.087620 -3.129693 216.764999
1.230307 -5.595503 1.553774 0.053843 -0.109653 3.091107 216.914993
1.028326 -5.613186 1.557172 0.047783 -0.108836 3.036395 217.089996
0.828091 -5.620465 1.560243 0.038378 -0.092733 2.982458 217.304993
0.626261 -5.616132 1.572736 0.012831 -0.052001 2.951824 217.595001
0.425247 -5.605190 1.581568 0.008528 -0.050046 2.960192 218.005005
0.226250 -5.585675 1.590163 -0.007741 0.282907 3.106160 219.505005
0.023415 -5.585962 1.582477 0.034615 0.247639 -3.104522 219.794998
-0.180846 -5.580494 1.582448 -0.025060 0.104911 3.136221 219.955002
-0.381099 -5.580104 1.582427 -0.069505 0.041779 3.105779 220.095001
-0.610476 -5.592163 1.594570 -0.002863 0.020683 3.055248 220.250000
-0.812391 -5.606968 1.593735 -0.016843 0.017202 3.054865 220.384995
-1.047016 -5.626067 1.580438 0.006597 0.176189 3.070540 220.535004
-1.285457 -5.639877 1.594525 0.045918 0.118374 3.081084 220.669998
-1.493223 -5.644426 1.595067 0.057342 0.071696 3.087660 220.779999
-1.697168 -5.642126 1.595506 0.051171 0.047488 3.092695 220.884995
-1.903857 -5.634283 1.595879 0.033079 0.033570 3.096723 220.990005
-2.111889 -5.622882 1.596197 0.012753 0.027469 3.099987 221.095001
-2.320643 -5.610183 1.596464 -0.007335 0.024292 3.102568 221.199997
-2.529835 -5.598207 1.596693 -0.018799 0.022294 3.104653 221.304993
-2.739311 -5.588162 1.596886 -0.023059 0.021582 3.106323 221.410004
-2.948960 -5.580505 1.597051 -0.021462 0.020258 3.107680 221.514999
-3.178656 -5.574532 1.597202 0.019316 0.020024 3.089258 221.630005
-3.407965 -5.565291 1.597330 0.081528 0.021401 2.977467 221.744995
-3.613474 -5.547705 1.597429 0.122519 -0.123594 2.805386 221.850006
-3.818922 -5.518046 1.597519 0.169343 -0.088419 2.622211 221.964996
-4.017005 -5.469827 1.597602 0.166559 -0.010624 2.481782 222.089996
-4.223664 -5.389435 1.597678 0.147407 0.033700 2.414570 222.235001
-4.400384 -5.290695 1.597737 0.133674 0.037086 2.354732 222.369995
-4.575023 -5.161604 1.597788 0.108502 0.031174 2.285491 222.514999
-4.725098 -5.024777 1.597825 0.082824 0.025360 2.220219 222.649994
-4.865105 -4.876464 1.597855 0.063145 0.019943 2.158425 222.785004
-4.996598 -4.719920 1.597879 0.055443 0.017461 2.092061 222.919998
-5.137760 -4.532239 1.597902 0.034199 0.010921 2.033034 223.074997
-5.252697 -4.365601 1.597918 0.060834 -0.045960 1.976973 223.210007
-5.361907 -4.192589 1.597932 0.054052 -0.091814 1.950681 223.354996
-5.461707 -4.018733 1.597943 0.047110 -0.107783 1.916990 223.514999
-5.554052 -3.837211 1.597954 0.039595 -0.105434 1.875712 223.710007
-5.634089 -3.653437 1.597964 0.018183 -0.069709 1.836598 223.960007
-5.701064 -3.458043 1.595179 0.054680 0.259071 1.750956 224.285004
-5.729921 -3.254496 1.593839 0.014408 0.171861 1.589366 224.485001
-5.750502 -3.041236 1.593031 -0.041773 0.065952 1.507953 224.645004
-5.774048 -2.841171 1.592471 -0.008314 0.035849 1.463038 224.785004
-5.797705 -2.636002 1.592021 0.045033 0.032872 1.401409 224.925003
-5.811508 -2.435655 1.591671 0.080506 0.035199 1.342406 225.059998
-5.809117 -2.219623 1.591367 0.100614 0.037036 1.274521 225.205002
-5.786990 -2.019521 1.591138 0.101839 0.034956 1.207392 225.339996
-5.742031 -1.807486 1.590941 0.091386 0.031228 1.141328 225.485001
-5.679507 -1.609369 1.590795 0.092144 0.186927 1.070794 225.619995
-5.600029 -1.419961 1.590688 0.075932 0.140172 0.998318 225.740005
-5.510052 -1.238390 1.590605 0.068206 0.090871 0.928634 225.850006
-5.389132 -1.025675 1.590524 0.102884 -0.093245 0.766431 225.979996
-5.279647 -0.855961 1.590465 0.112428 -0.069288 0.698476 226.095001
-5.157853 -0.692104 1.590411 0.129258 -0.018285 0.626310 226.220001
-5.020977 -0.543858 1.590366 0.175773 0.018340 0.467479 226.350006
-4.863622 -0.415737 1.590327 0.147125 0.034660 0.337686 226.485001
-4.693114 -0.310655 1.590297 0.099323 0.039707 0.241903 226.619995
-4.491877 -0.215886 1.590270 0.090808 0.038530 0.151854 226.770004
-4.302638 -0.147471 1.590250 0.088997 0.034799 0.095677 226.904999
-4.100478 -0.092633 1.590233 0.084212 0.010934 0.032396 227.044998
-3.898445 -0.054025 1.590219 0.080215 -0.044432 -0.035249 227.184998
-3.694317 -0.028973 1.590208 0.073762 -0.080306 -0.092138 227.335007
-3.493906 -0.017960 1.590197 0.078702 -0.090496 -0.189891 227.500000
-3.289708 -0.025136 1.590188 0.068067 -0.079035 -0.342120 227.699997
-3.089144 -0.054231 1.590181 0.040763 -0.063725 -0.435832 227.949997
-2.892906 -0.100587 1.590173 0.012321 -0.050500 -0.423219 228.279999
-2.699435 -0.153084 1.590171 0.006903 -0.043558 -0.398350 228.789993
-2.899192 -0.135451 1.590171 -0.012699 0.194506 2.934133 233.604996
-3.126691 -0.100253 1.590171 0.058259 0.069646 2.977997 233.774994
-3.326556 -0.057819 1.590171 0.046998 0.031731 2.978445 233.914993
-3.521428 -0.006160 1.590171 0.050808 0.015688 2.980353 234.050003
-3.717287 0.053208 1.590171 -0.009216 0.138381 3.000855 234.184998
-3.914569 0.111524 1.590171 -0.005968 0.115299 2.991608 234.309998
-4.108950 0.166132 1.590171 -0.042243 0.003432 2.984989 234.425003
-4.310743 0.217273 1.590171 -0.056600 -0.078883 2.979649 234.544998
-4.531137 0.264923 1.590171 -0.044374 -0.123102 2.974847 234.684998
-4.753595 0.304748 1.590171 -0.029388 -0.135093 2.993022 234.845001
-4.952268 0.334355 1.590171 -0.020973 -0.126917 3.038378 235.014999
-5.163805 0.359916 1.590171 -0.019050 -0.101983 3.124271 235.244995
-5.362979 0.379074 1.590171 -0.006362 -0.048079 3.128663 235.539993
-5.564182 0.395462 1.590171 -0.005293 -0.048215 3.140611 235.955002
