3.520159 1.300857 1.000000 0.013529 0.319270 -1.491397 0.000000
3.534609 1.098807 1.000000 0.015965 0.259900 -1.569744 0.150000
3.544712 0.878666 1.000000 0.008117 0.142331 -1.649429 0.280000
3.551381 0.646853 1.000000 -0.019597 0.075639 -1.706555 0.405000
3.557092 0.444782 1.000000 -0.025575 0.050199 -1.692598 0.510000
3.563949 0.240383 1.000000 0.026196 -0.018274 -1.681501 0.615000
3.568119 0.031616 1.000000 0.058910 -0.084375 -1.672189 0.725000
3.565809 -0.189785 1.000000 0.059262 -0.128960 -1.663951 0.850000
3.554892 -0.410832 1.000000 0.050855 -0.145193 -1.674905 0.990000
3.536015 -0.619859 1.000000 0.033159 -0.138975 -1.725054 1.145000
3.511029 -0.818435 1.000000 0.023929 -0.123455 -1.796115 1.325000
3.480425 -1.016945 1.000000 0.012460 -0.083605 -1.835203 1.560000
3.446001 -1.216768 1.000000 0.006822 -0.052378 -1.837521 1.885000
3.408156 -1.416148 1.000000 0.004698 -0.044781 -1.844554 2.390000
3.363009 -1.611305 1.000000 -0.018096 0.320214 -1.742403 5.020000
3.330878 -1.815422 1.000000 -0.017631 0.308097 -1.682143 5.200000
3.302872 -2.020703 1.000000 0.041054 0.184046 -1.639972 5.330000
3.273901 -2.226204 1.000000 -0.018462 0.102023 -1.563298 5.445000
3.246462 -2.433344 1.000000 0.025628 0.061318 -1.561034 5.555000
3.220471 -2.635986 1.000000 -0.026224 0.046200 -1.524456 5.660000
3.197594 -2.841416 1.000000 -0.019903 0.036400 -1.540926 5.765000
3.173917 -3.088226 1.017533 -0.042002 0.031159 -1.556248 5.890000
3.158872 -3.296811 1.017248 -0.047178 0.026768 -1.566360 5.995000
3.148850 -3.506065 1.017006 -0.040984 0.023205 -1.574510 6.100000
3.142884 -3.715647 1.016801 0.023924 0.019632 -1.617567 6.205000
3.134896 -3.924990 1.016626 0.013970 0.019883 -1.678093 6.310000
3.124621 -4.134114 1.016478 -0.004047 0.021920 -1.673431 6.415000
3.117597 -4.343332 1.009726 -0.086822 0.018391 -1.536975 6.520000
3.119019 -4.542214 0.972898 -0.022529 0.022466 -1.486977 6.620000
3.123356 -4.741084 1.013563 0.009205 0.023917 -1.494167 6.720000
3.127722 -4.940288 1.049299 -0.064201 0.022681 -1.440134 6.820000
3.136163 -5.149287 1.048884 -0.013268 0.023776 -1.449913 6.925000
3.146605 -5.358388 1.048532 -0.013886 0.023085 -1.457785 7.030000
3.160150 -5.587520 1.037489 -0.019270 0.022599 -1.464601 7.145000
3.175591 -5.806048 1.030273 -0.018947 -0.030540 -1.469754 7.255000
3.192822 -6.018293 1.030373 -0.013204 -0.094191 -1.473852 7.365000
3.213183 -6.251654 1.030469 0.016658 -0.136202 -1.527011 7.495000
3.229570 -6.452751 1.030546 0.036060 -0.147954 -1.570526 7.620000
3.242326 -6.655437 1.030617 0.030041 -0.142358 -1.602686 7.765000
3.249323 -6.863707 1.030686 0.041829 -0.122852 -1.686552 7.945000
3.246407 -7.065584 1.015214 0.030985 -0.098349 -1.745232 8.170000
3.234485 -7.271918 1.010743 0.008811 -0.047819 -1.739035 8.485000
3.217597 -7.471149 1.005271 0.006118 -0.047381 -1.744865 8.920000
3.204018 -7.223308 1.000375 0.030028 0.117601 1.445512 13.310000
3.215644 -7.015184 1.000375 0.064764 0.042887 1.498781 13.455000
3.238328 -6.800595 1.000375 0.003308 0.013662 1.646109 13.600000
3.264255 -6.585191 1.000375 0.008562 0.009254 1.703469 13.745000
3.290922 -6.362375 1.000375 -0.054554 0.022927 1.765006 13.895000
3.304878 -6.155683 1.000375 -0.095392 -0.018912 1.825338 14.035000
3.300727 -5.932502 1.000375 -0.106625 -0.058380 1.893177 14.195000
3.276148 -5.733700 1.000375 -0.108131 -0.076024 2.001009 14.355000
3.225249 -5.531324 1.000375 -0.078753 -0.073888 2.141158 14.550000
3.148167 -5.333677 1.000375 -0.043461 -0.067838 2.231755 14.795000
3.067036 -5.147110 1.012084 0.064223 0.259963 2.070472 15.060000
2.993495 -4.944406 1.011115 -0.015314 0.129309 1.885404 15.245000
2.923331 -4.754452 1.011024 -0.002557 -0.142505 1.998750 15.395000
2.849964 -4.549053 1.011024 -0.043660 -0.198292 2.208196 15.595000
2.791227 -4.356122 1.011024 -0.055780 -0.076648 2.559005 15.930000
2.588301 -4.448935 1.010077 -0.005879 0.157698 -1.917050 17.395000
2.477478 -4.619112 0.986929 -0.005395 0.031041 -1.891840 17.549999
2.367819 -4.789468 0.987944 -0.051826 -0.203206 -1.892684 17.705000
2.258068 -4.960566 0.989003 -0.043829 -0.183432 -1.893483 17.920000
2.147485 -5.127280 0.990107 0.000436 -0.019985 -2.250246 18.605000
1.961676 -5.205619 0.990107 0.004143 0.272156 -2.823717 19.375000
1.764774 -5.274284 0.990107 0.035574 0.119561 -2.841374 19.545000
1.554493 -5.336902 0.990107 0.083686 0.051222 -2.939433 19.700001
1.345543 -5.384097 0.990107 0.029005 0.029803 -2.951612 19.844999
1.124102 -5.427305 0.974021 0.015109 0.003912 -2.952557 19.995001
0.926356 -5.462147 0.974069 0.015477 -0.060579 -2.994364 20.129999
0.701615 -5.498201 0.974159 0.015350 -0.102507 -3.025973 20.295000
0.478294 -5.531477 0.974237 0.005250 -0.109320 -3.018236 20.485001
0.277298 -5.560561 0.962451 0.002949 -0.092609 -3.012555 20.695000
0.077959 -5.588349 0.973919 0.024959 0.105536 -3.047585 20.959999
-0.124451 -5.610952 0.986592 0.046072 0.315785 -3.085322 21.170000
-0.330847 -5.626844 0.985709 -0.014627 0.229408 -3.113930 21.309999
-0.532276 -5.639238 0.985115 0.064919 0.128416 3.072436 21.424999
-0.766937 -5.644653 0.984583 -0.010589 0.069274 3.035485 21.549999
-0.970432 -5.647967 0.984207 0.001378 0.049479 3.044453 21.655001
-1.177105 -5.650474 0.983888 0.028669 0.037450 3.051649 21.760000
-1.385362 -5.649548 0.983616 0.046438 0.030868 3.057423 21.865000
-1.594302 -5.644101 0.983387 -0.021594 0.021516 3.130344 21.969999
-1.836389 -5.640966 0.983158 -0.122041 -0.139970 -2.889421 22.094999
-2.036898 -5.649278 0.982983 -0.156903 -0.074616 -2.704181 22.209999
-2.256135 -5.680579 0.982810 -0.184130 0.018136 -2.538635 22.350000
-2.455373 -5.742527 0.982669 -0.181231 0.054956 -2.391540 22.490000
-2.636641 -5.836585 0.982557 -0.157900 0.062068 -2.256284 22.629999
-2.821986 -5.978018 0.982454 -0.137010 0.056673 -2.099402 22.790001
-2.964518 -6.125357 0.982384 -0.120239 0.049841 -1.966251 22.930000
-3.088043 -6.288535 0.982326 -0.107107 0.007885 -1.839038 23.070000
-3.193962 -6.463005 0.982279 -0.115214 -0.034665 -1.706060 23.215000
-3.289264 -6.665928 0.982235 -0.112252 -0.053560 -1.578686 23.389999
-3.352109 -6.856002 0.982209 -0.087703 -0.144553 -1.543797 23.570000
-3.399627 -7.057789 0.982209 -0.005912 -0.131734 -1.826542 23.840000
-3.426475 -7.256338 0.982209 0.017551 -0.012518 -2.648584 24.625000
-3.656197 -7.259168 0.982209 0.016091 0.237751 2.976955 26.295000
-3.859296 -7.216981 0.982209 -0.079030 0.097608 3.039140 26.455000
-4.058192 -7.192696 0.982209 -0.129044 0.040714 3.108942 26.594999
-4.286075 -7.192897 0.982209 -0.080992 0.028775 -3.072594 26.750000
-4.499697 -7.218368 1.015073 -0.166088 0.020052 -2.804355 26.895000
-4.715437 -7.275036 1.025306 -0.041134 -0.202470 -2.817496 27.049999
-4.907627 -7.337195 1.025306 0.021206 -0.210718 -3.005988 27.230000
-5.097319 -7.409762 1.025306 0.049467 -0.090612 2.947335 27.545000
-4.906813 -7.334678 1.025306 0.026379 0.123623 0.174159 30.049999
-4.720279 -7.261106 1.025306 0.077948 0.073195 0.052613 30.195000
-4.504923 -7.199778 1.025306 0.104085 0.054135 -0.005524 30.350000
-4.294180 -7.158142 1.031714 -0.006756 0.029384 0.171177 30.495001
-4.080023 -7.116240 1.036195 -0.013182 0.008874 0.361444 30.639999
-3.881849 -7.074189 1.035612 -0.033742 0.007900 0.514721 30.775000
-3.687393 -7.025633 1.035140 -0.072707 0.024875 0.649940 30.910000
-3.492589 -6.960803 1.034748 -0.116105 0.048903 0.783617 31.049999
-3.290326 -6.862746 1.034400 -0.148349 0.066647 0.934096 31.205000
-3.125509 -6.746783 1.034151 -0.150562 0.043503 1.062809 31.344999
-2.973787 -6.600306 1.046842 -0.087194 -0.002245 1.131542 31.495001
-2.841578 -6.446832 1.054516 -0.057084 -0.043002 1.023083 31.645000
-2.716209 -6.287501 1.060645 0.007445 -0.063264 0.849635 31.805000
-2.576838 -6.112287 1.060608 0.050696 -0.047496 0.581069 32.000000
-2.441139 -5.961014 1.060592 0.059057 -0.159015 0.575947 32.200001
-2.297440 -5.819191 1.060592 -0.005404 -0.108965 0.895352 32.505001
-2.474856 -5.682259 1.060592 -0.002018 0.155380 3.122522 35.005001
-2.675583 -5.670280 1.060592 -0.028667 0.064554 3.060911 35.150002
-2.888450 -5.662689 1.060592 -0.020648 0.026200 2.992062 35.294998
-3.090245 -5.658253 1.060592 0.008530 0.017838 2.926823 35.430000
-3.295434 -5.650661 1.060592 0.043220 0.171527 2.861564 35.564999
-3.503711 -5.630422 1.060592 0.072335 0.156081 2.794967 35.689999
-3.709668 -5.595448 1.060592 0.053370 0.105142 2.745869 35.805000
-3.913845 -5.550774 1.060592 0.034470 0.071840 2.760385 35.915001
-4.112485 -5.501406 1.060592 0.054607 0.051144 2.771533 36.020000
-4.312021 -5.444717 1.060592 0.061404 0.036110 2.780416 36.125000
-4.539211 -5.371150 1.060592 0.047251 0.026050 2.788390 36.244999
-4.736851 -5.300819 1.060592 0.026439 0.021145 2.793911 36.349998
-4.934170 -5.228806 1.060592 -0.018430 0.018429 2.846967 36.455002
-5.132432 -5.159894 1.060592 -0.087284 0.020063 2.929645 36.560001
-5.332477 -5.097852 1.060592 -0.085563 0.023670 2.979537 36.665001
-5.534233 -5.042677 1.060592 -0.030543 0.025097 2.982987 36.770000
-5.775995 -4.981497 1.060592 -0.069647 0.024704 2.996674 36.895000
-5.980604 -4.936117 1.060592 -0.042532 0.023711 3.007672 37.000000
-6.186306 -4.895462 1.060592 -0.077348 0.022426 3.030605 37.105000
-6.393031 -4.860942 1.060592 -0.035083 0.023520 3.037995 37.209999
-6.600513 -4.830246 1.060592 -0.019813 0.022520 3.031415 37.314999
-6.808472 -4.801463 1.060592 -0.013446 0.021312 3.026161 37.419998
-7.006826 -4.775583 1.060592 -0.062278 0.020168 3.068986 37.520000
-7.215452 -4.752224 1.060592 -0.008932 0.020899 3.063292 37.625000
-7.454125 -4.727964 1.060592 -0.031550 0.020548 3.103362 37.744999
-7.663125 -4.709699 1.060592 0.006153 0.020660 3.093162 37.849998
-7.872113 -4.690868 1.060592 0.009430 0.020167 3.085042 37.955002
-8.081057 -4.670969 1.060592 0.005183 0.020548 3.078477 38.060001
-8.290006 -4.650421 1.060592 -0.000224 0.020559 3.073201 38.165001
-8.489040 -4.630760 1.060592 -0.004592 0.020150 3.069189 38.264999
-8.688109 -4.611422 1.060592 -0.006993 0.020274 3.065931 38.365002
-8.887245 -4.592624 1.060592 -0.007547 0.020670 3.063274 38.465000
-9.144931 -4.569301 1.060592 -0.046130 -0.040939 3.094328 38.595001
-9.346148 -4.555177 1.060592 -0.035876 -0.097204 -3.129409 38.700001
-9.551909 -4.545348 1.060592 -0.033669 -0.132483 -3.090114 38.814999
-9.776145 -4.538494 1.060592 -0.028309 -0.145647 -3.099021 38.955002
-9.976333 -4.536089 1.060592 -0.040940 -0.142973 -3.056868 39.099998
-10.176847 -4.544693 1.060592 -0.069203 0.157637 -2.978557 39.264999
-10.380633 -4.567345 1.060592 -0.006386 0.240242 -2.964387 39.410000
-10.610585 -4.593997 1.060592 0.030092 0.133766 -2.966803 39.544998
-10.814873 -4.615687 1.060592 0.013886 0.079483 -2.975172 39.654999
-11.016640 -4.636385 1.060592 -0.012834 -0.026746 -2.931916 39.759998
-11.220417 -4.658376 1.060592 -0.051384 -0.246746 -2.816726 39.869999
-11.426693 -4.680129 1.060592 -0.084441 -0.291284 -2.675356 40.005001
-11.627127 -4.695825 1.060592 -0.097002 -0.175305 -2.476392 40.195000
-11.828116 -4.700491 1.060592 -0.070585 -0.049811 -2.104642 40.549999
-11.769711 -4.895135 1.060592 0.015232 0.184124 -0.632363 41.825001
-11.611680 -5.057716 1.060592 -0.025235 0.085570 -0.591614 41.994999
-11.440882 -5.216084 1.060592 -0.127915 0.039137 -0.517456 42.154999
-11.263082 -5.350363 1.060592 -0.072127 0.031368 -0.491348 42.305000
-11.073531 -5.472912 1.081622 -0.013796 0.017451 -0.559339 42.455002
-10.887634 -5.590125 1.119213 0.039566 0.010328 -0.712131 42.599998
-10.702356 -5.719462 1.144457 0.082732 0.017365 -0.926924 42.750000
-10.525719 -5.867154 1.182660 0.102248 0.033943 -1.096565 42.904999
-10.378096 -6.020745 1.217184 0.124610 0.049561 -1.241709 43.049999
-10.256433 -6.184755 1.221166 0.139829 0.059628 -1.376537 43.189999
-10.150723 -6.383529 1.220279 0.144341 0.063265 -1.523284 43.345001
-10.073839 -6.610792 1.219540 0.094329 0.056527 -1.606975 43.509998
-10.030813 -6.812614 1.219049 0.094365 0.045307 -1.653184 43.650002
-10.006494 -7.034280 1.218628 0.112698 0.038430 -1.756560 43.799999
-10.006328 -7.257834 1.210180 0.075758 0.029773 -1.806629 43.950001
-10.023736 -7.479639 1.176679 0.052211 -0.037370 -1.853565 44.099998
-10.049975 -7.687955 1.160470 0.032046 -0.093118 -1.831516 44.250000
-10.079839 -7.884429 1.126388 0.027882 -0.112394 -1.814268 44.410000
-10.115710 -8.082688 1.093753 0.014806 -0.110376 -1.799819 44.605000
-10.155605 -8.279572 1.071399 -0.003142 -0.070307 -1.726191 44.860001
-10.196219 -8.477656 1.070133 -0.003536 -0.055305 -1.719064 45.215000
-10.234409 -8.674081 1.069403 0.007890 -0.032906 -2.050722 45.889999
-10.308715 -8.485991 1.069403 0.014775 0.319930 1.798906 48.645000
-10.358955 -8.265624 1.069403 0.036209 0.060019 1.632450 48.799999
-10.396763 -8.066401 1.069403 0.043660 -0.005946 1.486678 48.931000
-10.429016 -7.862425 1.069403 0.035259 0.006100 1.408290 49.064999
-10.453618 -7.660453 1.069403 0.073271 0.027218 1.357507 49.200001
-10.464281 -7.458707 1.069403 0.106611 0.038345 1.299702 49.334999
-10.455954 -7.257364 1.069403 0.101711 0.037368 1.267522 49.470001
-10.430626 -7.056562 1.069403 0.056410 0.027163 1.284449 49.605000
-10.391813 -6.825766 1.069403 -0.026849 0.012223 1.457226 49.759998
-10.359229 -6.609090 1.069403 -0.035159 0.013800 1.575427 49.904999
-10.334668 -6.389985 1.069403 -0.064497 0.159196 1.667069 50.049999
-10.326244 -6.138315 1.069403 -0.078165 0.148286 1.758838 50.200001
-10.334664 -5.937158 1.069403 -0.091097 0.101934 1.832115 50.310001
-10.356546 -5.729373 1.069403 -0.103326 0.071685 1.907188 50.419998
-10.390926 -5.529362 1.069403 -0.118385 0.059517 1.981796 50.525002
-10.439089 -5.330379 1.069403 -0.063094 0.049694 2.007847 50.630001
-10.507880 -5.093900 1.069403 -0.048870 0.038875 1.990522 50.755001
-10.572689 -4.895592 1.069403 -0.051240 0.030327 1.979014 50.860001
-10.643582 -4.698435 1.069403 -0.043666 0.024563 1.969789 50.965000
-10.715481 -4.511799 1.069403 0.032034 0.016397 1.908261 51.064999
-10.801148 -4.278972 1.069403 0.085706 -0.047450 1.773297 51.189999
-10.864843 -4.079796 1.069403 0.077264 -0.093820 1.700320 51.299999
-10.919703 -3.884101 1.069403 0.065142 -0.122149 1.707122 51.415001
-10.970270 -3.668283 1.069403 0.078872 -0.136117 1.643112 51.555000
-11.004423 -3.467031 1.069403 0.076147 -0.132124 1.573996 51.705002
-11.024841 -3.250903 1.069403 0.048217 -0.114935 1.503939 51.900002
-11.029636 -3.039625 1.069403 0.016986 -0.081196 1.467943 52.150002
-11.026088 -2.838791 1.069403 0.006807 -0.051193 1.467160 52.474998
-11.018157 -2.638567 1.069403 0.004222 -0.044846 1.463449 52.970001
-11.231739 -2.604353 1.069403 -0.029443 0.320909 -2.699512 55.445000
-11.426879 -2.697830 1.069403 -0.008123 0.231641 -2.624682 55.595001
-11.605926 -2.788110 1.069403 0.003518 0.131352 -2.553446 55.709999
-11.788736 -2.882798 1.069403 -0.012627 0.071699 -2.478714 55.820000
-11.967126 -2.978667 1.069403 0.015402 0.046802 -2.453855 55.924999
-12.148296 -3.076809 1.069403 -0.005041 0.038237 -2.468918 56.029999
-12.356458 -3.192541 1.069403 -0.050852 0.033918 -2.482533 56.150002
-12.536496 -3.300061 1.069403 -0.069339 0.028197 -2.491994 56.255001
-12.704561 -3.409044 1.069403 -0.067331 0.021767 -2.499204 56.355000
-12.869036 -3.523891 1.069403 -0.050575 0.018398 -2.505075 56.455002
-13.030935 -3.642680 1.069403 0.037688 0.013133 -2.567054 56.555000
-13.193404 -3.760400 1.069403 0.013648 0.017004 -2.581228 56.654999
-13.357575 -3.875453 1.069403 0.110531 0.018132 -2.672467 56.755001
-13.534420 -3.988428 1.069403 0.053888 0.023118 -2.679060 56.860001
-13.705997 -4.091269 1.069403 0.053111 0.022369 -2.675406 56.959999
-13.880370 -4.189959 1.069403 0.052078 0.020155 -2.672430 57.060001
-14.057236 -4.284613 1.069403 0.043162 0.018313 -2.670013 57.160000
-14.235714 -4.375834 1.069403 0.027645 -0.016347 -2.668059 57.259998
-14.454942 -4.484487 1.069403 0.006815 -0.091810 -2.666136 57.384998
-14.636341 -4.573601 1.069403 -0.005462 -0.133638 -2.664822 57.494999
-14.816089 -4.662741 1.069403 -0.010294 -0.150378 -2.663687 57.615002
-15.004629 -4.759620 1.069403 -0.042274 -0.148885 -2.557352 57.759998
-15.180843 -4.857251 1.069403 -0.038929 -0.132935 -2.502414 57.924999
-15.361078 -4.967158 1.069403 -0.032214 -0.106232 -2.434232 58.145000
-15.536380 -5.086203 1.069403 -0.009613 -0.058913 -2.430353 58.450001
-15.687922 -5.218658 1.069403 -0.073208 0.273059 -2.117165 58.814999
-15.790185 -5.391667 1.063588 -0.030348 0.163508 -1.843089 59.014999
-15.880998 -5.596904 1.063570 -0.061861 0.080394 -1.530943 59.189999
-15.947790 -5.804915 1.063562 -0.015837 0.076491 -1.453093 59.349998
-16.000662 -6.014155 1.063557 -0.079599 0.068071 -1.467812 59.500000
-16.033136 -6.218997 1.063554 -0.120064 0.045616 -1.477804 59.639999
-16.042229 -6.443335 1.063550 -0.108487 0.024572 -1.485685 59.790001
-16.030119 -6.646196 1.063547 -0.066491 0.016702 -1.490952 59.924999
-16.005529 -6.856593 1.076555 0.014908 0.012655 -1.535634 60.064999
-15.981557 -7.059742 1.083231 0.018585 0.015159 -1.557207 60.200001
-15.961257 -7.264856 1.083945 0.036703 0.145781 -1.559368 60.334999
-15.948130 -7.472558 1.084484 0.047290 0.153726 -1.560883 60.459999
-15.941800 -7.710373 1.084946 0.042089 0.091496 -1.562095 60.590000
-15.941811 -7.930812 1.085282 0.026461 0.020161 -1.562924 60.705002
-15.944729 -8.131930 1.085542 0.009562 -0.057832 -1.563523 60.810001
-15.948773 -8.333568 1.085771 -0.005528 -0.108447 -1.564025 60.919998
-15.952247 -8.560371 1.086003 -0.050691 -0.135666 -1.488984 61.055000
-15.949087 -8.767065 1.086198 -0.062322 -0.133037 -1.393734 61.195000
-15.936625 -8.967894 1.086374 -0.059104 -0.118317 -1.318121 61.355000
-15.911959 -9.166859 1.086538 -0.054401 -0.097834 -1.207383 61.549999
-15.872549 -9.361251 1.059042 -0.017842 -0.068332 -1.235070 61.799999
-15.821664 -9.562532 1.061066 -0.004149 -0.053708 -1.284420 62.154999
-15.767235 -9.755296 1.062722 0.000205 -0.039395 -1.317045 62.744999
-15.654926 -9.586393 1.063706 -0.057144 0.227699 1.218005 67.129997
-15.579982 -9.388256 1.069588 -0.001633 0.098927 1.147179 67.294998
-15.506050 -9.171247 1.071737 -0.090074 0.040686 1.315810 67.455002
-15.455173 -8.962966 1.082430 -0.024423 0.027043 1.421785 67.599998
-15.412559 -8.742469 1.092681 -0.086787 0.020585 1.579064 67.750000
-15.385816 -8.527181 1.103231 -0.074457 0.022816 1.694448 67.894997
-15.374627 -8.326215 1.108803 -0.071254 0.029514 1.791866 68.029999
-15.376555 -8.124844 1.082856 -0.036615 0.028788 1.799959 68.165001
-15.388656 -7.915018 1.078922 -0.071300 0.026409 1.834892 68.305000
-15.416222 -7.690716 1.063545 -0.046451 0.021072 1.817736 68.455002
-15.456284 -7.459530 1.063496 -0.034320 0.015776 1.804783 68.610001
-15.499809 -7.251492 1.063461 -0.017492 0.012904 1.796235 68.750000
-15.545264 -7.051294 1.063434 0.022726 0.010401 1.767351 68.885002
-15.584091 -6.853195 1.063413 0.106297 0.171467 1.626014 69.014999
-15.610419 -6.613719 1.088408 0.059573 0.123441 1.561749 69.154999
-15.622215 -6.410614 1.101200 0.079070 0.083830 1.444606 69.264999
-15.622831 -6.204399 1.135420 0.106140 -0.083721 1.311507 69.375000
-15.610354 -5.977560 1.172786 0.122073 -0.063766 1.224868 69.504997
-15.583505 -5.777210 1.208223 0.120204 -0.013403 1.160159 69.629997
-15.539663 -5.580088 1.255166 0.104638 0.007897 1.151232 69.760002
-15.472123 -5.369249 1.293107 0.098882 0.017102 1.075051 69.904999
-15.382333 -5.160162 1.330181 0.069139 0.017808 1.002373 70.055000
-15.288791 -4.978082 1.363276 0.052997 0.016746 0.936490 70.190002
-15.187365 -4.799699 1.395485 -0.005379 0.093478 0.935195 70.324997
-15.069484 -4.603258 1.431170 -0.007274 0.156986 0.919679 70.464996
-14.943930 -4.402822 1.467309 0.065465 0.095522 0.872160 70.595001
-14.831536 -4.236450 1.498914 0.027883 0.063169 0.879686 70.699997
-14.712987 -4.068355 1.531472 0.032401 0.041921 0.885932 70.805000
-14.595581 -3.908354 1.563176 0.033998 0.029488 0.890702 70.904999
-14.474673 -3.749314 1.595278 -0.023027 0.020837 0.933756 71.004997
-14.354955 -3.588799 1.626971 -0.071875 0.017207 1.038002 71.105003
-14.241146 -3.424706 1.658383 -0.105924 -0.041194 1.162357 71.205002
-14.134852 -3.254677 1.689875 -0.158703 -0.123982 1.348176 71.309998
-14.038293 -3.071556 1.721664 -0.189778 -0.049943 1.513222 71.430000
-13.965489 -2.880340 1.752795 -0.197279 0.024395 1.660120 71.559998
-13.923736 -2.675396 1.780996 -0.141378 0.049659 1.743741 71.699997
-13.911164 -2.453485 1.798717 -0.114619 0.041736 1.788674 71.849998
-13.925242 -2.230491 1.796899 -0.101916 0.034405 1.861483 72.000000
-13.962806 -2.009055 1.795463 -0.078147 0.027010 1.931448 72.150002
-14.010641 -1.811518 1.794421 -0.015886 0.020006 1.921710 72.285004
-14.062906 -1.613858 1.793575 -0.009261 0.015464 1.904839 72.419998
-14.117514 -1.416154 1.792896 -0.008307 0.012158 1.892295 72.555000
-14.173192 -1.221548 1.822967 -0.001029 0.170319 1.883014 72.684998
-14.227829 -1.022188 1.823886 0.076496 0.133107 1.775340 72.805000
-14.272605 -0.823533 1.823474 0.066501 0.083845 1.681373 72.915001
-14.309512 -0.619352 1.823124 0.078725 -0.092639 1.531712 73.025002
-14.337893 -0.417815 1.822817 0.097286 -0.081450 1.452420 73.139999
-14.355477 -0.213747 1.822542 0.118140 -0.024559 1.377818 73.264999
-14.357062 -0.003138 1.822299 0.099280 0.005770 1.345801 73.400002
-14.339777 0.225289 1.822083 0.062171 0.014333 1.361844 73.550003
-14.312039 0.428705 1.821925 0.044659 0.013561 1.372750 73.684998
-14.276217 0.630830 1.821798 0.024675 0.011521 1.380951 73.820000
-14.236025 0.832200 1.821694 0.002704 0.031835 1.387092 73.955002
-14.194264 1.042972 1.836067 -0.049740 0.166699 1.436103 74.089996
-14.162790 1.243129 1.836240 -0.089413 0.120337 1.519198 74.205002
-14.142209 1.447639 1.836343 -0.079422 0.080422 1.607110 74.315002
-14.129811 1.649470 1.836426 -0.061216 0.054945 1.640920 74.419998
-14.124195 1.854546 1.836498 -0.084400 0.042717 1.720699 74.525002
-14.126263 2.061119 1.836558 -0.017860 0.035511 1.704994 74.629997
-14.131261 2.268994 1.836609 -0.022411 0.030512 1.692540 74.735001
-14.140515 2.507494 1.836657 -0.029968 0.026655 1.681298 74.855003
-14.152326 2.716525 1.836694 -0.028151 0.023530 1.673450 74.959999
-14.168911 2.945524 1.836726 -0.018039 0.022163 1.666652 75.074997
-14.188048 3.174519 1.802733 -0.006859 0.020537 1.661295 75.190002
-14.207421 3.393529 1.772549 -0.035168 0.020438 1.681126 75.300003
-14.229758 3.601456 1.767441 -0.045688 -0.025857 1.761667 75.404999
-14.255747 3.803314 1.730693 -0.036404 -0.081458 1.791285 75.510002
-14.283170 4.002436 1.695729 -0.032473 -0.123178 1.813052 75.620003
-14.315483 4.215613 1.680035 -0.027593 -0.143935 1.852010 75.750000
-14.348655 4.415798 1.647019 -0.046375 -0.142625 1.882739 75.889999
-14.386884 4.613147 1.624290 -0.045847 -0.127807 1.922902 76.055000
-14.435232 4.814570 1.607340 -0.032448 -0.105518 1.958556 76.269997
-14.491570 5.008561 1.597162 -0.009331 -0.057175 1.959552 76.555000
-14.549952 5.204605 1.593233 0.003614 0.307525 1.890613 76.855003
-14.607954 5.401340 1.591731 0.023905 0.291520 1.798920 77.019997
-14.660254 5.599226 1.590830 0.005050 0.164787 1.721287 77.144997
-14.710960 5.802387 1.590140 0.018215 0.090720 1.644778 77.260002
-14.757731 6.006258 1.589585 0.055854 0.061537 1.566930 77.370003
-14.802033 6.244183 1.589061 0.103764 0.054155 1.479755 77.495003
-14.826390 6.447165 1.588692 0.143507 0.057294 1.404181 77.599998
-14.834275 6.651556 1.618671 0.165726 0.059723 1.329845 77.705002
-14.823093 6.855783 1.652924 0.171288 0.059092 1.256246 77.809998
-14.792216 7.058224 1.687212 0.167516 0.056931 1.182126 77.915001
-14.742552 7.257499 1.720132 0.150075 0.051358 1.111091 78.019997
-14.676018 7.452573 1.753568 0.134118 0.046750 1.038484 78.125000
-14.594692 7.642738 1.783788 0.104638 0.041021 0.971764 78.230003
-14.503071 7.829260 1.782366 0.030040 0.032646 0.987700 78.334999
-14.402287 8.023770 1.781109 0.026251 0.025459 1.000967 78.445000
-14.299545 8.217823 1.780044 -0.049376 -0.021896 1.114363 78.555000
-14.201879 8.409238 1.779149 -0.002837 -0.084125 1.139565 78.665001
-14.097573 8.613894 1.778297 0.004005 -0.129167 1.121733 78.790001
-14.005383 8.791552 1.777625 0.026574 -0.147805 1.021345 78.910004
-13.907278 8.972635 1.776983 0.072547 -0.029098 0.908258 79.050003
-13.795375 9.149876 1.792135 0.081034 0.058768 0.747271 79.199997
-13.668103 9.314825 1.799519 0.079921 0.047080 0.598500 79.345001
-13.513783 9.480453 1.821892 0.091249 0.042197 0.443210 79.500000
-13.342223 9.629276 1.850304 0.112751 0.047733 0.294456 79.654999
-13.166552 9.747743 1.862068 0.128453 0.054691 0.158034 79.800003
-12.983982 9.839058 1.877604 0.123743 0.058268 0.061543 79.940002
-12.769580 9.911731 1.883381 0.109966 0.056530 -0.040529 80.095001
-12.545617 9.956695 1.887432 0.101466 0.045239 -0.094757 80.250000
-12.323355 9.976554 1.886682 0.094557 0.035860 -0.157135 80.400002
-12.098968 9.974518 1.886089 0.082560 0.029625 -0.223534 80.550003
-11.897086 9.956096 1.885659 0.071788 0.025553 -0.285770 80.684998
-11.696436 9.924098 1.885311 0.065545 0.023707 -0.350415 80.820000
-11.497823 9.879935 1.885032 0.059838 0.021430 -0.412803 80.955002
-11.292426 9.822474 1.884796 -0.004845 0.161205 -0.429370 81.095001
-11.100054 9.763722 1.884632 0.033680 0.151726 -0.426887 81.214996
-10.909628 9.700112 1.884505 0.033194 0.101897 -0.423808 81.324997
-10.721064 9.631536 1.884404 0.040258 0.063096 -0.418405 81.430000
-10.502415 9.545351 1.884306 0.037482 0.039107 -0.413483 81.550003
-10.292257 9.456601 1.884228 0.022874 0.027902 -0.409816 81.665001
-10.100435 9.372300 1.884168 0.007197 0.022436 -0.407169 81.769997
-9.907838 9.288667 1.884117 -0.086458 0.018659 -0.310059 81.875000
-9.684406 9.203335 1.908889 -0.119442 -0.027776 -0.173985 81.995003
-9.484138 9.139757 1.914526 -0.114461 -0.123957 -0.067718 82.105003
-9.289960 9.089444 1.913344 -0.123958 -0.071129 0.007179 82.220001
-9.090914 9.053385 1.912280 -0.128286 -0.015907 0.081433 82.345001
-8.852222 9.035537 1.911212 -0.116428 0.014182 0.164779 82.500000
-8.625276 9.044285 1.910398 -0.094665 0.021786 0.242302 82.650002
-8.423537 9.070684 1.909813 -0.078038 0.023019 0.312322 82.785004
-8.223652 9.109874 1.909335 -0.015931 0.018327 0.306819 82.919998
-8.023400 9.153482 1.908949 -0.002065 0.105572 0.290364 83.055000
-7.824638 9.198935 1.908657 -0.003114 0.159193 0.278784 83.180000
-7.623625 9.246831 1.908436 -0.005360 0.106260 0.270514 83.294998
-7.421029 9.296582 1.908257 -0.003308 0.066710 0.264234 83.404999
-7.222521 9.346256 1.908112 -0.026645 0.044085 0.274771 83.510002
-7.021837 9.398478 1.907989 0.005050 0.031720 0.276526 83.614998
-6.822053 9.452052 1.907962 -0.005915 -0.129904 0.210916 83.720001
-6.623557 9.507390 1.907962 0.036241 -0.318759 0.090488 83.834999
-6.431349 9.564867 1.907962 0.073758 -0.259984 -0.061355 83.980003
-6.239090 9.630069 1.907962 0.084961 -0.138412 -0.296975 84.205002
-6.054492 9.707573 1.907962 0.048112 -0.020393 -0.810101 84.695000
-5.966997 9.524510 1.882215 -0.006791 0.319361 -1.513159 85.849998
-5.951591 9.314628 1.880446 -0.006719 0.247400 -1.505689 86.000000
-5.937991 9.108522 1.865234 0.008086 0.144968 -1.543515 86.120003
-5.925408 8.884521 1.835180 0.023058 0.077258 -1.558445 86.239998
-5.914497 8.661885 1.836820 0.002891 0.046822 -1.569755 86.355003
-5.906561 8.455407 1.838113 0.032396 0.035542 -1.608057 86.459999
-5.902240 8.247400 1.839205 0.021142 0.028654 -1.604814 86.565002
-5.900409 8.038521 1.840132 0.025479 0.025223 -1.602214 86.669998
-5.901890 7.789280 1.841058 0.025104 0.022364 -1.599767 86.794998
-5.906119 7.579741 1.841708 0.018392 0.021245 -1.598156 86.900002
-5.913944 7.370291 1.842261 0.088290 0.020387 -1.683472 87.004997
-5.930851 7.161821 1.842732 0.088587 0.023394 -1.776036 87.110001
-5.957589 6.954947 1.843132 0.083740 0.026027 -1.861175 87.214996
-5.991640 6.749376 1.843472 0.007245 0.025547 -1.853615 87.320000
-6.027841 6.543671 1.843760 0.016174 0.025682 -1.843777 87.425003
-6.066531 6.337931 1.844005 0.030635 0.017407 -1.835832 87.529999
-6.110645 6.124736 1.844222 0.035694 -0.047566 -1.829235 87.639999
-6.159213 5.911579 1.844411 0.026280 -0.108830 -1.823797 87.754997
-6.207439 5.714903 1.844570 0.012570 -0.138653 -1.819490 87.870003
-6.259318 5.516468 1.844720 0.034872 -0.147982 -1.903177 88.000000
-6.315627 5.320623 1.844859 0.025561 -0.141371 -1.964678 88.150002
-6.375397 5.126994 1.850165 0.009654 -0.201036 -1.847312 88.334999
-6.445215 4.930653 1.850165 -0.034696 -0.097624 -1.512206 88.654999
-6.275840 4.816613 1.850165 0.023458 0.319412 0.233197 90.809998
-6.074047 4.860371 1.842448 -0.055796 0.166086 0.313821 90.949997
-5.879864 4.909280 1.842430 -0.038807 -0.023030 0.395844 91.070000
-5.675543 4.967306 1.842414 -0.040797 -0.031844 0.464343 91.199997
-5.480535 5.029084 1.842401 -0.016877 -0.010415 0.491801 91.330002
-5.290623 5.093433 1.842391 -0.023932 0.005731 0.474761 91.459999
-5.096413 5.164183 1.842382 -0.034152 0.009969 0.461230 91.595001
-4.905083 5.240753 1.835704 -0.010284 0.010146 0.429791 91.730003
-4.707983 5.322897 1.824067 0.015823 0.008687 0.348792 91.870003
-4.515450 5.400109 1.812201 0.054768 0.154091 0.254292 92.004997
-4.318311 5.472197 1.810509 0.048423 0.148975 0.215385 92.129997
-4.109603 5.539568 1.784382 0.044544 0.093896 0.147238 92.250000
-3.898271 5.599776 1.784906 0.025681 0.060996 0.155154 92.364998
-3.699840 5.652566 1.785310 0.046265 0.043902 0.160879 92.470001
-3.497882 5.700386 1.765261 0.125426 0.032875 0.106657 92.574997
-3.293168 5.738659 1.766170 0.056516 0.029073 0.114598 92.680000
-3.086693 5.770185 1.767035 0.108604 0.025557 0.055308 92.785004
-2.859130 5.794220 1.767839 0.104641 0.026363 -0.013608 92.900002
-2.650695 5.806426 1.768456 0.050980 0.025819 -0.037190 93.004997
-2.441928 5.812361 1.768983 0.024867 0.024859 -0.076587 93.110001
-2.232887 5.814989 1.769429 -0.005861 0.023068 -0.062351 93.214996
-2.023517 5.817810 1.769808 -0.001614 0.022424 -0.050906 93.320000
-1.813900 5.820592 1.769582 0.005743 0.021956 -0.041648 93.425003
-1.604143 5.822618 1.768800 0.010729 0.021374 -0.034312 93.529999
-1.394310 5.823427 1.768100 0.011515 0.021259 -0.028398 93.635002
-1.164467 5.822854 1.767452 0.009179 0.007828 -0.023251 93.750000
-0.946683 5.821198 1.783959 0.005308 -0.006240 -0.019333 93.860001
-0.741264 5.819049 1.789344 0.000871 0.031529 -0.016332 93.964996
-0.534765 5.816771 1.787908 -0.002970 0.033460 -0.013955 94.070000
-0.277174 5.814341 1.786421 -0.004936 0.027409 -0.011643 94.199997
-0.068168 5.812912 1.785422 -0.004813 0.024484 -0.010186 94.305000
0.141285 5.811965 1.784570 -0.003781 0.022544 -0.009012 94.410004
0.350974 5.811385 1.783851 -0.002118 0.021177 -0.008076 94.514999
0.560764 5.811002 1.783237 -0.000426 0.020823 -0.007323 94.620003
0.770582 5.810643 1.782716 0.000851 0.020935 -0.006718 94.724998
0.979714 5.810170 1.782496 -0.001831 -0.089851 0.051123 94.830002
1.192674 5.809340 1.782496 -0.038976 -0.302801 0.171551 94.945000
1.409744 5.805789 1.782496 -0.074605 -0.272559 0.328630 95.095001
1.613143 5.795592 1.782496 -0.087064 -0.148410 0.553778 95.309998
1.814745 5.772561 1.782496 -0.053687 -0.027435 1.025016 95.760002
1.646340 5.886215 1.782496 0.017330 0.165028 2.928810 98.535004
1.462998 5.975559 1.782496 0.009377 0.090486 2.933440 98.690002
1.280607 6.060894 1.771590 -0.045710 0.055948 2.920722 98.830002
1.096391 6.139367 1.772170 -0.009957 0.005580 2.763238 98.964996
0.898187 6.222858 1.772674 0.013329 0.012659 2.556069 99.110001
0.694926 6.313200 1.773088 0.044850 0.016534 2.385303 99.260002
0.511277 6.406786 1.773397 0.094224 0.036709 2.239054 99.400002
0.322323 6.530008 1.773668 0.139088 0.034893 2.083361 99.555000
0.163980 6.669750 1.773877 0.145932 -0.001552 1.945575 99.705002
0.025428 6.835118 1.774057 0.138381 -0.029370 1.814444 99.870003
-0.080839 7.010291 1.774204 0.113750 -0.048367 1.708501 100.044998
-0.163343 7.209865 1.774338 0.085920 -0.054836 1.575726 100.260002
-0.210616 7.405565 1.774445 0.049832 -0.056257 1.489864 100.504997
-0.235149 7.605178 1.774533 0.014609 -0.036936 1.474960 100.820000
-0.249055 7.809018 1.774601 0.010365 -0.042235 1.473864 101.254997
-0.245387 8.009616 1.774661 0.001292 -0.014880 1.473192 102.410004
-0.095210 7.871075 1.774667 -0.032928 0.266898 -0.673114 105.885002
0.076876 7.742913 1.774667 0.015220 0.103301 -0.523407 106.059998
0.245694 7.617814 1.791810 -0.034726 0.046935 -0.349217 106.209999
0.419041 7.499509 1.771905 -0.087661 0.041088 -0.192707 106.355003
0.615481 7.391135 1.751016 -0.098094 0.054008 -0.055031 106.510002
0.815392 7.306015 1.762800 -0.076722 0.008854 -0.072494 106.660004
1.009949 7.240474 1.767422 -0.148612 -0.026823 -0.024499 106.805000
1.215108 7.198048 1.767201 -0.057937 -0.193038 -0.059940 106.964996
1.413425 7.171560 1.767201 0.012349 -0.178468 -0.274615 107.169998
1.614089 7.156888 1.767201 0.038653 -0.059657 -0.698730 107.574997
1.415112 7.083365 1.767201 0.015463 0.145520 -2.920059 110.949997
1.205958 7.022511 1.767201 0.003427 0.031626 -2.671734 111.105003
1.003135 6.965448 1.767201 0.003475 -0.007260 -2.521541 111.250000
0.789499 6.907537 1.767201 -0.040250 -0.044170 -2.464939 111.404999
0.591588 6.849007 1.767201 -0.104269 -0.060694 -2.450705 111.559998
0.385905 6.767172 1.767201 -0.091590 -0.084430 -2.467857 111.750000
0.210694 6.669621 1.767201 -0.059290 -0.091396 -2.447379 111.959999
0.046808 6.550092 1.767201 -0.009578 -0.055967 -2.424020 112.239998
-0.114822 6.419101 1.767201 -0.002928 -0.067510 -2.396838 112.644997
-0.026071 6.239162 1.767201 -0.003131 0.320190 -0.305995 115.120003
0.199771 6.168038 1.767201 -0.001731 0.210698 -0.306472 115.279999
0.394118 6.106782 1.767201 -0.050077 0.119895 -0.274849 115.394997
0.593841 6.050424 1.767201 -0.071534 0.069759 -0.163643 115.504997
0.791531 6.002048 1.767201 0.007294 0.047928 -0.173336 115.610001
0.992230 5.952672 1.778809 0.004985 0.034261 -0.181220 115.714996
1.194483 5.902403 1.781204 -0.009355 0.027412 -0.187559 115.820000
1.397091 5.850338 1.780275 0.067530 0.019991 -0.303673 115.925003
1.597688 5.791234 1.779490 0.053669 0.020657 -0.396281 116.029999
1.796367 5.726472 1.778817 0.065846 0.023342 -0.452353 116.135002
2.009350 5.647833 1.778198 0.103418 -0.103128 -0.586167 116.250000
2.196208 5.568642 1.777704 0.103835 -0.107036 -0.643706 116.360001
2.406740 5.463604 1.777180 0.136634 -0.038453 -0.769495 116.500000
2.579585 5.354682 1.781904 0.113527 0.004168 -0.830913 116.629997
2.744082 5.229108 1.800766 0.135378 0.014857 -0.890661 116.764999
2.894409 5.090237 1.798820 0.055624 0.018951 -0.900897 116.900002
3.057785 4.920732 1.786410 0.087763 0.015953 -0.932593 117.055000
3.201858 4.744710 1.784283 0.089289 -0.021406 -1.070051 117.205002
3.325814 4.567074 1.784283 0.007050 -0.250861 -0.907736 117.360001
3.435269 4.397412 1.784283 -0.041103 -0.177800 -0.693061 117.565002
3.533988 4.223126 1.784283 -0.048164 -0.054049 -0.274182 117.964996
3.669042 4.370827 1.784283 -0.092180 0.190081 1.533592 119.514999
3.712884 4.567920 1.784283 -0.017851 0.075952 1.568518 119.669998
3.748985 4.768945 1.776415 -0.211692 0.059790 1.816383 119.815002
3.745267 4.974171 1.777516 -0.109141 -0.127016 1.865325 119.964996
3.714986 5.188580 1.777516 -0.003529 -0.199221 1.655884 120.165001
3.674222 5.387289 1.777516 0.037451 -0.084818 1.299834 120.504997
3.795923 5.546912 1.754918 0.007491 0.280096 0.083695 121.860001
3.999560 5.561908 1.761760 0.024265 0.131772 0.044032 122.029999
4.202906 5.570810 1.761448 0.040075 0.057713 0.020099 122.175003
4.409203 5.572061 1.761206 0.041009 0.029881 0.002793 122.315002
4.641827 5.564709 1.760992 0.027817 0.018242 -0.011185 122.470001
4.847849 5.550014 1.760844 0.096611 0.160863 -0.110899 122.605003
5.048229 5.524737 1.760735 -0.019658 0.148462 -0.117394 122.724998
5.274980 5.498033 1.760642 -0.035819 0.033098 -0.112219 122.849998
5.477514 5.478335 1.760573 -0.024849 -0.050988 -0.108658 122.959999
5.681011 5.461735 1.760512 -0.044545 -0.101975 -0.054095 123.074997
5.900810 5.449896 1.760455 -0.050619 -0.122891 0.053425 123.209999
6.116424 5.445980 1.760404 -0.051676 -0.119368 0.141741 123.360001
6.319475 5.450538 1.760360 -0.050515 -0.105264 0.213233 123.525002
6.522987 5.466308 1.760318 -0.057618 -0.081953 0.344016 123.724998
6.723756 5.499050 1.760282 -0.038615 -0.056678 0.435242 123.974998
6.918040 5.547299 1.769962 -0.011879 -0.060307 0.420495 124.294998
7.111428 5.600635 1.768869 -0.005897 -0.045105 0.390706 124.830002
7.262592 5.442546 1.768512 -0.030664 0.246800 -1.408859 126.754997
7.321633 5.248989 1.768512 0.002049 0.124522 -1.467456 126.919998
7.378672 5.037933 1.782029 0.059826 0.061291 -1.479307 127.074997
7.418639 4.842719 1.814858 0.079766 0.034025 -1.486956 127.209999
7.445221 4.642196 1.847742 0.075434 0.041065 -1.492706 127.345001
7.463642 4.404171 1.866452 -0.018992 0.166334 -1.411252 127.495003
7.482632 4.200908 1.865785 -0.036217 0.111691 -1.325837 127.610001
7.508531 3.996427 1.865246 -0.059953 0.075386 -1.243746 127.720001
7.542358 3.797531 1.864814 -0.099345 0.029449 -1.152617 127.824997
7.588718 3.595909 1.864432 -0.134646 -0.100332 -1.023806 127.934998
7.649166 3.397639 1.864084 -0.148325 -0.051317 -0.952548 128.054993
7.725677 3.212072 1.863781 -0.147351 -0.006079 -0.887792 128.179993
7.822596 3.036555 1.863523 -0.130754 0.015732 -0.823871 128.309998
7.940941 2.869086 1.863306 -0.102048 0.020795 -0.758733 128.445007
8.099469 2.685856 1.863102 -0.075274 0.019453 -0.676545 128.604996
8.254121 2.529482 1.862955 -0.013263 0.014207 -0.684081 128.750000
8.401440 2.385579 1.862844 -0.004289 0.102699 -0.699071 128.884995
8.549354 2.244064 1.862761 -0.007272 0.163345 -0.709591 129.009995
8.700867 2.101993 1.862698 -0.010398 0.104076 -0.717053 129.125000
8.847886 1.966227 1.862649 -0.009201 0.064135 -0.722516 129.229996
9.028947 1.800831 1.862600 -0.004184 0.038345 -0.727641 129.354996
9.183605 1.660245 1.862565 -0.000368 0.025432 -0.731008 129.460007
9.353986 1.505334 1.862533 0.002846 0.019024 -0.733928 129.574997
9.502295 1.370025 1.862510 0.004261 0.017790 -0.735968 129.675003
9.650491 1.234191 1.862490 0.004292 0.016340 -0.737618 129.774994
9.798329 1.098860 1.862473 -0.078876 -0.094616 -0.621188 129.875000
9.970180 0.953086 1.862456 -0.163065 -0.120144 -0.396721 129.994995
10.134999 0.835793 1.862441 -0.191955 -0.038048 -0.222378 130.115005
10.320308 0.737558 1.862428 -0.187488 0.026552 -0.066023 130.250000
10.510503 0.673003 1.862418 -0.166603 0.050128 0.072902 130.384995
10.720122 0.637594 1.862408 -0.143144 0.054893 0.213314 130.529999
10.925264 0.631652 1.862401 -0.118873 0.048447 0.319646 130.669998
11.129819 0.650539 1.862395 -0.124233 0.048375 0.464426 130.809998
11.330517 0.693908 1.862391 -0.111450 0.046356 0.575402 130.949997
11.538296 0.765920 1.862387 -0.128999 0.050223 0.731916 131.100006
11.733373 0.866000 1.862384 -0.123931 0.051127 0.876323 131.250000
11.912360 0.990345 1.862380 -0.100141 -0.002334 0.970248 131.399994
12.070005 1.126603 1.862380 -0.104701 -0.045802 1.091868 131.550003
12.208346 1.273452 1.862380 -0.100361 -0.064859 1.189916 131.710007
12.332439 1.439367 1.862380 -0.087462 -0.068846 1.306574 131.899994
12.431518 1.614601 1.862380 -0.068570 -0.064693 1.421458 132.125000
12.507108 1.800121 1.862380 -0.020151 -0.048709 1.441562 132.414993
12.570247 1.989913 1.862380 -0.013579 -0.044289 1.437572 132.804993
12.619138 2.186597 1.862380 0.005137 -0.025574 1.111026 133.595001
12.753577 2.306909 1.749457 0.105895 0.310493 0.386903 134.970001
12.938814 2.371908 1.710580 0.068060 0.159004 0.263211 135.139999
13.155540 2.429096 1.682909 0.006286 0.041921 0.046047 135.300003
13.367511 2.483833 1.674875 -0.023179 0.013175 -0.036925 135.449997
13.580715 2.542002 1.673044 0.037057 0.027800 -0.112018 135.600006
13.796963 2.591139 1.671597 0.060058 0.044787 -0.132329 135.750000
13.995836 2.621031 1.670545 0.085416 0.042176 -0.134948 135.884995
14.197859 2.634237 1.669692 0.120360 0.033295 -0.147256 136.020004
14.401029 2.629480 1.669008 0.090720 0.022699 -0.153355 136.154999
14.619158 2.608644 1.668413 0.032489 0.057120 -0.149271 136.300003
14.824379 2.581931 1.681312 0.007864 0.130959 -0.139109 136.429993
15.028977 2.553558 1.715726 -0.005974 0.022198 -0.131834 136.550003
15.226241 2.526742 1.735901 -0.014567 -0.064653 -0.126396 136.664993
15.444717 2.497678 1.765293 0.022952 -0.116247 -0.206185 136.800003
15.640333 2.470079 1.796941 0.019601 -0.132609 -0.236810 136.934998
15.856207 2.437842 1.817235 0.031267 -0.127871 -0.292044 137.110001
16.052923 2.403638 1.838036 0.032829 -0.107909 -0.344404 137.309998
16.249540 2.360949 1.852774 0.013062 -0.061349 -0.362212 137.580002
16.446993 2.310660 1.859740 0.009820 -0.044016 -0.382093 137.949997
16.639317 2.251552 1.865568 0.005110 -0.036477 -0.395548 138.544998
16.690113 2.057155 1.866723 -0.030834 0.284793 -1.893762 140.335007
16.638935 1.861686 1.866723 -0.018194 0.132978 -1.938906 140.505005
16.586664 1.666294 1.866723 0.010026 0.064894 -1.938581 140.649994
16.525919 1.461805 1.866723 0.031206 0.034246 -1.969938 140.794998
16.456240 1.255519 1.866723 0.029131 0.020754 -1.964564 140.940002
16.385630 1.065325 1.866723 0.025019 0.175513 -1.960986 141.070007
16.298178 0.846156 1.866723 0.016520 0.122417 -1.958135 141.205002
16.221468 0.654249 1.866723 -0.081611 0.072199 -1.854038 141.315002
16.153580 0.462935 1.866723 -0.030969 0.050445 -1.812628 141.419998
16.088747 0.267168 1.866723 -0.026192 0.038639 -1.814060 141.524994
16.026138 0.068584 1.866723 -0.050530 0.030087 -1.810339 141.630005
15.960908 -0.171355 1.866723 -0.129499 0.027262 -1.694139 141.755005
15.919529 -0.375710 1.866723 -0.049416 0.027789 -1.669578 141.860001
15.880716 -0.601195 1.866723 -0.024601 0.025823 -1.679066 141.975006
15.847925 -0.808064 1.866723 -0.021822 0.022986 -1.685974 142.080002
15.817186 -1.015534 1.866723 -0.017580 0.021417 -1.691468 142.184998
15.785460 -1.242277 1.866723 -0.011143 -0.031475 -1.696271 142.300003
15.756993 -1.452859 1.866723 -0.004587 -0.095749 -1.699886 142.410004
15.729404 -1.658719 1.866723 0.000144 -0.132759 -1.702891 142.524994
15.699967 -1.875857 1.866723 0.002313 -0.149500 -1.705582 142.660004
15.671127 -2.083665 1.866723 -0.009414 -0.145884 -1.683074 142.809998
15.642610 -2.299124 1.866723 -0.023132 -0.125402 -1.593881 143.000000
15.620343 -2.499132 1.866723 -0.019100 -0.093924 -1.546240 143.229996
15.601827 -2.710740 1.866723 -0.008741 -0.054215 -1.544339 143.565002
15.588757 -2.910831 1.866723 -0.005703 -0.045482 -1.539697 144.059998
15.569089 -3.111003 1.866723 -0.022444 0.317891 -1.858725 145.630005
15.522744 -3.306864 1.866723 -0.017261 0.318017 -1.777994 145.824997
15.478711 -3.508301 1.866723 -0.005964 0.205150 -1.691606 145.960007
15.438318 -3.707966 1.866723 -0.016758 0.113429 -1.611265 146.074997
15.393681 -3.939362 1.866723 0.035479 0.063570 -1.613497 146.199997
15.350645 -4.148890 1.866723 -0.028811 0.045909 -1.609326 146.309998
15.313327 -4.352016 1.866723 -0.072472 0.041287 -1.559949 146.414993
15.284333 -4.557457 1.866723 -0.067411 0.037202 -1.570449 146.520004
15.262765 -4.764732 1.866723 -0.073601 0.031147 -1.578975 146.625000
15.248974 -4.973234 1.866723 -0.065444 0.025183 -1.585757 146.729996
15.241135 -5.222292 1.866723 -0.035529 0.022886 -1.592069 146.854996
15.238812 -5.441882 1.866723 -0.011371 0.021309 -1.596472 146.964996
15.237792 -5.651648 1.866723 0.009280 0.021727 -1.599829 147.070007
15.235712 -5.861488 1.866723 0.021761 0.020502 -1.602521 147.175003
15.230392 -6.101241 1.866723 0.025959 0.020130 -1.604955 147.294998
15.221884 -6.330883 1.866723 0.020691 0.020857 -1.606781 147.410004
15.211737 -6.540520 1.866723 0.013095 0.020142 -1.608111 147.514999
15.200188 -6.750101 1.866723 0.003524 0.019899 -1.609168 147.619995
15.188238 -6.959645 1.866723 -0.004572 0.020737 -1.610017 147.725006
15.176196 -7.179234 1.866723 -0.009480 0.020830 -1.610728 147.835007
15.163757 -7.428862 1.866723 -0.010599 0.020328 -1.611353 147.960007
15.154035 -7.648568 1.866723 -0.008762 0.019775 -1.611790 148.070007
15.145618 -7.858275 1.866723 -0.005767 0.019779 -1.612125 148.175003
15.137697 -8.067966 1.866723 -0.001661 0.020808 -1.612391 148.279999
15.128737 -8.307663 1.866723 0.001361 0.020706 -1.612632 148.399994
15.120222 -8.527411 1.866723 0.036750 0.019182 -1.634485 148.509995
15.109373 -8.736926 1.866723 0.051575 0.021185 -1.676639 148.615005
15.096621 -8.943024 1.857467 -0.110497 -0.137372 -1.466187 148.720001
15.089554 -9.151253 1.854894 -0.001931 -0.111112 -1.609987 148.835007
15.083125 -9.351520 1.854249 0.006133 -0.055111 -1.713834 148.955002
15.074426 -9.557302 1.853669 0.054116 -0.015857 -1.807528 149.085007
15.059961 -9.764141 1.853177 0.142739 -0.004226 -1.959779 149.220001
15.027802 -9.961974 1.852783 0.126624 0.034713 -2.133850 149.354996
14.964959 -10.179582 1.852419 0.008257 0.041688 -2.137380 149.509995
14.901515 -10.370278 1.852166 0.055695 0.029472 -2.018619 149.645004
14.828893 -10.560125 1.862817 0.046560 -0.048803 -2.009671 149.779999
14.749140 -10.744809 1.862817 0.014863 -0.225968 -2.004585 149.925003
14.666710 -10.929485 1.862817 0.016544 -0.188329 -2.154891 150.125000
14.592784 -11.115339 1.862817 0.040974 -0.067759 -2.547584 150.500000
14.501801 -10.935592 1.862817 0.075121 0.154463 1.602668 154.350006
14.484272 -10.735187 1.862817 0.069226 0.085051 1.465839 154.500000
14.483838 -10.519572 1.862817 0.061430 0.047364 1.450305 154.649994
14.496041 -10.319787 1.862817 0.065600 0.022480 1.439994 154.785004
14.519876 -10.120493 1.862817 0.052642 -0.026837 1.432242 154.919998
14.554330 -9.915309 1.862817 0.024302 -0.051076 1.426076 155.065002
14.591536 -9.716197 1.862817 -0.028542 -0.047258 1.511019 155.214996
14.625156 -9.516465 1.862817 -0.016327 -0.029688 1.527018 155.375000
14.657289 -9.302259 1.862817 -0.015073 -0.008138 1.512146 155.554993
14.686130 -9.093183 1.862817 -0.037811 -0.194742 1.694031 155.750000
14.720695 -8.894605 1.862817 -0.055666 -0.089498 2.018672 156.059998
14.502746 -8.889937 1.862817 -0.006793 0.162302 -2.538620 157.895004
14.311635 -9.006056 1.862817 -0.010466 0.006979 -2.736473 158.054993
14.135443 -9.122453 1.862817 -0.002458 -0.083035 -2.883358 158.205002
13.966919 -9.239414 1.862817 0.089371 -0.076033 -3.033362 158.365005
13.794161 -9.346220 1.862817 0.110876 -0.058864 -3.086798 158.550003
13.610628 -9.426076 1.862817 0.087775 -0.065952 -3.116403 158.774994
13.414655 -9.473185 1.862817 0.021935 -0.051803 -3.118767 159.074997
13.216016 -9.501879 1.862817 0.011578 -0.049020 -3.112227 159.509995
13.420349 -9.519137 1.862817 -0.003393 0.168247 -0.126143 168.014999
13.624014 -9.547468 1.862817 -0.062919 0.067349 -0.126092 168.164993
13.849860 -9.566162 1.862817 -0.047423 0.031496 -0.108823 168.320007
14.051754 -9.574058 1.862817 -0.021882 0.020240 -0.097734 168.455002
14.270719 -9.578753 1.862817 0.000918 0.015375 -0.088908 168.600006
14.475353 -9.583510 1.862817 0.013974 0.014578 -0.082704 168.735001
14.687664 -9.592513 1.862817 0.044821 0.006742 -0.136558 168.875000
14.889472 -9.608021 1.862817 0.039234 -0.047679 -0.158584 169.009995
15.112768 -9.632392 1.862817 0.039288 -0.097868 -0.226882 169.169998
15.314139 -9.660899 1.862817 0.025778 -0.111517 -0.235640 169.335007
15.515087 -9.695219 1.862817 0.028135 -0.105970 -0.296037 169.535004
15.712051 -9.736982 1.862817 0.009993 -0.062349 -0.323774 169.794998
15.914128 -9.785172 1.862817 0.006510 -0.049875 -0.328839 170.160004
16.106096 -9.842038 1.862817 -0.013250 -0.012930 0.497754 171.009995
16.149172 -9.635635 1.862817 0.022432 0.228994 1.517528 172.375000
16.164261 -9.433021 1.862817 0.019903 0.103687 1.588306 172.535004
16.181597 -9.227895 1.862817 -0.006267 0.047697 1.659497 172.679993
16.196295 -9.022321 1.862817 -0.032696 0.031532 1.725276 172.820007
16.204660 -8.798778 1.862817 -0.020226 0.026215 1.739901 172.970001
16.206572 -8.595654 1.862817 -0.038024 0.023524 1.723794 173.104996
16.201136 -8.391541 1.862817 -0.047308 0.018643 1.711694 173.240005
16.186882 -8.187680 1.862817 -0.041030 0.176961 1.702862 173.369995
16.165833 -7.987934 1.862817 -0.029191 0.127007 1.696794 173.485001
16.140413 -7.783967 1.862817 -0.011503 0.079758 1.692229 173.595001
16.112577 -7.572947 1.862817 0.004192 0.049880 1.688594 173.705002
16.085836 -7.368028 1.862817 0.015415 0.035226 1.685820 173.809998
16.060339 -7.161264 1.862817 0.020664 0.027375 1.683594 173.914993
16.036722 -6.953478 1.862817 0.020374 0.023090 1.681809 174.020004
16.014963 -6.745121 1.862817 0.015892 0.021477 1.680375 174.125000
15.994584 -6.536423 1.862817 0.008480 0.021469 1.679228 174.229996
15.974862 -6.327504 1.862817 0.002408 0.020706 1.678300 174.335007
15.953254 -6.098608 1.862817 -0.002857 0.020895 1.677503 174.449997
15.930056 -5.859763 1.862817 -0.004992 0.019728 1.676848 174.570007
15.904891 -5.611086 1.862817 -0.004422 0.020341 1.676318 174.695007
15.883016 -5.402257 1.862817 -0.002366 0.020195 1.675971 174.800003
15.860694 -5.193467 1.862817 0.000116 0.020134 1.675694 174.904999
15.838194 -4.984694 1.862817 0.002132 0.019942 1.675468 175.009995
15.815730 -4.775923 1.862817 0.003687 0.020107 1.675288 175.115005
15.793460 -4.567122 1.862817 0.004379 0.020091 1.675142 175.220001
15.771449 -4.358285 1.862817 0.004298 0.020261 1.675025 175.324997
15.749692 -4.149419 1.862817 0.003640 0.020067 1.674932 175.429993
15.729138 -3.950463 1.862817 0.002839 0.020181 1.674860 175.529999
15.708676 -3.751503 1.862817 0.002019 0.020110 1.674802 175.630005
15.688223 -3.552539 1.862817 0.001424 0.019992 1.674755 175.729996
15.667723 -3.353581 1.862817 0.001019 0.020319 1.674716 175.830002
15.647141 -3.154629 1.862817 0.000966 0.019944 1.674685 175.929993
15.626471 -2.955681 1.862817 0.001119 0.019591 1.674660 176.029999
15.601577 -2.716992 1.862817 0.001392 0.020527 1.674636 176.149994
15.577657 -2.488240 1.862817 0.001785 0.019924 1.674618 176.264999
15.556848 -2.289323 1.862817 0.002021 0.020059 1.674605 176.365005
15.535008 -2.080453 1.862817 0.002153 0.020252 1.674595 176.470001
15.513758 -1.871571 1.862817 0.069660 0.017339 1.615237 176.574997
15.497194 -1.662617 1.862817 0.017355 0.021797 1.606236 176.679993
15.480819 -1.423599 1.862817 0.012829 0.021166 1.608329 176.800003
15.467936 -1.214278 1.862817 0.016029 0.021100 1.609776 176.904999
15.456677 -1.004799 1.862817 0.015804 0.020978 1.610935 177.009995
15.446995 -0.795192 1.862817 0.012834 0.020240 1.611865 177.115005
15.438542 -0.585518 1.862817 0.007048 0.020885 1.612612 177.220001
15.430724 -0.375757 1.862817 0.002007 0.020518 1.613213 177.324997
15.422996 -0.165962 1.862817 -0.002162 0.020530 1.613692 177.429993
15.413742 0.073805 1.862817 -0.004569 0.020468 1.614124 177.550003
15.403747 0.313553 1.882530 -0.004576 0.020052 1.614463 177.669998
15.396269 0.513271 1.918168 0.078111 0.018670 1.528998 177.770004
15.393735 0.722703 1.953216 0.009890 0.021098 1.527222 177.875000
15.392830 0.922170 1.986529 0.009234 0.022670 1.530581 177.975006
15.392981 1.121777 2.018703 0.015792 0.021602 1.533291 178.074997
15.394742 1.321457 2.050545 0.019191 0.020782 1.535508 178.175003
15.398408 1.521133 2.082601 0.016965 0.021192 1.537287 178.274994
15.403779 1.720827 2.115060 0.012039 0.021465 1.538739 178.375000
15.411780 1.960482 2.152305 0.004777 0.020092 1.540125 178.494995
15.419770 2.180130 2.156868 -0.002305 0.020571 1.541118 178.604996
15.427221 2.389819 2.154999 -0.006468 0.020588 1.541876 178.710007
15.434040 2.599531 2.153401 -0.008069 0.020237 1.542487 178.815002
15.440069 2.809265 2.152050 -0.007340 0.021046 1.542976 178.919998
15.445389 3.019059 2.150909 -0.005235 0.020605 1.543365 179.024994
15.450223 3.228907 2.149934 -0.002684 0.020461 1.543680 179.130005
15.454828 3.438750 2.149101 -0.000432 0.020098 1.543934 179.235001
15.460128 3.678540 2.148304 0.001570 0.020133 1.544163 179.354996
15.465236 3.898323 2.147690 0.002252 0.020681 1.544329 179.464996
15.470410 4.108130 2.147193 0.002138 0.020029 1.544456 179.570007
15.475862 4.317937 2.146773 0.001307 0.020459 1.544556 179.675003
15.481505 4.527725 2.146416 0.000340 0.020013 1.544638 179.779999
15.487511 4.747473 2.146100 -0.000618 0.020270 1.544705 179.889999
15.493500 4.967228 2.145833 -0.001303 0.020588 1.544759 180.000000
15.499398 5.187011 2.145607 -0.001585 0.020390 1.544803 180.110001
15.504912 5.396792 2.145425 -0.001546 0.020227 1.544835 180.214996
15.510321 5.606573 2.145271 -0.001201 0.021046 1.544861 180.320007
15.515657 5.816391 2.145140 -0.000843 0.020266 1.544882 180.425003
15.520965 6.026232 2.145029 -0.000480 0.020789 1.544899 180.529999
15.526274 6.236098 2.144935 -0.000271 0.019929 1.544913 180.634995
15.532375 6.475928 2.144844 -0.000119 0.020758 1.544925 180.755005
15.538016 6.695792 2.144773 -0.000155 0.020065 1.544934 180.865005
15.543957 6.925634 2.144711 -0.000267 0.020312 1.544942 180.979996
15.550188 7.165449 2.144658 -0.000422 0.019698 1.544947 181.100006
15.555916 7.385220 2.144616 -0.000546 0.020396 1.544952 181.210007
15.561378 7.595011 2.144583 -0.000633 0.020474 1.544955 181.315002
15.566897 7.804796 2.144556 0.038515 0.013112 1.517903 181.419998
15.576587 8.012632 2.144531 0.082975 -0.038536 1.408212 181.524994
15.594143 8.212435 2.144511 0.088638 -0.087730 1.314302 181.630005
15.621131 8.415631 2.144493 0.094966 -0.114360 1.229830 181.744995
15.658519 8.619335 2.144486 0.057182 -0.266596 1.289621 181.875000
15.704526 8.824250 2.144486 -0.010588 -0.227581 1.472882 182.050003
15.758525 9.019223 2.144486 -0.046733 -0.108237 1.771336 182.335007
15.832460 9.205247 2.144486 -0.009208 0.002126 2.928477 183.440002
15.637382 9.260967 2.122161 -0.002880 0.252006 2.899060 183.964996
15.443648 9.308384 2.089946 -0.016748 0.114815 2.830147 184.125000
15.251567 9.354075 2.057634 -0.026815 0.050641 2.784918 184.264999
15.057680 9.397621 2.025532 -0.018596 0.030052 2.798712 184.399994
14.859727 9.440312 2.028758 0.013078 0.021377 2.809050 184.535004
14.638771 9.491909 2.031667 0.032928 0.017036 2.817576 184.684998
14.438072 9.545374 2.021513 -0.028645 0.164619 2.864019 184.820007
14.215316 9.602024 2.022548 -0.045970 0.133072 2.978977 184.955002
14.017200 9.645309 2.023273 -0.044165 0.084238 3.066156 185.070007
13.801049 9.685366 2.023906 -0.068194 0.057792 -3.126278 185.184998
13.579846 9.716342 2.024438 -0.095436 0.049509 -3.040890 185.294998
13.375504 9.733140 2.024847 -0.125091 0.050524 -2.962580 185.399994
13.160427 9.735759 2.025210 -0.083748 0.049945 -2.927906 185.509995
12.954114 9.727026 2.025504 -0.082191 0.044252 -2.936427 185.615005
12.747190 9.708507 2.025753 -0.090884 0.035176 -2.943279 185.720001
12.540597 9.679857 2.025966 -0.079564 0.028422 -2.948822 185.824997
12.334751 9.642547 2.026143 -0.052378 0.023042 -2.953209 185.929993
12.129572 9.599468 2.026295 -0.022428 0.020798 -2.956773 186.035004
11.924685 9.553870 2.026425 0.007477 0.020554 -2.959617 186.139999
11.699958 9.504688 2.026546 0.029590 0.020531 -2.962087 186.255005
11.474463 9.458816 2.026647 0.036594 0.020187 -2.964048 186.369995
11.277699 9.422357 2.026722 0.034063 0.019390 -2.965408 186.470001
11.080415 9.388808 2.026785 0.024237 0.019695 -2.966503 186.570007
10.882780 9.357295 2.026840 0.014017 0.019641 -2.967397 186.669998
10.684999 9.326814 2.026886 0.003072 0.019826 -2.968117 186.770004
10.467445 9.293272 2.026930 -0.005532 0.019946 -2.968754 186.880005
10.250175 9.258788 2.026967 -0.009343 -0.002385 -2.969260 186.990005
10.036475 9.223491 2.026998 -0.008739 -0.070309 -2.969664 187.100006
9.833476 9.188719 2.027024 -0.005302 -0.119772 -2.969985 187.210007
9.630409 9.152976 2.041414 -0.000970 -0.144371 -2.970260 187.330002
9.414428 9.114402 2.066774 0.002567 -0.148709 -2.970513 187.475006
9.219054 9.079553 2.094363 0.003315 -0.139190 -2.970711 187.630005
9.020672 9.044654 2.120059 0.000647 -0.119168 -2.966041 187.824997
8.813299 9.007928 2.135318 -0.003546 -0.060834 -2.920810 188.100006
8.616390 8.971844 2.139282 -0.003370 -0.055511 -2.909980 188.470001
8.417833 8.933083 2.142959 -0.001517 -0.029079 -2.902351 189.259995
8.536672 8.768057 2.144294 -0.030231 0.258641 -0.901142 192.619995
8.667351 8.589131 2.144294 -0.015661 0.111017 -0.763602 192.800003
8.804399 8.418921 2.144294 -0.032581 0.053612 -0.678321 192.955002
8.949873 8.253860 2.144294 -0.063734 -0.004429 -0.600082 193.104996
9.100766 8.101760 2.136490 -0.057910 -0.062795 -0.560680 193.255005
9.251054 7.965163 2.130729 -0.053388 -0.088941 -0.575633 193.410004
9.423662 7.825188 2.130185 -0.050338 -0.086389 -0.540153 193.604996
9.588688 7.710873 2.129758 -0.040111 -0.060446 -0.433487 193.815002
9.774800 7.605312 2.133966 -0.030498 -0.017798 -0.284264 194.080002
9.960363 7.521882 2.122581 -0.017217 0.014375 -0.199220 194.354996
10.150108 7.455790 2.141789 -0.006996 0.039496 -0.092364 194.619995
10.343552 7.397958 2.145152 0.001651 0.057934 -0.126225 194.860001
10.539198 7.343129 2.145119 0.002569 -0.151091 -0.364063 195.104996
10.734932 7.300812 2.145119 0.029521 -0.038951 -0.898150 195.615005
10.529994 7.316628 2.145119 0.008222 0.088842 2.975680 197.929993
10.323563 7.328595 2.145119 0.049624 -0.036389 3.010873 198.104996
10.125071 7.353662 2.145119 0.033380 -0.083381 3.053250 198.285004
9.924603 7.392614 2.145119 -0.015098 -0.078281 3.138539 198.500000
9.727140 7.433003 2.145119 -0.020993 -0.063048 -3.078225 198.764999
9.530365 7.469307 2.145119 -0.014326 -0.060154 -3.102819 199.130005
