3.510882 1.300136 1.000000 0.013498 0.319107 -1.545896 0.000000
3.514169 1.097763 1.000000 0.020174 0.264969 -1.627597 0.150000
3.512109 0.895493 1.000000 -0.051433 0.151641 -1.671766 0.270000
3.510404 0.692863 1.018437 -0.035982 0.086312 -1.706969 0.380000
3.510709 0.462219 1.045006 -0.005813 0.053842 -1.695069 0.500000
3.510983 0.256165 1.045451 0.028720 0.041080 -1.686773 0.605000
3.507691 0.048225 1.045675 0.050904 0.033383 -1.680105 0.710000
3.498618 -0.160468 1.045862 0.055631 0.026720 -1.674849 0.815000
3.483388 -0.369224 1.046023 0.045325 0.023307 -1.670582 0.920000
3.451088 -0.646507 1.046201 0.108843 0.023293 -1.793702 1.060000
3.415280 -0.852478 1.046311 0.012785 0.005443 -1.798536 1.165000
3.375927 -1.054939 1.046404 0.049407 -0.063221 -1.873263 1.270000
3.332842 -1.256292 1.046487 0.004433 -0.117432 -1.857203 1.380000
3.287886 -1.466227 1.046565 0.003900 -0.143244 -1.842744 1.505000
3.242468 -1.680533 1.046639 -0.002985 -0.149546 -1.809932 1.650000
3.201583 -1.880262 1.046703 -0.012478 -0.136887 -1.722817 1.810000
3.164025 -2.076527 1.026624 -0.025619 -0.114631 -1.641407 2.005000
3.131499 -2.276411 1.015840 -0.011056 -0.065103 -1.612874 2.270000
3.106218 -2.477267 1.009861 -0.010674 0.295047 -1.604125 2.575000
3.093206 -2.681140 1.007520 -0.016769 0.305297 -1.601137 2.750000
3.085080 -2.889371 1.006145 -0.049424 0.182172 -1.578117 2.880000
3.083707 -3.097562 1.005146 0.031232 0.102165 -1.593295 2.995000
3.080558 -3.306733 1.010509 -0.002881 -0.011532 -1.611777 3.105000
3.077586 -3.511516 1.012554 -0.069954 -0.122162 -1.578876 3.215000
3.080536 -3.726251 1.014484 -0.009594 -0.077548 -1.688128 3.340000
3.086505 -3.927354 1.016076 -0.024120 -0.035115 -1.700241 3.465000
3.096810 -4.144883 1.017517 0.007722 -0.001382 -1.682375 3.605000
3.105735 -4.359421 1.006404 0.035529 0.010426 -1.668923 3.745000
3.110022 -4.565312 1.008156 0.012253 0.008895 -1.571338 3.880000
3.111377 -4.770680 1.009576 -0.008904 0.008201 -1.516645 4.015000
3.113309 -4.975342 1.010724 -0.002107 0.011373 -1.439113 4.150000
3.117072 -5.202839 1.011748 0.000657 0.093819 -1.445998 4.300000
3.123753 -5.440045 1.001055 -0.069134 0.159185 -1.421673 4.445000
3.139685 -5.647451 1.002776 -0.043348 0.108912 -1.399239 4.560000
3.164745 -5.845065 1.043289 -0.125566 0.069021 -1.298379 4.665000
3.205247 -6.043903 1.044865 -0.160232 0.051588 -1.165932 4.770000
3.263534 -6.239101 1.044588 -0.165946 0.007381 -1.023114 4.875000
3.339093 -6.430699 1.044342 -0.155754 -0.102863 -0.893225 4.985000
3.430354 -6.614665 1.044116 -0.136220 -0.050473 -0.843499 5.105000
3.543758 -6.796988 1.043908 -0.121692 -0.062391 -0.845730 5.240000
3.669483 -6.960671 1.043734 -0.083920 -0.084933 -0.847454 5.380000
3.808882 -7.114726 1.043582 -0.012216 -0.078348 -0.897524 5.535000
3.950556 -7.263885 1.043452 0.038219 -0.050500 -1.015790 5.705000
4.095270 -7.429983 1.043336 0.053828 -0.016390 -1.125888 5.905000
4.214568 -7.593277 1.043253 0.055489 0.005813 -1.218025 6.100000
4.322060 -7.777577 1.043189 0.043629 0.019361 -1.289232 6.310000
4.416622 -7.969436 1.043184 0.053628 -0.156900 -1.519603 6.545000
4.514802 -8.147221 1.043184 0.046816 -0.038402 -1.990846 6.995000
4.366813 -8.007146 1.043184 -0.002601 0.310702 2.307654 9.440000
4.226714 -7.857318 1.043184 0.009283 0.198450 2.305108 9.570000
4.072819 -7.690791 1.043184 0.072219 0.097302 2.252263 9.695000
3.943000 -7.537733 1.055401 0.130462 0.060849 2.126696 9.800000
3.822624 -7.372823 1.060532 0.135277 0.049282 2.011550 9.905000
3.713901 -7.198236 1.064906 0.129300 0.042352 1.899715 10.010000
3.615817 -7.017475 1.068609 0.032252 -0.016337 1.894294 10.115000
3.522999 -6.838768 1.071770 0.031407 -0.077439 1.911711 10.220000
3.421894 -6.637194 1.074908 0.083949 -0.124462 1.868168 10.345000
3.335459 -6.448605 1.077505 0.042341 0.051296 1.863051 10.470000
3.253619 -6.244275 1.088482 0.071204 -0.020402 1.786801 10.605000
3.189400 -6.049282 1.119823 0.083996 -0.007095 1.727512 10.735000
3.138009 -5.855233 1.117188 0.034714 0.003228 1.745934 10.865000
3.090779 -5.654040 1.112141 0.045536 0.008525 1.733848 11.000000
3.048246 -5.440039 1.110919 0.016209 -0.170105 1.792110 11.145000
3.014131 -5.239174 1.110919 -0.034741 -0.233204 1.964903 11.310000
2.988377 -5.038535 1.110919 -0.059709 -0.117925 2.242419 11.575000
2.982625 -4.838220 1.110919 -0.019378 -0.000949 3.101110 12.395000
2.795866 -4.910346 1.105245 0.045344 0.251816 -2.658994 13.170000
2.582074 -5.013609 1.105197 0.000514 0.095137 -2.701501 13.355000
2.388064 -5.109772 1.105167 0.004877 0.037120 -2.812760 13.505000
2.187220 -5.206858 1.105144 -0.004455 0.018505 -2.902108 13.655000
1.997497 -5.297750 1.105126 0.032744 0.024487 -2.905935 13.795000
1.791172 -5.388283 1.082096 0.092568 -0.026091 -2.991304 13.945000
1.577002 -5.462486 1.077468 0.084999 -0.082383 -3.043963 14.105000
1.382834 -5.513928 1.078379 0.061415 -0.104215 -3.043374 14.265000
1.185915 -5.552352 1.079198 0.034023 -0.102910 -3.031982 14.455000
0.984701 -5.579486 1.079953 0.008529 -0.080939 -3.022637 14.700000
0.778289 -5.600896 1.080626 0.013465 0.082129 -3.018613 15.040000
0.557467 -5.621172 1.080945 0.044014 0.316459 -3.047847 15.300000
0.355704 -5.633221 1.074146 -0.027277 0.237120 -3.097039 15.440000
0.147623 -5.645536 1.070466 -0.039585 0.135012 -3.112710 15.560000
-0.057558 -5.657902 1.072210 0.083355 0.073298 3.031867 15.670000
-0.259173 -5.662257 1.073614 0.029384 0.057643 3.040189 15.775000
-0.464461 -5.662427 1.074819 0.038053 0.043188 3.046948 15.880000
-0.691671 -5.657270 1.075926 0.047262 0.032722 3.052800 15.995000
-0.900105 -5.646995 1.076778 0.042241 0.026655 3.057043 16.100000
-1.108849 -5.631993 1.077504 0.028633 0.023647 3.060458 16.205000
-1.317684 -5.614166 1.078119 -0.054920 0.018032 3.120040 16.309999
-1.526211 -5.601304 1.078644 -0.049122 0.000072 -3.097832 16.415001
-1.731582 -5.594767 1.079088 -0.115111 -0.098958 -2.996181 16.520000
-1.949643 -5.600221 1.079514 -0.177623 -0.095371 -2.792779 16.639999
-2.152912 -5.626512 1.079880 -0.187797 -0.017473 -2.626670 16.764999
-2.352095 -5.681505 1.080204 -0.168461 0.031117 -2.479553 16.900000
-2.554176 -5.774234 1.080491 -0.149704 0.046157 -2.317375 17.049999
-2.748798 -5.905150 1.080733 -0.124258 0.050010 -2.158603 17.209999
-2.901542 -6.042101 1.080900 -0.119505 0.048753 -2.022323 17.350000
-3.047471 -6.207420 1.081043 -0.105879 0.045391 -1.940732 17.500000
-3.174443 -6.388755 1.081157 -0.101428 0.045525 -1.842613 17.650000
-3.281765 -6.583934 1.081246 -0.086044 0.038406 -1.792544 17.799999
-3.368592 -6.782533 1.081315 -0.089082 0.014255 -1.733045 17.945000
-3.441664 -6.997420 1.081373 -0.083496 -0.050940 -1.662550 18.100000
-3.492695 -7.194098 1.081417 -0.073587 -0.084572 -1.601751 18.250000
-3.530157 -7.393199 1.081457 -0.074208 -0.093371 -1.507803 18.420000
-3.551656 -7.612612 1.081495 -0.059584 -0.078604 -1.365401 18.645000
-3.549135 -7.815787 1.081527 -0.031026 -0.058261 -1.252574 18.915001
-3.529062 -8.016746 1.081554 -0.015492 -0.043132 -1.254632 19.275000
-3.496393 -8.215398 1.081569 -0.011329 -0.047277 -1.070802 19.855000
-3.430898 -8.013747 1.081569 -0.008165 0.177510 1.394007 22.740000
-3.392364 -7.792705 1.081569 -0.003398 0.071550 1.393767 22.905001
-3.357567 -7.590892 1.081569 -0.000258 0.036086 1.393619 23.045000
-3.322971 -7.391564 1.081569 -0.019076 0.019855 1.411902 23.180000
-3.290623 -7.190216 1.081569 -0.015798 0.015367 1.456112 23.315001
-3.261281 -6.980287 1.081569 -0.066269 0.012115 1.542180 23.455000
-3.242931 -6.769176 1.081569 -0.092864 0.073502 1.638608 23.594999
-3.246491 -6.530039 1.099582 -0.137604 0.012565 1.881691 23.750000
-3.276767 -6.328463 1.100655 -0.162707 0.025333 2.108409 23.885000
-3.336149 -6.132105 1.125431 -0.144583 0.047001 2.299920 24.025000
-3.422291 -5.949547 1.124460 -0.146644 0.061889 2.480661 24.165001
-3.534651 -5.783973 1.123686 -0.137044 0.069704 2.650261 24.305000
-3.675477 -5.630788 1.123039 -0.103087 0.065177 2.725446 24.450001
-3.836275 -5.493524 1.122521 -0.120882 0.056630 2.812521 24.594999
-4.014352 -5.375893 1.122110 -0.073875 0.046633 2.846848 24.740000
-4.191419 -5.279492 1.121801 -0.104991 0.035368 2.862064 24.875000
-4.377373 -5.197671 1.121553 -0.082741 0.024107 2.891393 25.010000
-4.569316 -5.128510 1.121351 -0.051397 0.018692 2.889166 25.145000
-4.765230 -5.069807 1.121187 -0.057847 0.025706 2.942003 25.280001
-4.964563 -5.021511 1.121059 -0.095867 0.168521 2.979378 25.410000
-5.222929 -4.978804 1.120940 -0.079883 0.038891 3.095174 25.559999
-5.426198 -4.957800 1.120865 -0.059082 -0.049297 -3.104208 25.674999
-5.636186 -4.944899 1.120801 -0.022162 0.098391 -3.061920 25.795000
-5.837323 -4.936797 1.120752 0.035002 0.084159 -3.086505 25.905001
-6.046490 -4.925614 1.120710 0.026297 0.059164 -3.106167 26.014999
-6.250776 -4.912410 1.120676 0.008607 0.043408 -3.121233 26.120001
-6.497175 -4.895831 1.120643 -0.008930 0.031097 -3.135274 26.245001
-6.705539 -4.882890 1.120619 -0.017249 0.026862 3.138681 26.350000
-6.924580 -4.871298 1.120598 -0.018766 0.024173 3.130962 26.459999
-7.134089 -4.862237 1.120581 -0.015348 0.022203 3.125108 26.565001
-7.343812 -4.854737 1.120566 -0.009251 0.021433 3.120401 26.670000
-7.553652 -4.848142 1.120554 -0.002686 0.021018 3.116625 26.775000
-7.753561 -4.842074 1.120545 0.001941 0.019989 3.113695 26.875000
-7.963455 -4.835416 1.120535 0.005402 0.019992 3.111230 26.980000
-8.203301 -4.827017 1.120527 0.006368 0.020640 3.108999 27.100000
-8.413144 -4.818871 1.120520 0.005251 0.019928 3.107462 27.205000
-8.622936 -4.810100 1.120515 0.002965 0.020645 3.106225 27.309999
-8.832719 -4.800946 1.120510 0.000454 0.020147 3.105240 27.415001
-9.042042 -4.791689 1.120506 -0.001782 -0.021470 3.104444 27.520000
-9.246553 -4.782726 1.120504 -0.003201 -0.084324 3.103807 27.625000
-9.466360 -4.773339 1.120501 -0.003284 -0.128973 3.103231 27.745001
-9.673653 -4.764791 1.120498 -0.002486 -0.148622 3.102764 27.870001
-9.876575 -4.756705 1.120494 -0.001261 -0.148615 3.102373 28.010000
-10.092266 -4.746817 1.120494 -0.025854 -0.209850 -2.992344 28.200001
-10.296407 -4.728429 1.120494 -0.050766 -0.091774 -2.662482 28.514999
-10.412338 -4.903867 1.120494 0.045775 0.242202 -1.212250 30.110001
-10.365300 -5.100876 1.120494 0.019280 0.102821 -1.210725 30.264999
-10.319435 -5.299370 1.152578 0.017378 0.044798 -1.293353 30.405001
-10.272133 -5.504590 1.186271 -0.037060 0.015242 -1.374713 30.545000
-10.220554 -5.702389 1.218851 -0.027715 0.005907 -1.437791 30.680000
-10.164906 -5.898927 1.251334 0.011898 0.009986 -1.501895 30.815001
-10.109735 -6.102805 1.284862 0.057111 0.021058 -1.570788 30.955000
-10.062677 -6.323279 1.299139 0.052562 0.026819 -1.616349 31.105000
-10.031693 -6.531594 1.324904 0.048270 0.025426 -1.619839 31.245001
-10.009602 -6.757169 1.365829 0.040439 0.019716 -1.597540 31.395000
-9.996311 -6.991612 1.399921 0.028911 0.174306 -1.581246 31.545000
-9.990758 -7.192394 1.399038 0.018819 0.128973 -1.571832 31.660000
-9.985534 -7.397747 1.398286 -0.073093 0.076662 -1.468280 31.770000
-9.974833 -7.599800 1.397684 -0.007415 0.035009 -1.463537 31.875000
-9.960298 -7.802422 1.397168 -0.080797 -0.035953 -1.363418 31.980000
-9.933467 -8.033195 1.396654 -0.091439 -0.092841 -1.263496 32.105000
-9.899097 -8.235971 1.396247 -0.097061 -0.116487 -1.182329 32.224998
-9.853547 -8.429833 1.361752 -0.112290 -0.117850 -1.046934 32.355000
-9.787020 -8.635611 1.334486 -0.070090 -0.194189 -1.046974 32.520000
-9.709691 -8.830840 1.334486 0.002642 -0.168606 -1.282601 32.744999
-9.622866 -9.011748 1.334486 0.032946 -0.048315 -1.759091 33.200001
-9.794236 -8.901234 1.334486 -0.033131 0.308909 2.438136 35.695000
-9.963849 -8.761648 1.334486 0.038217 0.189205 2.362172 35.834999
-10.118219 -8.626018 1.334486 0.019061 -0.006951 2.334982 35.950001
-10.267362 -8.487933 1.363296 0.147960 -0.087781 2.135996 36.064999
-10.404249 -8.336525 1.361007 0.192473 -0.020187 1.939035 36.189999
-10.518987 -8.165431 1.358954 0.185699 0.031853 1.768054 36.325001
-10.603197 -7.977128 1.358522 0.190708 0.050544 1.566550 36.465000
-10.655038 -7.766054 1.361932 0.157330 0.059732 1.385307 36.615002
-10.673279 -7.564197 1.362685 0.082176 0.052483 1.305918 36.755001
-10.672402 -7.359112 1.363290 0.087528 0.046009 1.235527 36.895000
-10.649150 -7.131548 1.339196 0.105471 0.043408 1.137742 37.049999
-10.609757 -6.935253 1.327443 -0.047763 0.009808 1.320271 37.185001
-10.577231 -6.731310 1.330370 -0.156422 0.007454 1.754094 37.325001
-10.569995 -6.530870 1.332731 -0.162785 0.031177 2.043780 37.465000
-10.594701 -6.326763 1.334750 -0.123273 0.081033 2.298677 37.615002
-10.651654 -6.128798 1.336357 -0.104297 0.098894 2.348004 37.764999
-10.736827 -5.941091 1.337579 -0.143407 0.081940 2.408776 37.910000
-10.848932 -5.771431 1.338533 -0.143496 0.061337 2.471025 38.049999
-10.997047 -5.606891 1.339347 -0.119131 0.041607 2.546198 38.200001
-11.166380 -5.460062 1.339990 -0.090628 0.029407 2.619145 38.349998
-11.330995 -5.340857 1.340456 -0.072575 0.022937 2.688321 38.485001
-11.503703 -5.232092 1.340832 -0.068894 0.079967 2.757189 38.619999
-11.679709 -5.136873 1.341119 -0.070049 0.169070 2.823452 38.744999
-11.862247 -5.050682 1.341337 0.001168 0.057574 2.828533 38.860001
-12.050215 -4.964987 1.341519 -0.067490 -0.040542 2.890233 38.974998
-12.256404 -4.878980 1.341689 -0.046790 -0.100673 2.907537 39.105000
-12.446560 -4.805260 1.341829 -0.042018 -0.127864 2.889291 39.235001
-12.658374 -4.729189 1.341969 -0.033843 -0.134580 2.881775 39.400002
-12.850574 -4.666683 1.342087 -0.024018 -0.122690 2.905110 39.580002
-13.046033 -4.609951 1.342199 -0.012175 -0.086971 2.947203 39.814999
-13.247517 -4.555724 1.342301 -0.004988 -0.053252 2.945142 40.145000
-13.445271 -4.504802 1.342383 -0.003441 -0.045572 2.947670 40.645000
-13.645712 -4.498904 1.342445 -0.004618 0.319272 -3.098235 50.400002
-13.845773 -4.511595 1.342445 -0.014293 0.307336 -3.027456 50.570000
-14.079510 -4.532270 1.342445 -0.007336 0.148111 -2.934936 50.715000
-14.312639 -4.555612 1.342445 -0.019787 0.007939 -2.867076 50.845001
-14.518032 -4.577594 1.342445 -0.012822 -0.067245 -2.863715 50.959999
-14.720308 -4.600384 1.342445 -0.045068 -0.111069 -2.875148 51.080002
-14.925407 -4.628340 1.342445 -0.054263 -0.131488 -2.884967 51.215000
-15.127695 -4.664362 1.342445 -0.054390 -0.133249 -2.860085 51.369999
-15.323676 -4.710862 1.342445 -0.038743 -0.116962 -2.782374 51.555000
-15.529154 -4.777555 1.342445 -0.093974 0.173699 -2.618946 51.805000
-15.720981 -4.891349 1.358936 -0.004425 0.096433 -2.442847 52.009998
-15.891091 -5.003312 1.357863 -0.005829 -0.189007 -2.467260 52.174999
-16.074272 -5.118710 1.356699 -0.002380 -0.176452 -2.491039 52.419998
-16.244989 -5.223186 1.355724 -0.021324 0.315083 -1.434483 53.669998
-16.202286 -5.424574 1.355724 0.080778 0.216314 -1.227033 53.919998
-16.172594 -5.634032 1.344485 0.009544 0.103821 -1.264314 54.080002
-16.141674 -5.836781 1.344389 -0.064138 0.039367 -1.359779 54.220001
-16.099783 -6.035151 1.344314 -0.071198 0.002921 -1.449106 54.355000
-16.041212 -6.245259 1.344249 -0.028505 0.002360 -1.512597 54.500000
-15.977489 -6.453499 1.344197 0.038672 0.019727 -1.578303 54.645000
-15.920058 -6.670750 1.359021 0.055408 0.032464 -1.611149 54.794998
-15.877437 -6.899254 1.368012 0.114638 0.034211 -1.671851 54.950001
-15.860604 -7.100721 1.392646 0.077319 0.030267 -1.681595 55.084999
-15.859337 -7.304508 1.412431 0.130958 0.135851 -1.713648 55.220001
-15.877478 -7.516774 1.430027 0.071081 0.160519 -1.729348 55.349998
-15.907460 -7.722272 1.433436 0.040256 0.102958 -1.766825 55.465000
-15.942949 -7.928191 1.431673 -0.006716 0.065195 -1.763036 55.575001
-15.977695 -8.129890 1.430254 -0.008851 0.043203 -1.760125 55.680000
-16.010056 -8.334476 1.429047 -0.028654 0.030753 -1.699877 55.785000
-16.042076 -8.560382 1.427934 -0.014109 0.011010 -1.697623 55.900002
-16.072226 -8.784652 1.426998 -0.014251 -0.061616 -1.695840 56.014999
-16.101765 -9.016816 1.426154 -0.012029 -0.118309 -1.694335 56.139999
-16.126307 -9.220796 1.425484 -0.008059 -0.144201 -1.693217 56.259998
-16.150537 -9.423929 1.424869 0.029634 -0.147603 -1.779455 56.395000
-16.177797 -9.621941 1.399177 0.031421 -0.135780 -1.844032 56.549999
-16.211258 -9.827067 1.374937 0.031099 -0.113906 -1.877079 56.750000
-16.251343 -10.024816 1.357738 0.012209 -0.061978 -1.897356 57.009998
-16.295006 -10.221655 1.355484 0.025870 -0.075765 -2.186214 57.400002
-16.296240 -10.018480 1.352430 0.049267 0.136205 1.395890 60.380001
-16.273453 -9.814403 1.351473 -0.006199 0.046406 1.299757 60.525002
-16.245811 -9.610665 1.359187 0.064027 0.029466 1.139823 60.665001
-16.204887 -9.400575 1.364237 0.087520 0.034834 1.025440 60.810001
-16.148205 -9.202538 1.364054 0.115650 0.044381 0.881955 60.950001
-16.069389 -9.013846 1.391841 0.086551 0.039409 0.803528 61.090000
-15.957062 -8.807510 1.403092 -0.039000 0.029363 0.929786 61.250000
-15.860130 -8.629918 1.401481 -0.039607 0.020739 1.098345 61.384998
-15.768391 -8.447745 1.386933 -0.032017 0.008808 1.294127 61.520000
-15.682114 -8.263988 1.385401 -0.032993 0.009941 1.409907 61.654999
-15.595224 -8.058270 1.393578 -0.079082 0.031135 1.565583 61.805000
-15.532305 -7.869163 1.367914 -0.142718 0.041849 1.681931 61.939999
-15.488756 -7.668736 1.371640 -0.113667 0.055244 1.734492 62.080002
-15.468064 -7.463702 1.389079 -0.083181 0.048518 1.746475 62.220001
-15.465537 -7.262425 1.391632 -0.079121 0.032744 1.730892 62.355000
-15.479039 -7.044619 1.393834 -0.061925 0.020361 1.718441 62.500000
-15.506013 -6.819239 1.395657 -0.027911 0.013480 1.691506 62.650002
-15.535820 -6.593916 1.397096 0.056733 0.012357 1.554639 62.799999
-15.554999 -6.368440 1.398244 0.042938 0.052347 1.480998 62.950001
-15.563964 -6.168241 1.399042 0.021960 0.029571 1.478785 63.080002
-15.568245 -5.966743 1.399691 0.035124 -0.051344 1.488135 63.209999
-15.567262 -5.761941 1.400263 0.051641 -0.099166 1.470056 63.349998
-15.557464 -5.560660 1.400764 0.051580 -0.115184 1.381699 63.505001
-15.535442 -5.345706 1.397352 0.026268 -0.110522 1.388118 63.705002
-15.505034 -5.144639 1.371021 0.010168 -0.076709 1.348383 63.950001
-15.468918 -4.947344 1.368004 0.004491 -0.055225 1.340816 64.279999
-15.430916 -4.754442 1.405198 -0.027853 0.171955 1.399421 64.785004
-15.411207 -4.558100 1.474807 -0.001679 0.238931 1.538454 65.050003
-15.397552 -4.357136 1.516825 0.036361 0.105009 1.602385 65.209999
-15.382096 -4.152413 1.555076 -0.003385 0.051170 1.645812 65.355003
-15.368423 -3.946468 1.576357 -0.049876 0.033531 1.694421 65.495003
-15.362556 -3.714459 1.609355 -0.067644 0.025630 1.705889 65.650002
-15.370811 -3.488631 1.640172 -0.046716 0.021075 1.720538 65.800003
-15.388121 -3.285094 1.657045 -0.033452 0.015366 1.711280 65.934998
-15.411497 -3.081596 1.654525 -0.019164 0.013160 1.704323 66.070000
-15.438108 -2.880558 1.652563 -0.005394 0.168998 1.699299 66.199997
-15.466349 -2.674963 1.651062 0.006449 0.130500 1.695697 66.320000
-15.497199 -2.443874 1.649766 0.014457 0.077837 1.692786 66.445000
-15.521782 -2.242239 1.648859 0.061662 0.048254 1.638773 66.550003
-15.541450 -2.036969 1.648088 0.078859 0.033889 1.594701 66.654999
-15.553331 -1.829890 1.647432 0.101970 0.031576 1.500495 66.760002
-15.556820 -1.622032 1.659186 0.003504 0.028500 1.511340 66.864998
-15.558709 -1.423380 1.692530 0.046380 0.025488 1.476975 66.964996
-15.558475 -1.224423 1.725448 -0.014229 0.022245 1.495720 67.065002
-15.559196 -1.025170 1.758292 -0.020023 0.021814 1.511081 67.165001
-15.561821 -0.815704 1.773044 -0.013920 0.021060 1.524072 67.269997
-15.565763 -0.606093 1.771236 -0.005578 0.020453 1.534568 67.375000
-15.570116 -0.396418 1.769714 0.003260 0.020880 1.542899 67.480003
-15.574041 -0.186686 1.768415 0.008265 0.021080 1.549624 67.584999
-15.577150 0.033074 1.767267 0.009883 0.020522 1.555231 67.695000
-15.579575 0.262811 1.766250 -0.057266 0.017240 1.616211 67.809998
-15.586875 0.492033 1.765399 -0.016250 0.021668 1.646870 67.925003
-15.596573 0.711192 1.772248 0.021904 0.020490 1.623598 68.035004
-15.604366 0.940399 1.788939 0.006632 0.020966 1.574232 68.150002
-15.610008 1.149754 1.789449 0.016225 0.022124 1.564976 68.254997
-15.612428 1.359133 1.789884 0.087740 0.022108 1.464213 68.360001
-15.607970 1.568137 1.790253 0.010045 0.023949 1.468961 68.464996
-15.601726 1.777311 1.790568 0.007829 0.023318 1.476379 68.570000
-15.594254 1.986709 1.790834 0.016849 0.023274 1.482276 68.675003
-15.585265 2.186229 1.771364 0.020437 0.021908 1.486848 68.775002
-15.574149 2.385730 1.736026 0.018519 0.021740 1.490533 68.875000
-15.561092 2.585175 1.702764 0.013889 0.020305 1.493550 68.974998
-15.546620 2.784530 1.669284 0.005629 0.020905 1.495961 69.074997
-15.530713 2.993819 1.635546 -0.001096 0.017855 1.498032 69.180000
-15.515423 3.192250 1.603249 0.025809 -0.021820 1.467540 69.279999
-15.498161 3.398009 1.577114 -0.000215 0.027145 1.468238 69.385002
-15.478989 3.614033 1.580186 0.069929 0.029553 1.408902 69.495003
-15.452331 3.829945 1.582793 0.003591 0.023887 1.385706 69.605003
-15.425083 4.046140 1.584988 -0.040213 0.025426 1.466709 69.714996
-15.403363 4.253538 1.586767 -0.010977 0.025467 1.467567 69.820000
-15.382239 4.461576 1.588277 0.057317 0.021630 1.415576 69.925003
-15.355192 4.668839 1.589558 0.092606 0.023123 1.311727 70.029999
-15.316554 4.894104 1.590739 0.014314 0.025556 1.309727 70.144997
-15.276565 5.109520 1.591687 0.017613 0.024549 1.316230 70.254997
-15.235912 5.315113 1.592454 -0.007623 0.021458 1.341822 70.360001
-15.194028 5.520704 1.593109 0.023261 0.021016 1.352732 70.464996
-15.149591 5.725910 1.593664 0.025686 0.019725 1.352834 70.570000
-15.104584 5.920843 1.594115 0.015254 0.020022 1.352912 70.669998
-15.057913 6.115481 1.594500 0.002824 0.019624 1.352975 70.769997
-15.010756 6.310082 1.594830 -0.008044 0.019695 1.353027 70.870003
-14.964623 6.504923 1.595115 -0.081783 0.016788 1.411856 70.970001
-14.921886 6.710319 1.595368 -0.086998 0.020314 1.463126 71.074997
-14.886032 6.916630 1.595582 -0.058377 0.023743 1.495329 71.180000
-14.854787 7.123690 1.595766 -0.043436 0.022527 1.504953 71.285004
-14.826358 7.351087 1.595935 -0.039333 0.024287 1.552604 71.400002
-14.804535 7.569077 1.607097 0.015338 -0.034736 1.480229 71.510002
-14.781740 7.778562 1.645575 0.103772 -0.135801 1.255849 71.620003
-14.750371 7.976170 1.680571 0.150938 -0.070783 1.071821 71.735001
-14.701594 8.169526 1.713978 0.165712 -0.001053 0.915010 71.860001
-14.616770 8.379015 1.750258 0.162284 0.041922 0.755093 72.010002
-14.514098 8.548607 1.782516 0.155857 0.055490 0.611277 72.144997
-14.382835 8.704962 1.800198 0.145437 0.057640 0.473298 72.285004
-14.229969 8.840413 1.798662 0.130250 0.055724 0.338221 72.425003
-14.060193 8.955650 1.797422 0.077127 0.046201 0.273867 72.565002
-13.885460 9.053132 1.803753 0.094513 0.040028 0.208680 72.699997
-13.701986 9.135934 1.818179 0.091384 0.035588 0.152469 72.834999
-13.511536 9.203314 1.821727 0.092464 0.031962 0.091021 72.970001
-13.315825 9.255309 1.819144 0.090553 0.028303 0.037755 73.105003
-13.116440 9.291551 1.817029 0.091563 0.027076 -0.035192 73.239998
-12.907287 9.311917 1.815260 0.081265 0.025906 -0.103267 73.379997
-12.704513 9.316260 1.813892 0.074203 0.025009 -0.172653 73.514999
-12.494156 9.306429 1.812734 0.038888 0.021794 -0.214167 73.654999
-12.293906 9.288812 1.811867 0.060459 0.176306 -0.227142 73.785004
-12.090342 9.259642 1.811209 0.032882 0.137700 -0.268218 73.904999
-11.890300 9.223685 1.810702 -0.003686 0.088064 -0.254456 74.014999
-11.691768 9.187050 1.810295 0.000431 0.055822 -0.244044 74.120003
-11.469941 9.145245 1.809919 0.006020 0.036984 -0.234939 74.235001
-11.246049 9.101669 1.809604 0.007886 0.028056 -0.227790 74.349998
-11.040902 9.060403 1.809361 0.006342 0.023920 -0.222595 74.455002
-10.835495 9.018023 1.809153 0.003156 0.021297 -0.218417 74.559998
-10.630007 8.974952 1.808978 -0.001149 0.020536 -0.215089 74.665001
-10.434246 8.933708 1.808836 -0.004512 0.019507 -0.212529 74.764999
-10.238421 8.892582 1.808713 -0.006680 0.019000 -0.210433 74.864998
-10.042536 8.851786 1.808609 -0.007467 0.019877 -0.208745 74.964996
-9.846550 8.811392 1.808520 -0.007265 0.019230 -0.207374 75.065002
-9.650473 8.771365 1.808443 -0.006084 0.020075 -0.206253 75.165001
-9.454303 8.731596 1.808376 -0.004701 0.019542 -0.205347 75.264999
-9.248295 8.691923 1.808317 -0.023191 -0.007660 -0.152644 75.370003
-9.045688 8.657068 1.808268 -0.071605 -0.074211 -0.056433 75.474998
-8.817502 8.624572 1.808219 -0.077020 -0.119547 -0.006970 75.599998
-8.617658 8.604151 1.808179 -0.095552 -0.131627 0.087792 75.720001
-8.411580 8.595234 1.808141 -0.092404 -0.128342 0.170367 75.860001
-8.211460 8.601022 1.808107 -0.072746 -0.118768 0.234142 76.019997
-8.009139 8.623179 1.808076 -0.020553 0.164290 0.248476 76.209999
-7.811519 8.657764 1.808056 -0.021866 0.281708 0.238017 76.364998
-7.592614 8.703934 1.808042 -0.016554 0.155896 0.231402 76.500000
-7.386129 8.750785 1.808033 -0.006622 0.089944 0.227011 76.614998
-7.189672 8.796513 1.808025 0.003221 0.030972 0.223812 76.720001
-6.992658 8.842336 1.808019 0.010111 -0.053175 0.221265 76.824997
-6.777314 8.893281 1.808013 -0.042154 -0.113802 0.319326 76.945000
-6.580692 8.943552 1.808008 -0.033519 -0.139372 0.356611 77.065002
-6.371904 9.000060 1.808004 -0.027592 -0.143719 0.355597 77.209999
-6.178107 9.056590 1.808000 -0.025425 -0.134101 0.351274 77.370003
-5.974835 9.122802 1.808000 0.021978 -0.163558 0.115542 77.599998
-5.788195 9.197269 1.808000 0.038176 -0.045905 -0.360933 78.055000
-5.668968 9.031907 1.808000 0.032444 0.320153 -1.492296 79.535004
-5.653905 8.827217 1.808000 0.020859 0.256313 -1.570242 79.684998
-5.645407 8.601072 1.798718 0.013409 -0.008393 -1.718871 79.820000
-5.640753 8.383804 1.792453 0.037313 -0.047219 -1.792717 79.949997
-5.639808 8.176778 1.792435 0.028516 -0.013855 -1.797056 80.080002
-5.643850 7.975302 1.792421 0.051835 0.006841 -1.780409 80.209999
-5.657011 7.769011 1.792409 0.060309 0.013006 -1.767253 80.345001
-5.680842 7.564717 1.792399 0.051025 0.011906 -1.757326 80.480003
-5.714691 7.354465 1.792391 -0.007973 0.010753 -1.708938 80.620003
-5.749045 7.152103 1.792385 0.008392 0.010641 -1.691313 80.754997
-5.784054 6.951621 1.792379 -0.002033 0.171766 -1.691395 80.885002
-5.819650 6.727979 1.792376 -0.049721 0.118125 -1.643173 81.014999
-5.847850 6.487974 1.792373 -0.023599 0.006927 -1.618876 81.144997
-5.867908 6.285543 1.792371 -0.035230 -0.071887 -1.606789 81.254997
-5.883802 6.085138 1.792368 -0.054717 -0.116765 -1.525902 81.370003
-5.893506 5.879491 1.792365 -0.062339 -0.133601 -1.456304 81.500000
-5.896509 5.675004 1.792364 -0.006089 0.075175 -1.448892 81.644997
-5.894994 5.473513 1.792364 -0.022771 0.211986 -1.462271 81.779999
-5.886599 5.258363 1.792364 -0.030672 0.136199 -1.471620 81.904999
-5.872943 5.044353 1.792364 -0.024610 0.080560 -1.478388 82.019997
-5.855206 4.822472 1.792364 -0.012432 0.049119 -1.483692 82.135002
-5.836281 4.606687 1.792364 0.000884 0.034443 -1.487697 82.245003
-5.816304 4.379262 1.792364 0.010845 0.026298 -1.491008 82.360001
-5.799032 4.170774 1.792364 0.015301 0.024163 -1.493414 82.464996
-5.783203 3.961782 1.792364 0.015444 0.021949 -1.495325 82.570000
-5.768817 3.752483 1.792364 0.012159 0.020901 -1.496872 82.675003
-5.755544 3.543024 1.792364 0.007401 0.020852 -1.498122 82.779999
-5.741074 3.303534 1.792364 0.001517 0.020393 -1.499234 82.900002
-5.727851 3.083997 1.792364 -0.002012 0.019676 -1.500044 83.010002
-5.713611 2.854561 1.792364 -0.003933 0.020353 -1.500713 83.125000
-5.698707 2.625165 1.792364 -0.003828 0.020537 -1.501238 83.239998
-5.682720 2.405877 1.792364 -0.074563 0.020529 -1.430077 83.349998
-5.660698 2.197459 1.792364 -0.007395 0.020847 -1.401459 83.455002
-5.636925 1.989242 1.792364 0.019980 0.019881 -1.412266 83.559998
-5.614713 1.780755 1.792364 0.015364 0.020444 -1.420873 83.665001
-5.593739 1.572038 1.792364 0.005668 0.020801 -1.427800 83.769997
-5.573012 1.363182 1.792364 -0.002714 0.021126 -1.433360 83.875000
-5.551705 1.154291 1.792364 -0.007328 0.020316 -1.437831 83.980003
-5.528679 0.945616 1.792364 -0.078988 0.020234 -1.379185 84.084999
-5.492574 0.709062 1.792364 -0.048452 0.023188 -1.304719 84.205002
-5.452450 0.493569 1.792364 -0.009712 0.023812 -1.314037 84.315002
-5.411882 0.287950 1.792364 -0.073205 0.023035 -1.271614 84.419998
-5.363951 0.084207 1.784249 -0.020937 0.019262 -1.262995 84.525002
-5.302985 -0.157174 1.754538 0.017073 0.020123 -1.302633 84.650002
-5.253315 -0.360432 1.718386 0.009858 0.021245 -1.345752 84.754997
-5.207007 -0.554475 1.684087 -0.007077 0.021793 -1.344335 84.855003
-5.157406 -0.758289 1.684718 -0.004458 0.020872 -1.343145 84.959999
-5.107010 -0.962132 1.686800 0.001247 0.020054 -1.342175 85.065002
-5.056659 -1.155414 1.664298 -0.002201 -0.053927 -1.342690 85.165001
-5.002145 -1.356946 1.664307 0.008232 -0.273927 -1.264377 85.275002
-4.948121 -1.566153 1.664307 -0.038072 -0.296064 -1.117769 85.415001
-4.902428 -1.766101 1.664307 -0.068360 -0.182611 -0.913564 85.610001
-4.867928 -1.964501 1.664307 -0.061312 -0.059386 -0.536575 85.970001
-4.769175 -2.138975 1.664307 -0.000452 0.320777 -0.011840 87.224998
-4.567055 -2.170801 1.664307 0.026054 0.181168 -0.154185 87.430000
-4.367995 -2.201635 1.664307 -0.049092 0.093221 -0.074184 87.580002
-4.165465 -2.223276 1.664307 -0.067616 0.026976 0.196761 87.720001
-3.961971 -2.232712 1.664307 -0.017611 0.007833 0.397823 87.860001
-3.760717 -2.233901 1.664307 -0.080372 0.048900 0.516796 88.000000
-3.533557 -2.211591 1.664307 -0.150758 0.081922 0.668025 88.160004
-3.329443 -2.153085 1.664307 -0.175525 0.090859 0.807754 88.309998
-3.147496 -2.057840 1.664307 -0.174673 0.086181 0.950489 88.455002
-2.980594 -1.923072 1.664307 -0.122207 0.069856 1.067651 88.605003
-2.836075 -1.768236 1.664307 -0.080155 0.048135 1.100099 88.750000
-2.698730 -1.592139 1.664307 -0.078411 0.033442 1.154210 88.900002
-2.574144 -1.404273 1.664307 -0.034118 0.018063 1.169589 89.050003
-2.461797 -1.219074 1.672809 -0.027099 -0.053548 1.136803 89.195000
-2.352451 -1.031818 1.713744 0.002985 -0.103744 1.002696 89.349998
-2.250264 -0.857062 1.722170 0.021000 -0.174231 0.963585 89.514999
-2.142003 -0.679858 1.722170 -0.017848 -0.157440 1.209678 89.750000
-2.026441 -0.516571 1.722170 -0.033722 -0.036316 1.738517 90.254997
-2.148169 -0.354254 1.711591 -0.028563 0.319530 2.664559 91.565002
-2.329862 -0.266250 1.712160 -0.046940 0.179549 2.790924 91.714996
-2.533032 -0.178285 1.712588 0.004306 -0.008852 2.889982 91.855003
-2.720837 -0.097357 1.712910 -0.012141 -0.013306 2.944169 91.985001
-2.905551 -0.019601 1.713172 -0.050239 0.006243 3.003561 92.114998
-3.111973 0.058253 1.713410 -0.030535 0.016542 3.010208 92.260002
-3.335153 0.133165 1.713610 -0.048453 0.018758 2.987232 92.415001
-3.532401 0.189895 1.713749 -0.050981 0.016236 2.972421 92.550003
-3.732162 0.235166 1.684094 -0.103876 0.014335 3.082922 92.684998
-3.933371 0.267998 1.683891 0.030068 0.013536 2.949688 92.820000
-4.132552 0.304696 1.683734 0.037650 -0.038935 2.843343 92.955002
-4.341302 0.348654 1.683595 0.036734 -0.091286 2.797938 93.105003
-4.538765 0.394894 1.683477 0.037336 -0.109811 2.777466 93.264999
-4.733603 0.448154 1.683370 0.041810 -0.106150 2.702125 93.455002
-4.928156 0.513509 1.708576 0.017496 -0.074498 2.663663 93.705002
-5.116971 0.585705 1.710768 0.008858 -0.050092 2.662675 94.040001
-5.302300 0.663413 1.712750 0.005143 -0.043051 2.658319 94.559998
-5.379116 0.850014 1.713501 -0.025530 0.302052 1.249707 96.790001
-5.320653 1.047185 1.713501 -0.018023 0.139992 1.391261 96.970001
-5.267000 1.245857 1.713501 0.014112 0.058473 1.510610 97.120003
-5.215282 1.441873 1.713501 -0.002631 0.033041 1.556440 97.260002
-5.160244 1.664492 1.713501 -0.020881 0.030526 1.592264 97.415001
-5.118673 1.862218 1.713501 -0.065817 0.031535 1.604922 97.550003
-5.087618 2.077925 1.713501 -0.077681 0.028503 1.655596 97.695000
-5.072893 2.280819 1.713501 -0.047396 0.022798 1.640096 97.830002
-5.067083 2.485055 1.713501 -0.042274 0.017414 1.628399 97.964996
-5.068885 2.699119 1.713501 0.017776 0.147912 1.590000 98.105003
-5.070459 2.899340 1.713501 0.046015 0.146920 1.510468 98.224998
-5.067745 3.106488 1.697313 -0.062461 -0.031305 1.597631 98.339996
-5.070386 3.308915 1.697335 -0.023476 -0.079418 1.639987 98.455002
-5.076320 3.515803 1.697428 -0.012480 -0.045236 1.638637 98.580002
-5.085517 3.721336 1.681341 -0.060604 -0.014495 1.757698 98.709999
-5.104601 3.936039 1.681511 -0.010274 0.003941 1.789985 98.849998
-5.129655 4.171080 1.681660 -0.011701 0.010826 1.774570 99.004997
-5.155129 4.382631 1.681769 -0.046733 0.012775 1.788039 99.144997
-5.188022 4.584930 1.681853 -0.059967 0.015060 1.869041 99.279999
-5.230422 4.785145 1.676155 -0.048810 0.015427 1.892449 99.415001
-5.280285 4.981632 1.676010 -0.028557 -0.144282 1.840587 99.550003
-5.336338 5.176156 1.676010 0.024467 -0.240119 1.673034 99.709999
-5.399831 5.367962 1.676010 0.056137 -0.128945 1.411233 99.959999
-5.478365 5.552215 1.676010 0.029612 -0.010371 0.730552 100.610001
-5.278449 5.611398 1.667738 -0.021533 0.235739 0.061648 101.550003
-5.074760 5.635784 1.657176 0.068438 0.099535 0.076356 101.709999
-4.867910 5.647646 1.657819 0.066942 0.045090 0.057286 101.855003
-4.652867 5.646762 1.658331 0.037646 0.024047 0.043226 102.000000
-4.427125 5.638021 1.658753 0.014437 0.056782 0.032500 102.150002
-4.220046 5.628276 1.659047 -0.004731 0.171272 0.025599 102.279999
-4.007370 5.620555 1.659273 -0.021245 0.116696 0.020667 102.400002
-3.790259 5.616218 1.659451 -0.026649 0.069831 0.016964 102.514999
-3.546800 5.615506 1.659613 -0.021911 0.043219 0.013851 102.639999
-3.339420 5.617571 1.659726 -0.013230 0.031873 0.011789 102.745003
-3.130756 5.621049 1.659823 -0.003322 0.026114 0.010138 102.849998
-2.911478 5.625068 1.659908 0.004580 0.023327 0.008753 102.959999
-2.701841 5.628417 1.659977 0.009382 0.021993 0.007701 103.065002
-2.492043 5.630782 1.660035 0.010785 0.020555 0.006854 103.169998
-2.282204 5.632032 1.660085 0.009105 0.021073 0.006175 103.275002
-2.072314 5.632350 1.660127 0.005804 0.020112 0.005638 103.379997
-1.832447 5.632136 1.660167 -0.046135 0.018788 0.038939 103.500000
-1.613102 5.637391 1.660198 -0.099314 0.021428 0.151964 103.610001
-1.405231 5.653346 1.660224 -0.103758 0.027220 0.245092 103.714996
-1.166262 5.687224 1.660249 -0.158450 -0.121877 0.462776 103.839996
-0.970498 5.731635 1.660269 -0.188050 -0.061163 0.628677 103.955002
-0.747947 5.813632 1.660289 -0.189247 0.022108 0.800881 104.105003
-0.554984 5.927578 1.660305 -0.149898 0.048560 0.937308 104.254997
-0.378136 6.073686 1.660319 -0.102994 0.043094 0.987090 104.410004
-0.222620 6.234868 1.660329 -0.093437 0.033503 1.050449 104.559998
-0.082272 6.411243 1.660336 -0.058479 0.025709 1.098344 104.709999
0.033673 6.579057 1.660342 -0.071297 0.021129 1.146886 104.845001
0.139404 6.753907 1.660346 -0.035204 0.017873 1.183536 104.980003
0.239147 6.932892 1.660349 -0.021712 0.015513 1.168552 105.114998
0.335165 7.114635 1.660353 -0.072396 0.048670 1.212278 105.250000
0.420676 7.297728 1.660356 -0.021663 0.022383 1.222139 105.379997
0.505690 7.490380 1.660359 -0.012645 -0.060911 1.209223 105.514999
0.587269 7.678759 1.660359 -0.010934 -0.106347 1.199140 105.654999
0.670740 7.875294 1.660359 -0.025722 -0.121925 1.243393 105.820000
0.746310 8.064300 1.660359 -0.027994 -0.112836 1.322003 106.010002
0.815412 8.253604 1.660359 -0.014143 -0.076245 1.355258 106.254997
0.880070 8.443910 1.660359 -0.008341 -0.056788 1.350473 106.589996
0.940531 8.635284 1.660359 -0.004473 -0.041463 1.347541 107.165001
0.979051 8.433352 1.660359 0.030984 0.174408 -1.627226 110.650002
0.977998 8.232733 1.660359 0.010408 0.068165 -1.807289 110.800003
0.971057 8.019239 1.660359 0.027430 0.033490 -1.947043 110.949997
0.955694 7.802676 1.660359 0.065920 0.045629 -2.057185 111.099998
0.923488 7.602524 1.660359 0.080581 0.060514 -2.169569 111.239998
0.866722 7.407695 1.643390 0.191667 0.065195 -2.323803 111.379997
0.772987 7.194186 1.645828 -0.031935 0.004157 -1.945625 111.540001
0.693697 7.008013 1.647522 -0.057399 -0.062862 -1.653986 111.680000
0.615882 6.805365 1.649092 -0.077133 -0.070105 -1.397979 111.845001
0.552745 6.610355 1.650405 -0.110109 -0.040592 -1.326413 112.025002
0.515902 6.398972 1.651608 -0.104814 -0.035359 -1.222525 112.250000
0.529035 6.197433 1.640690 -0.076161 0.101988 -1.116597 112.500000
0.587179 5.995749 1.633753 -0.018347 -0.113074 -1.120190 112.750000
0.649616 5.796594 1.632637 -0.010205 -0.082755 -1.136020 113.144997
0.813926 5.678061 1.632396 0.040104 0.311182 0.121436 114.684998
1.016994 5.685822 1.632396 -0.005510 0.153584 0.085611 114.864998
1.231318 5.696309 1.647487 0.012677 0.060933 -0.043944 115.019997
1.435951 5.703602 1.646065 0.029354 0.026328 -0.206997 115.160004
1.642391 5.704080 1.644931 0.058160 0.025320 -0.354709 115.300003
1.854544 5.690890 1.643982 0.107250 0.044345 -0.502803 115.445000
2.075771 5.650686 1.643180 0.143495 0.062051 -0.661988 115.599998
2.273567 5.582686 1.642581 0.151036 0.068163 -0.778165 115.745003
2.451704 5.487428 1.642120 0.163459 0.067667 -0.924588 115.885002
2.611583 5.363829 1.641750 0.090242 0.060653 -1.017802 116.025002
2.757298 5.219450 1.641451 0.097518 0.048704 -1.067090 116.165001
2.884290 5.064621 1.644171 0.104093 0.040448 -1.176632 116.300003
3.002999 4.886723 1.644490 0.057267 -0.142684 -1.115802 116.445000
3.107966 4.712575 1.644490 -0.001702 -0.234189 -0.943014 116.610001
3.204701 4.536298 1.644490 -0.042786 -0.127946 -0.670744 116.870003
3.285408 4.352908 1.644490 -0.022523 -0.006836 0.114654 117.620003
3.426396 4.499668 1.644490 0.066825 0.245948 0.950751 118.514999
3.565120 4.647981 1.644490 -0.036740 0.085687 0.765542 118.669998
3.697955 4.799080 1.643132 -0.090897 0.013469 0.702236 118.809998
3.823419 4.961870 1.641497 0.017995 0.011048 0.553347 118.949997
3.965892 5.136596 1.639213 0.142176 0.016042 0.303358 119.105003
4.114870 5.277395 1.639059 0.172592 0.014582 0.147214 119.254997
4.281528 5.389603 1.638964 0.152533 -0.022692 0.123185 119.415001
4.470433 5.473815 1.638880 0.107925 -0.066647 0.122870 119.599998
4.665534 5.524065 1.638808 0.050361 -0.086141 0.133984 119.815002
4.872212 5.551147 1.638740 0.004058 -0.055648 0.123038 120.105003
5.073106 5.569393 1.638688 0.001369 -0.045226 0.107714 120.485001
5.273479 5.581753 1.638647 -0.000405 -0.033577 0.097942 121.144997
5.438160 5.450599 1.638645 0.023126 0.320371 -1.016600 122.660004
5.542200 5.277153 1.638645 -0.042454 0.275840 -1.059092 122.820000
5.648879 5.101078 1.638645 0.010789 0.164909 -1.131073 122.945000
5.752716 4.928841 1.638645 -0.050868 0.090820 -1.128314 123.055000
5.858874 4.758096 1.638645 0.022197 0.058440 -1.170773 123.160004
5.965597 4.582465 1.638645 0.022826 0.043388 -1.162089 123.264999
6.065989 4.411648 1.677102 0.050510 0.033679 -1.155417 123.364998
6.162671 4.237299 1.714516 0.063796 0.027752 -1.149920 123.464996
6.254350 4.059542 1.749602 0.063394 0.021792 -1.145493 123.565002
6.341025 3.878956 1.784453 0.048969 0.019745 -1.141865 123.665001
6.423924 3.696373 1.817941 0.029240 0.017778 -1.138958 123.764999
6.504764 3.512735 1.851216 0.009685 0.017988 -1.136573 123.864998
6.585270 3.328861 1.883520 -0.006270 0.017075 -1.134671 123.964996
6.666517 3.145323 1.901761 0.041025 0.015772 -1.175978 124.065002
6.744640 2.960725 1.899935 0.074275 0.016618 -1.274766 124.165001
6.819434 2.764778 1.898287 0.080686 0.020336 -1.365543 124.269997
6.886110 2.566790 1.896881 0.032653 0.024785 -1.402775 124.375000
6.948704 2.367385 1.895694 0.023391 0.026175 -1.390186 124.480003
7.008898 2.166705 1.894677 0.038876 0.026020 -1.379950 124.584999
7.073827 1.946242 1.893745 -0.043920 0.016437 -1.242380 124.699997
7.134687 1.756198 1.919317 -0.060054 0.017280 -1.138764 124.800003
7.205043 1.559612 1.933218 -0.079360 0.022797 -1.040265 124.904999
7.284035 1.367276 1.955119 -0.110853 0.032022 -0.946698 125.010002
7.383723 1.163617 1.981010 -0.138491 0.041964 -0.853110 125.125000
7.498452 0.968262 1.983960 -0.076303 0.042222 -0.849114 125.239998
7.628784 0.768912 1.981101 -0.055053 0.030794 -0.906424 125.360001
7.741967 0.604467 1.945610 0.001247 0.000453 -1.004019 125.459999
7.855325 0.442593 1.908749 -0.037370 -0.060878 -1.017908 125.559998
7.972851 0.281425 1.873080 -0.009304 -0.109555 -1.016078 125.665001
8.094301 0.118360 1.839772 0.009137 -0.081690 -1.010181 125.779999
8.233554 -0.063806 1.840193 -0.045804 0.056743 -0.875343 125.915001
8.364240 -0.223451 1.840502 -0.062815 -0.061599 -0.684491 126.035004
8.499497 -0.375991 1.840768 -0.093050 -0.032214 -0.515664 126.160004
8.648154 -0.522776 1.841003 -0.126312 0.013276 -0.359379 126.294998
8.805713 -0.648224 1.841193 -0.153971 0.047029 -0.211898 126.430000
8.982265 -0.751149 1.841352 -0.158626 0.063301 -0.073169 126.570000
9.171488 -0.823905 1.841480 -0.156227 0.067170 0.059986 126.709999
9.369864 -0.865906 1.841584 -0.141955 0.062377 0.189052 126.849998
9.587433 -0.878338 1.841673 -0.132463 0.056985 0.335390 127.000000
9.805977 -0.861387 1.841743 -0.104756 0.048082 0.429498 127.150002
10.030631 -0.819664 1.841799 -0.080632 0.040807 0.497191 127.305000
10.223997 -0.766222 1.841839 -0.080280 0.035751 0.551569 127.440002
10.413259 -0.696962 1.841871 -0.091334 0.034320 0.612835 127.574997
10.596428 -0.611288 1.841897 -0.089671 0.030685 0.674232 127.709999
10.785007 -0.502195 1.841919 -0.081035 0.026330 0.742562 127.855003
10.976545 -0.368535 1.841939 -0.074966 0.023795 0.818523 128.009995
11.134629 -0.239732 1.841952 -0.068632 0.021394 0.882381 128.145004
11.284539 -0.101121 1.841963 -0.063101 0.026584 0.944315 128.279999
11.438228 0.060191 1.841972 -0.065992 0.023100 1.015049 128.425003
11.568577 0.212229 1.841978 -0.029803 -0.049181 1.012176 128.554993
11.697598 0.369843 1.841985 -0.047711 -0.098939 1.014075 128.695007
11.818996 0.529665 1.841990 -0.048361 -0.115296 1.072646 128.850006
11.937214 0.706581 1.841994 -0.042962 0.183728 1.107998 129.035004
12.046143 0.893650 1.815114 0.020665 0.244105 1.089465 129.190002
12.150502 1.070585 1.782391 0.012264 0.142899 1.078749 129.309998
12.255562 1.246605 1.749272 0.002781 0.081964 1.070956 129.419998
12.375146 1.446392 1.712243 -0.004530 0.046747 1.064314 129.539993
12.492597 1.641140 1.675718 0.062562 0.029073 0.986229 129.654999
12.600567 1.808453 1.643660 0.070540 0.023935 0.892941 129.755005
12.714683 1.971977 1.612288 0.067865 0.021936 0.809624 129.854996
12.838995 2.135886 1.579131 0.129997 -0.125808 0.629543 129.960007
12.967122 2.286778 1.548251 0.167333 -0.089590 0.468239 130.070007
13.124593 2.440265 1.548282 0.190167 0.001491 0.309094 130.205002
13.297381 2.564155 1.550647 0.185577 0.046381 0.166031 130.345001
13.510319 2.665713 1.552796 0.120847 0.052467 0.088326 130.505005
13.714894 2.731154 1.568390 0.084266 0.040810 0.062721 130.649994
13.934036 2.780103 1.594881 0.041695 0.024539 0.077960 130.800003
14.127245 2.814751 1.653360 0.029977 0.019506 0.138718 130.929993
14.322324 2.844597 1.687195 0.037118 0.007949 0.204416 131.059998
14.525510 2.870261 1.720884 0.014009 0.006053 0.270806 131.195007
14.743261 2.895994 1.732713 -0.024805 0.012776 0.339746 131.339996
14.944462 2.925121 1.741927 -0.091470 0.022784 0.442878 131.475006
15.141438 2.968537 1.775832 -0.122469 0.033145 0.559742 131.610001
15.344216 3.038019 1.792384 -0.097962 0.042815 0.674947 131.755005
15.530312 3.127409 1.791115 -0.120058 0.044850 0.804898 131.895004
15.715849 3.247572 1.799706 -0.104599 0.045049 0.892464 132.044998
15.874372 3.380507 1.801619 -0.151386 0.044421 1.052304 132.184998
16.029633 3.557120 1.798177 -0.100974 0.046051 1.173845 132.345001
16.162592 3.753138 1.795935 -0.097901 -0.019055 1.259401 132.505005
16.255314 3.935924 1.795935 -0.305808 0.034577 1.508812 132.649994
16.288683 4.147042 1.795935 -0.267388 0.045047 1.564377 132.809998
16.260344 4.346920 1.795935 -0.156009 0.023560 1.600773 132.955002
16.202991 4.542447 1.795935 -0.045747 0.026339 1.626873 133.095001
16.132914 4.755330 1.795935 0.040789 0.031415 1.647420 133.244995
16.071039 4.973259 1.795935 0.073900 0.024993 1.662488 133.395004
16.024458 5.195641 1.795935 0.070391 0.017266 1.673553 133.544998
15.995758 5.395509 1.795935 0.055696 0.175551 1.680735 133.675003
15.974602 5.601110 1.795935 0.025702 0.132373 1.685733 133.794998
15.956566 5.804413 1.795935 0.000786 0.085234 1.689394 133.904999
15.938375 6.005914 1.795935 -0.018077 0.053600 1.692162 134.009995
15.916533 6.220779 1.795935 -0.027304 0.036894 1.694479 134.119995
15.888535 6.457036 1.795935 -0.026196 0.027560 1.696471 134.240005
15.859333 6.674168 1.795935 -0.017539 0.023570 1.697901 134.350006
15.827816 6.891448 1.795935 -0.006921 0.021277 1.699040 134.460007
15.798522 7.099054 1.795935 0.024208 0.020514 1.648692 134.565002
15.771936 7.306962 1.795935 0.011204 0.021638 1.652478 134.669998
15.747225 7.515124 1.795935 0.088601 0.020201 1.592200 134.774994
15.728971 7.723618 1.795935 0.091717 0.024119 1.545497 134.880005
15.717220 7.962231 1.795935 0.089845 0.026180 1.490121 135.000000
15.715376 8.190937 1.795935 0.065477 0.026043 1.452998 135.115005
15.721208 8.399503 1.795935 0.000089 0.023728 1.467612 135.220001
15.727876 8.608190 1.795935 -0.060772 0.022224 1.581844 135.324997
15.728101 8.826890 1.795935 -0.088256 -0.018335 1.724447 135.434998
15.718284 9.036556 1.795935 -0.185427 -0.126781 2.008157 135.544998
15.690957 9.238761 1.795935 -0.214039 -0.029827 2.206692 135.664993
15.635923 9.431588 1.795935 -0.216441 0.043998 2.351471 135.794998
15.530855 9.632843 1.795935 -0.187457 0.068424 2.502375 135.949997
15.397517 9.795337 1.795935 -0.160814 0.062411 2.654200 136.095001
15.226401 9.942103 1.795935 -0.134429 0.056172 2.805055 136.250000
15.033947 10.062204 1.795935 -0.117472 0.049474 2.956634 136.404999
14.833596 10.153738 1.810421 -0.095892 0.045220 3.082470 136.554993
14.645141 10.218406 1.842156 -0.073462 0.040303 3.123049 136.690002
14.451038 10.269019 1.860904 -0.125822 0.040747 -3.069420 136.824997
14.245913 10.298379 1.867841 -0.115399 0.043970 -2.940270 136.964996
14.039179 10.303382 1.869595 -0.126430 0.043449 -2.830164 137.104996
13.811883 10.280591 1.868895 -0.079640 0.042112 -2.732396 137.259995
13.615325 10.242042 1.868409 -0.074478 0.036433 -2.687148 137.395004
13.392192 10.179804 1.867965 -0.049185 0.027532 -2.640657 137.550003
13.177982 10.108050 1.897189 0.013613 0.016668 -2.760776 137.699997
12.984159 10.042198 1.905880 -0.033291 0.013451 -2.792935 137.835007
12.790945 9.973142 1.911832 0.008117 0.010345 -2.879265 137.970001
12.597442 9.905026 1.910630 0.020722 0.010781 -2.940530 138.104996
12.405126 9.842369 1.923667 0.041381 0.173545 -3.008790 138.235001
12.206426 9.787919 1.923291 0.055099 0.137995 -3.078926 138.354996
12.008794 9.744061 1.922944 0.075375 0.094365 3.135530 138.464996
11.802128 9.709599 1.922653 0.101480 0.069175 3.061324 138.574997
11.600098 9.688603 1.922417 0.122261 0.059783 2.990022 138.679993
11.395781 9.681899 1.922217 0.140432 0.056640 2.916351 138.785004
11.181291 9.692301 1.922039 0.146245 0.054401 2.842110 138.895004
10.948874 9.724914 1.921876 0.147435 0.051897 2.757742 139.014999
10.748482 9.771575 1.921755 0.140021 0.049555 2.687453 139.119995
10.552115 9.833598 1.921654 0.106780 0.006281 2.638855 139.225006
10.345553 9.912680 1.921560 0.053795 -0.071166 2.603925 139.339996
10.160661 9.989565 1.921486 0.015070 -0.120257 2.628598 139.449997
9.976192 10.067131 1.921428 0.021846 -0.179733 2.666040 139.570007
9.786561 10.149297 1.921428 -0.004423 -0.264129 2.823117 139.720001
9.592988 10.241813 1.921428 -0.047761 -0.150782 3.074441 139.960007
9.419357 10.341374 1.921428 -0.039514 -0.027964 -2.669445 140.475006
9.494375 10.154539 1.921428 -0.026116 0.320248 -0.680937 142.910004
9.657475 10.027928 1.921428 -0.016239 0.263809 -0.603090 143.065002
9.819719 9.907914 1.921428 0.011542 0.150466 -0.533668 143.184998
9.982610 9.787099 1.921428 -0.008011 0.084855 -0.490589 143.294998
10.145018 9.667859 1.921428 0.013456 0.052034 -0.466998 143.399994
10.326859 9.534471 1.921428 -0.012861 0.040310 -0.481040 143.514999
10.496101 9.412557 1.921428 -0.046617 0.032303 -0.491172 143.619995
10.669124 9.294338 1.921428 -0.066406 -0.007396 -0.499214 143.725006
10.842803 9.183608 1.921428 -0.062949 -0.075360 -0.505658 143.830002
11.026565 9.074304 1.921428 -0.043815 -0.124602 -0.511309 143.945007
11.204676 8.974879 1.921428 -0.039343 -0.147838 -0.465929 144.065002
11.393655 8.875814 1.927119 -0.084011 0.005689 -0.382365 144.205002
11.605090 8.790115 1.928413 -0.158350 0.031731 0.006087 144.360001
11.822868 8.739833 1.929429 -0.108212 0.043865 0.231079 144.514999
12.028380 8.718058 1.930184 -0.123578 0.059435 0.421337 144.660004
12.232043 8.725596 1.930781 -0.161261 0.081518 0.622401 144.804993
12.444012 8.771306 1.931288 -0.125896 0.089162 0.708834 144.960007
12.629960 8.843932 1.913290 -0.148586 0.078663 0.797200 145.100006
12.810557 8.950727 1.885975 -0.147720 0.062980 0.894671 145.244995
12.973288 9.076777 1.885597 0.021180 0.027842 0.686716 145.384995
13.133144 9.199578 1.889031 0.046789 0.012720 0.472439 145.520004
13.297271 9.316455 1.891817 0.018653 0.017338 0.387425 145.654999
13.465117 9.428292 1.894074 0.055233 0.027370 0.298803 145.789993
13.665334 9.546635 1.896164 0.059234 0.029882 0.313267 145.945007
13.846748 9.640166 1.897612 0.073982 0.022454 0.322525 146.080002
14.041342 9.725146 1.898824 0.066740 0.015237 0.329706 146.220001
14.233636 9.796671 1.899769 0.043041 0.011504 0.334911 146.354996
14.428488 9.861575 1.900534 0.017733 0.010904 0.338825 146.490005
14.665044 9.937002 1.901258 -0.001612 0.170832 0.342241 146.649994
14.861759 10.001101 1.901695 -0.014851 0.110854 0.344159 146.770004
15.051454 10.065579 1.902027 -0.018954 -0.006663 0.345524 146.880005
15.262576 10.140411 1.902343 0.019461 -0.088502 0.305296 147.005005
15.451902 10.206898 1.902596 0.016748 -0.124279 0.276150 147.125000
15.646831 10.274336 1.902672 0.027587 -0.263686 0.171755 147.264999
15.836697 10.344087 1.902672 0.059530 -0.191151 -0.027218 147.455002
16.020817 10.423219 1.902672 0.060309 -0.066397 -0.388512 147.800003
16.180065 10.298915 1.902672 0.026034 0.252373 -1.469272 149.164993
16.200674 10.094450 1.902672 -0.004834 0.103719 -1.605920 149.330002
16.222956 9.891992 1.902672 -0.024009 0.047026 -1.663288 149.475006
16.247143 9.688782 1.902672 0.025770 0.033267 -1.724000 149.615005
16.265081 9.482056 1.902672 0.059984 0.035557 -1.780092 149.755005
16.271542 9.280520 1.902672 0.055341 0.033373 -1.762985 149.889999
16.265263 9.047127 1.902672 0.068306 0.023098 -1.748532 150.044998
16.246527 8.843820 1.902672 0.056178 0.017719 -1.739191 150.179993
16.217680 8.641150 1.902672 0.034575 0.012758 -1.732218 150.315002
16.182650 8.440204 1.902672 0.014291 0.172623 -1.727067 150.445007
16.146395 8.243443 1.902672 -0.006316 0.133473 -1.723529 150.559998
16.110226 8.041581 1.902672 -0.021805 0.082447 -1.720874 150.669998
16.076786 7.841560 1.902672 -0.028192 0.053779 -1.718838 150.774994
16.041277 7.608147 1.902672 -0.025913 0.033925 -1.717027 150.895004
16.008678 7.372157 1.902672 -0.017519 0.025948 -1.715601 151.014999
15.983025 7.174519 1.931478 -0.008651 0.023847 -1.714657 151.115005
15.957896 6.976442 1.965745 -0.001041 0.021510 -1.713893 151.214996
15.932602 6.778211 1.999872 0.004405 0.021543 -1.713268 151.315002
15.905306 6.570044 2.033983 0.006932 0.019893 -1.712745 151.419998
15.878393 6.371900 2.066571 0.006696 0.020389 -1.712337 151.520004
15.850611 6.173862 2.098585 0.004658 0.020211 -1.712009 151.619995
15.822334 5.975903 2.118032 -0.050619 0.017098 -1.671270 151.720001
15.792181 5.718325 2.139991 -0.032304 0.022437 -1.615171 151.850006
15.772627 5.509872 2.148693 -0.028475 0.022794 -1.615408 151.955002
15.756140 5.300984 2.144644 -0.033987 0.022134 -1.615594 152.059998
15.743156 5.091717 2.141193 -0.032292 0.021295 -1.615744 152.164993
15.733442 4.882178 2.138263 -0.023939 0.021176 -1.615868 152.270004
15.725790 4.662446 2.135662 -0.012110 0.020996 -1.615969 152.380005
15.718547 4.412619 2.133212 0.000599 0.020818 -1.616059 152.505005
15.711118 4.162774 2.131177 0.008367 0.020333 -1.616129 152.630005
15.702712 3.922984 2.129560 0.011114 0.020373 -1.616178 152.750000
15.694003 3.713233 2.128370 0.010076 0.019821 -1.616215 152.854996
15.684161 3.503569 2.127369 0.006062 0.020671 -1.616245 152.960007
15.673591 3.293909 2.126513 0.002353 0.020285 -1.616266 153.065002
15.662718 3.084256 2.125789 -0.001499 0.020299 -1.616286 153.169998
15.651419 2.864599 2.125144 -0.004196 0.020375 -1.616301 153.279999
15.639538 2.624921 2.124558 -0.005360 0.019927 -1.616313 153.399994
15.628273 2.385245 2.124069 -0.004610 0.020542 -1.616324 153.520004
15.618847 2.175501 2.123710 -0.003314 0.021130 -1.616334 153.625000
15.610101 1.975675 2.123419 -0.001946 0.019988 -1.616338 153.725006
15.601451 1.775855 2.123167 -0.000642 0.020798 -1.616338 153.824997
15.591467 1.546083 2.122923 0.000322 0.019841 -1.616338 153.940002
15.581777 1.326351 2.122730 0.000742 0.020615 -1.616338 154.050003
15.571896 1.106610 2.122566 0.000591 0.020389 -1.616338 154.160004
15.562305 0.896862 2.122434 0.000167 0.019816 -1.616338 154.264999
15.552610 0.687143 2.122322 -0.000406 0.020516 -1.616338 154.369995
15.542866 0.477409 2.122225 -0.000930 0.020366 -1.616338 154.475006
15.533130 0.267679 2.122143 -0.001342 0.019827 -1.616338 154.580002
15.523447 0.058015 2.122072 -0.001488 0.020153 -1.616338 154.684998
15.512465 -0.181549 2.122006 -0.001422 0.020582 -1.616338 154.804993
15.501557 -0.421117 2.121950 -0.001213 0.020630 -1.616338 154.925003
15.490245 -0.670711 2.121903 -0.000966 0.020606 -1.616338 155.050003
15.480752 -0.880397 2.121869 -0.000823 0.019959 -1.616338 155.154999
15.471252 -1.090053 2.121841 -0.000686 0.020430 -1.616338 155.259995
15.461730 -1.299716 2.121816 -0.000667 0.019944 -1.616338 155.365005
15.452185 -1.509374 2.121795 -0.000679 0.020426 -1.616338 155.470001
15.442616 -1.719055 2.121778 -0.000745 0.020492 -1.616338 155.574997
15.433030 -1.928754 2.121763 -0.000840 0.020285 -1.616338 155.679993
15.423438 -2.138425 2.121751 -0.000938 0.019828 -1.616338 155.785004
15.412953 -2.368006 2.121740 -0.000952 0.020585 -1.616338 155.899994
15.402925 -2.587625 2.121729 -0.000946 0.020789 -1.616338 156.009995
15.392999 -2.817251 2.121721 -0.068249 0.017906 -1.557152 156.125000
15.388614 -3.046649 2.121716 -0.013272 0.021444 -1.543979 156.240005
15.386587 -3.276111 2.121710 -0.010042 0.022220 -1.546864 156.354996
15.385978 -3.485801 2.121705 -0.013155 0.021721 -1.548954 156.460007
15.386830 -3.695597 2.121700 -0.013624 0.020950 -1.550625 156.565002
15.389173 -3.905400 2.121695 -0.011471 0.020119 -1.551983 156.669998
15.392718 -4.115172 2.121694 -0.006064 0.020987 -1.553056 156.774994
15.396942 -4.324951 2.121694 -0.001358 0.020625 -1.553926 156.880005
15.402141 -4.574695 2.121694 0.003409 0.020116 -1.554733 157.005005
15.406355 -4.794454 2.121694 0.005413 0.020405 -1.555293 157.115005
15.409830 -5.004242 2.121694 0.005691 0.020198 -1.555723 157.220001
15.412744 -5.214052 2.121694 0.004454 0.020345 -1.556067 157.324997
15.415442 -5.443855 2.121694 0.002404 0.020408 -1.556364 157.440002
15.417877 -5.673684 2.121694 0.000355 0.021155 -1.556598 157.554993
15.420090 -5.883575 2.121694 -0.000895 0.020234 -1.556768 157.660004
15.421204 -6.093365 2.121694 0.080203 0.017037 -1.642127 157.764999
15.414665 -6.302326 2.121694 0.037242 0.022749 -1.692522 157.869995
15.403083 -6.510964 2.121694 0.021291 0.025390 -1.689121 157.975006
15.388771 -6.719787 2.121694 0.026095 0.023756 -1.686364 158.080002
15.368627 -6.958457 2.121694 0.027068 0.022377 -1.683906 158.199997
15.346590 -7.177114 2.121694 0.020468 0.021395 -1.682128 158.309998
15.320197 -7.405454 2.121694 0.078623 0.018649 -1.740132 158.425003
15.281949 -7.651904 2.121694 0.021836 0.022142 -1.784175 158.550003
15.245746 -7.858320 2.121694 0.007549 0.021865 -1.781264 158.654999
15.208186 -8.064727 2.121694 0.010103 0.021623 -1.778942 158.759995
15.169147 -8.271060 2.121694 0.011279 0.021148 -1.777085 158.865005
15.132499 -8.467720 2.121694 -0.029764 0.019082 -1.707018 158.964996
15.096313 -8.674489 2.121694 0.009787 0.019675 -1.712340 159.070007
15.063104 -8.869096 2.172386 -0.110959 -0.128518 -1.529115 159.169998
15.037205 -9.068224 2.173950 -0.113461 -0.147002 -1.463258 159.279999
15.020254 -9.271298 2.173950 -0.043026 -0.294279 -1.599397 159.410004
15.010313 -9.482026 2.173950 0.021853 -0.206265 -1.798371 159.600006
15.011547 -9.684027 2.173950 0.047857 -0.083770 -2.143957 159.929993
14.844560 -9.807981 2.148560 0.001922 0.266156 2.918728 161.345001
14.645903 -9.765778 2.142345 0.025872 0.120099 2.889257 161.509995
14.446830 -9.717957 2.142800 0.019209 0.054192 2.914104 161.654999
14.246622 -9.666099 2.143155 0.018599 0.028775 2.910604 161.794998
14.021575 -9.605026 2.143468 -0.002798 0.017947 2.934242 161.949997
13.801997 -9.546300 2.143708 -0.007217 0.014120 2.928279 162.100006
13.603562 -9.494310 2.143881 -0.013271 0.012172 2.924272 162.235001
13.404449 -9.444242 2.144021 -0.014490 0.011949 2.921262 162.369995
13.204674 -9.396260 2.144133 -0.011425 0.011868 2.919019 162.505005
13.004083 -9.350287 2.144225 -0.016336 0.021472 2.938683 162.639999
12.803086 -9.307566 2.144300 -0.035951 -0.039769 2.999701 162.774994
12.603882 -9.270432 2.144363 -0.033416 -0.092242 3.080847 162.914993
12.405623 -9.237893 2.144418 -0.028624 -0.112994 3.119881 163.070007
12.205574 -9.209168 2.144467 -0.034963 -0.109102 -3.112431 163.255005
12.006005 -9.188270 2.151601 -0.024799 -0.083601 -3.076053 163.490005
11.805157 -9.175407 2.157694 -0.011231 -0.049855 -3.069827 163.809998
11.599593 -9.169714 2.163263 -0.007129 -0.044657 -3.058980 164.304993
11.397174 -9.171569 2.167379 0.003933 0.318410 2.990249 166.085007
11.197077 -9.138813 2.167379 -0.020036 0.317842 2.974086 166.285004
10.993985 -9.107275 2.167379 -0.020512 0.214746 2.978698 166.419998
10.791820 -9.078182 2.167379 -0.011778 0.121057 2.981715 166.535004
10.585642 -9.049386 2.167379 -0.003824 0.069768 2.983988 166.645004
10.373331 -9.019754 2.167379 0.001741 0.044078 2.985798 166.755005
10.167963 -8.990562 2.167379 0.004187 0.032062 2.987183 166.860001
9.961671 -8.959250 2.167379 0.083699 0.023425 2.907047 166.964996
9.756325 -8.921263 2.167379 0.019611 0.025095 2.901569 167.070007
9.551091 -8.880275 2.167379 0.020500 0.023124 2.900371 167.175003
9.346689 -8.834707 2.167379 0.069160 0.021789 2.812920 167.279999
9.144553 -8.780805 2.167379 0.077326 0.027455 2.750004 167.384995
8.925090 -8.714485 2.167379 0.015293 0.022983 2.739551 167.500000
8.715900 -8.647893 2.167379 0.044363 0.017941 2.671995 167.610001
8.482349 -8.566228 2.167379 0.054428 -0.047822 2.594299 167.735001
8.287460 -8.491549 2.167379 0.077887 -0.095512 2.527351 167.845001
8.100967 -8.412947 2.167379 0.066823 -0.121025 2.517912 167.960007
7.913950 -8.326499 2.167379 0.073003 -0.134546 2.532718 168.089996
7.720450 -8.224596 2.167379 0.065011 -0.134340 2.524906 168.250000
7.535864 -8.110084 2.167379 0.034852 -0.122182 2.523785 168.445007
7.373065 -7.993781 2.167379 0.008295 -0.087100 2.489736 168.679993
7.210747 -7.869534 2.167379 0.001791 -0.059532 2.482312 169.009995
7.053622 -7.745058 2.167379 0.000477 -0.044330 2.476958 169.554993
